150 30
-3.8132253956343853 2.5192691301610317 3.943213389255143 -0.27258574749104425 0
-0.5543169170319585 2.011186600478471 -4.449222414729019 4.492874712575925 0
4.301905607969424 0.34646283369390307 -4.070041085826578 -0.9949688637251702 0
0.010084172939441083 -3.851539799762146 0.3515103061347232 3.5256009379879725 0
-2.0840491790831592 -0.00105749256996035 2.908009004944876 0.9844797694016173 0
1.6130699650884643 2.7336513249393795 -0.9125793812172093 3.0103084724604012 0
-1.0715298016631545 -3.906572877846854 3.321525476751029 3.3471441661138694 0
-1.906689606228058 3.686341749476523 1.9587279187201379 -3.619913904198744 0
-2.5795318177807607 -0.43088434364085204 -1.8127851467904093 -0.1267014961127434 0
3.8808541772011953 -4.275906952046868 0.04548030481207077 2.995860714637625 0
0.9049402571771028 4.05116550372281 -2.359469036673697 1.4813167999397203 0
-2.4272740888113167 0.4364092731242737 -1.132200922845653 2.4793429790372095 0
3.6821553739805815 -3.3014749881667487 -2.738031036097912 -0.21035435946275494 0
0.21071322606389253 2.2536887319183134 -3.5679727767293388 -2.5920884328031994 0
1.521119167955224 -0.2902242622951736 3.9165721770984283 -1.6555760054295443 0
-2.656358187319844 -0.08310699818036604 3.5367930368099842 0.2187277873705914 0
-1.148537795534469 -0.20338960633570435 -4.148701636722972 2.636835141004711 0
-1.2069865279746632 3.0412619487833457 -4.032387943807594 2.942491755275906 0
2.417827558675584 -1.6740479050860406 -4.420808003697484 1.5670019461200702 0
0.6536279937955859 -2.015558565023744 -3.008574677284943 -1.414122856865279 0
-0.4244136070823964 -1.323194706500448 4.074762553158134 -0.1238987418223213 0
1.4165951650178243 -1.1668402531076831 1.4168374664567192 2.1666158663533603 0
-0.368163198977117 1.9739171025813738 -3.5106482111650923 3.0491618229988013 0
-0.7830735379754887 3.657809422479048 3.7252794485029646 -3.1012141288553194 0
-2.8759354271758655 2.1700698562193788 0.4161458600529603 -1.9484538913146674 0
-0.6986336072117368 -0.661917845835519 2.1658205777381023 -4.245566464282506 0
1.2094188177045488 0.20615580925510757 0.11292303097248335 2.6353336982097497 0
-0.7660261940450113 -4.487158074935176 2.112632170132741 -3.5263455170972313 0
-3.6696388873792314 1.8845495435269146 2.9964609786039818 -2.3594334289463403 0
0.21911037088677487 1.7654441716527203 2.7700886809514804 -0.025840513237987528 0
4.099214907026333 1.6462246893787578 -3.0525681137643534 2.1063660981030696 1
-4.0218417839433815 -1.7203258362258258 2.771216569252773 1.7901103498735398 1
0.8333521859103565 -2.383916334682821 4.1836170512426545 -2.1946999391464392 1
4.184738995825142 4.005434014135145 -2.3781390570181644 -3.1749291736955993 1
3.1356079275391986 -0.24908403340437957 0.3546558895559122 -0.90496059852856 1
3.0732904340855756 -3.3200042188687746 -1.2900415615688394 -0.35725859161324913 1
-1.7213970843194812 -0.3330324526102464 -2.029119948638338 -4.461656601014462 1
2.176624806151201 -0.12757294161993005 -0.25424380033729077 -2.0170393514266816 1
-3.268114930822942 -1.408171232660775 -0.451947519631007 3.8598760261043434 1
-1.580164472948013 -1.7962298611376424 -2.8889513384875043 1.237352202061286 1
-3.010487395807913 -0.765884046840732 1.2997340663619648 -1.968361347990312 1
-0.46691408247548993 2.4741033823261542 -0.26200802943838597 4.226504774681918 1
2.6675163070429364 0.20151115201450698 -1.4178588713897358 1.9111066420696463 1
-0.354327334530508 2.5039224138950695 3.061972401131786 -1.253780030547307 1
3.4856005666746133 1.574268928801089 4.4092272064790725 1.1328231642986815 1
2.704311440986172 3.952002183589668 0.008867435345301544 1.9341676575562543 1
-4.134097715069828 3.3810455238307493 -0.6855305952009682 1.9109405055923379 1
-2.010932347939792 -0.21811950518180168 -2.0267785499885744 3.8448748291111956 1
2.670848612387121 1.9551800904770698 0.3776655414038349 -2.3251545577146993 1
-3.1756718525247627 1.428734330587309 -0.5652299841164794 3.5558688655880566 1
-3.876731369911481 -1.2863643448240896 2.763497871649016 -0.13977943165202977 1
2.8154659514733567 -0.6506565027520448 -1.3346849093370308 -1.113773273079384 1
0.8986899378910173 2.053451548324204 4.330758218361686 -3.490084933814704 1
2.8910484747590353 2.344636079822548 3.501215060122882 3.218479860840293 1
-4.435710522489013 -0.7176884969471843 -2.480504346564351 -1.3557713924881878 1
-0.33177403765667424 -4.000504471985496 0.6260389805288991 2.7215343336622206 1
0.3729791888569767 0.9699367629948045 4.054008648043228 4.426278332247909 1
2.9560787549651284 3.9762834137230367 -1.9689146380599731 -2.7687278309323435 1
-3.3466693139754042 -2.426123930308025 -0.11047362599260646 0.5180751084066144 1
1.4324255736350482 -3.307734100649263 1.4103421235394742 -3.5316798091709716 1
-2.483292267483126 0.6737632883023419 1.3172041741963798 3.7924117261050427 2
-2.9742864879041178 2.5400713619140043 3.736809610465872 3.993965993700678 2
3.212780635005841 -4.1969321594743665 3.801056377786955 4.147000447343781 2
0.2938032444930625 2.6725622169920795 -4.061767165952855 3.744163716320395 2
4.2762571304140415 -2.0316726612502087 -2.05908472897107 -1.6140083808046004 2
-2.97809042971155 3.3903083716347178 -0.37247183146833407 4.097523555068713 2
3.682642173847638 -2.7222039947955885 0.9458001239015691 -1.325761050131668 2
-0.526232315676242 1.9730892752310285 -1.1325811720250947 3.644356399408506 2
3.108106428875761 -2.985522251694801 2.901128114123736 -3.262160517876217 2
1.4847206661428494 2.7705191336646253 -2.2618632045854827 -1.152493190376843 2
0.4474270872065471 -3.017550070988884 -2.5493220873884437 0.571335774422559 2
-4.18024075652673 -1.9661956393635562 -2.487251160486174 0.6743204680229755 2
2.770837618081964 -4.0971036523937485 3.9242215926556945 3.138083779802274 2
-4.426051454646192 -1.2454501705914847 -3.6066288322568876 -2.6378568146661503 2
-3.927399428713033 -3.1546232700819266 -0.785256819624005 1.3151481899332271 2
-4.291286687105741 0.22247853091768688 -1.0209027344860342 -2.2354886849381206 2
1.7702631197047163 -0.6565185628764513 -1.398068665841358 -2.6638777212318803 2
-3.2888658721978112 -1.517785101338349 3.256800475704146 1.7752654110899586 2
0.8131126887570161 3.9659525405674927 -0.8007380783465147 1.8038828538897376 2
4.433019472553762 -2.3255737501153515 0.17756385730853574 0.23635990042713273 2
-4.404780837554888 2.975762933944242 -1.193799523824421 -0.10603477284923601 2
3.8395164399305095 -0.372568682088276 4.369646175258324 2.560183805814732 2
2.4429811010731397 3.2957913067595204 2.9493026338656927 -3.3806533371823644 2
0.986533185011033 3.3536446482976836 0.038465847761885885 -1.197891536381436 2
-4.284872764719022 -2.0556430176639253 -3.6998372634521024 -0.9425067638728672 2
-2.005023755751343 -3.4143081452445765 -3.8323109274096754 -2.3938225698127735 2
3.6964210885941444 -4.226046600009392 2.6888644012644853 1.6759572861956942 2
1.5530492656990145 -3.8579428146851344 1.7869197451193402 -3.785779107622677 2
-1.2529755559330096 -0.737104115901907 -3.0241595017149634 -4.3057427033621956 2
-2.8673613984836974 0.1891269295395871 -3.6223692578097375 -3.5890307781469524 2
0.31492584835124104 -1.6466050625742348 4.1413022245899 3.545561371242007 3
2.1337925359706165 -3.058178304427474 -2.6617141930191295 -2.215683407631426 3
-2.7674260293613018 -1.3094008375895458 4.1479006422221385 0.6299788241297263 3
-1.0946147991172264 -2.643427291494111 -1.1832903657925684 -0.3011013767240409 3
3.7683828462804128 2.952842125922528 -2.050110461899254 0.7521955199045581 3
-3.5381093016902274 -1.1746267590565438 2.0274464015080444 0.1390343016438037 3
-2.4059601393122363 -0.44029257344511774 2.885997010846777 -3.481105184451202 3
-2.01314532410286 0.016262020065811233 0.9328767647212075 4.40642067574918 3
3.8034283777016116 -1.0573997496314957 -3.1582885511919914 -0.044675402438009826 3
1.3511549576576942 0.8605900171833671 1.171307559975693 -1.462235218093808 3
2.2675820502798683 -3.945012028471182 4.181555873272323 -0.13130633077090337 3
2.2034130631362863 4.01648334455185 -0.19171182314041657 3.623973339837354 3
0.9320359652593783 -1.9117805209208978 -4.356806298800041 3.3199664307899495 3
1.5513229658635779 1.9084390810325536 -3.3383393929102194 -1.0874842359624328 3
1.4080525788474185 -3.177627158758108 -0.10389446612116104 -0.21097172775907302 3
4.261280114427308 4.09845106638791 -4.145322976486939 -1.6460358534514246 3
-0.6783702048392283 0.8427359646798493 -1.288847786693887 4.1056139417754975 3
-4.143342835197951 4.397709011057447 3.752868374807318 0.7591377077693809 3
2.8687049336096893 1.2285210818670058 3.900309344435829 3.27341163010018 3
2.3497626979951733 -2.8077306427567246 -1.1184956899512666 -3.4472983404989646 3
-1.731108689164336 -2.282457201428512 0.9642379221014867 -1.592915047215975 3
0.8644420811263539 -3.672856330526049 -4.4123174737953255 4.330614169120835 3
3.5604898669344776 -0.3395165208234512 4.223484859040992 0.3312580120116799 3
-0.4966887154105917 -3.557598267840806 1.063671319975121 1.5198012158493277 3
1.6641363335410244 2.8520459490820333 3.838848381396457 -0.2924218977365012 3
1.1659515431609875 -2.3217965328228045 0.7459035880915983 -2.4611430914660684 3
2.5687864942695873 -3.1888850995490947 -2.3184158174546994 0.19900975250331465 3
2.9454869608163743 0.7263483355069719 -2.437155437307884 -4.227724931129453 3
-1.8956446957940742 0.11919059859365111 -1.1843283646678762 2.249506297228974 3
1.1596626275818234 -2.1726945126661876 -2.0063683548403612 3.264335446392727 3
3.1221590441397664 -0.7087166226065398 1.8225214625988333 1.3798719823324432 4
3.5310371152970887 3.019217050327813 3.5323482681282297 -3.835700723250544 4
-3.6058723725633244 1.31628698503913 -2.8911114044551485 3.6834320021344964 4
-1.7055489015383176 2.286478772848574 3.6633363913781163 -3.795594696913594 4
0.3836849170295831 -0.381610128134547 2.46808397299699 -4.361108261067984 4
3.558301060833558 -3.984717961798491 -3.2828800196830863 -3.5121548367566073 4
0.5158586328118135 -1.5488001063299124 -1.8540397996345557 -1.005584214207511 4
-4.1825399731788355 2.2816666683262588 3.697864778437755 -0.5724196850434022 4
0.5556659046198882 3.5473080326059403 -3.385358303457694 -2.048861275643397 4
0.8843510481464778 -1.4666914851275883 -4.442608547088456 -4.2475553739342935 4
4.36697689841592 -3.4585735445162515 -0.6203851068921457 0.10969441372598587 4
-4.026584316790903 2.0935971850687283 -2.2503457504881 -1.0809682497678672 4
-1.1621259063946416 -1.2468142923431706 -3.569679245776146 1.4293940559701575 4
3.3887894084061494 -1.5543571813615205 -0.9665498657910851 -3.0462696047280686 4
3.5008973719569823 1.2958918130846009 -0.023457318424022544 -2.624626442223542 4
-1.538554105019141 -3.964206110287798 -1.8708364983034262 -3.3824661042472397 4
-2.2940158262349772 4.215718810951645 2.526574420482905 -1.9861629455189609 4
-0.8525912378944049 -3.05969884699205 4.10108990314843 -0.8511128019282946 4
-1.8178807571923188 3.596182009751923 -3.103249574860987 1.846916720940839 4
-3.015209560423481 2.5007405991055323 2.1020233343279777 3.431876814210428 4
-3.2862183174279282 4.152543420941312 -3.3163877166314246 2.608973631698912 4
0.2718484748240608 -4.111470579622306 3.237831787154855 -1.7593353432370509 4
3.8785920996617973 -1.2759700998679029 -0.4096603654990749 1.0767776313772 4
2.08279151010096 0.2133721331977354 -2.290381710139459 3.342203276684325 4
-3.666763771695385 -3.5454670378149724 1.792748294199781 3.210147412823985 4
-3.156975443780219 -3.0491999170483775 -0.45076455073293487 0.17098526639480727 4
-4.02519786187947 -4.076881514703898 -2.751709994728954 -1.673780565637232 4
4.035854664528467 -3.6783738900934715 2.065609435679288 4.131070003509479 4
0.07516508299550628 -3.4323316166378146 -3.131074184211629 -4.044208250401179 4
-2.566909339121605 2.367648655029754 -3.892925932923374 -0.5807540806022897 4
