150 30
-1.7285854263752625 0.17452331374770647 3.7090569964712636 0.8720150123477651 0
2.4146789538417606 2.6029866255377376 -2.557349055124642 2.8005578119888175 0
3.335058562282411 -2.80870747540138 -0.4919649278583249 0.2194257885297891 0
-2.0744527894477356 -0.03427073110924883 -0.24613194352643053 -2.32290400049105 0
2.1520957240233964 -2.745432075225235 2.7864785564404904 2.4661249191177053 0
-2.882292779466792 0.34943632717637985 2.794287577999052 -0.06751597326504921 0
-1.955109558501202 2.3484588251588883 0.6708291449471278 -3.274937854251752 0
-2.0727635251864736 -1.8583244161739536 1.6396988411255802 -3.9860795681529124 0
4.16164960451497 3.718928935539991 1.9160338639056267 0.4822724728008301 0
0.6135736086519831 -0.13056881396823727 -0.4299261813596119 -3.4061891829077955 0
1.3833393358372659 0.3296645867643717 0.464097832441676 -3.7792766598155407 0
4.461650076603776 -3.22215782506707 1.7354483956759847 1.1783483725265018 0
4.278074729163538 1.0760172660237675 1.8432984731893067 3.7432933454216344 0
1.9843758693447695 -1.8444278576198536 1.1014363250323054 2.5622522856215895 0
0.9011876901307457 2.2557192485207915 -0.3808233582570383 -2.995764301296439 0
1.2722955717643856 3.8096951356623863 0.355466993020789 1.0440737044400952 0
3.4985721726243257 1.3020421726503144 2.0589202837138605 -0.20816474615682035 0
-1.8392183094438308 1.6433434154896776 4.094442041534505 0.5757941277414378 0
-2.0070245881954563 -3.362130416831421 0.1256708667891424 2.7393766365893155 0
0.6292554399418137 -0.8184645516937831 -0.5822438707440067 2.869009129521825 0
0.5436463255653289 3.189090782683504 2.3888225017282076 3.375858127004869 0
-3.6295299255165183 -1.3109141417750179 0.6611088535108469 -0.8291625753156421 0
4.262595941354412 3.797695147894761 1.9396460902865793 -3.5518161702811284 0
4.217998395740378 -4.041392535624103 -1.7866060537439088 -2.9702172628248134 0
3.4520029212841794 2.429772180377928 0.8466828001311771 -3.6551866718337265 0
-2.3434611327797317 -3.5656672473599254 -1.3958573324183763 -3.2176029892236016 0
-2.8233241081833684 2.2744823900302102 -2.272032075222728 -1.2842364634097705 0
4.076075033213661 2.615238216212723 3.9425641193498624 -2.2653010859860414 0
-2.82051677067787 0.10842244431437176 0.824180063053608 -3.0564228892649425 0
-3.7669582090467504 0.20915796858323055 3.0556787254507474 -3.187169881933624 0
-3.295267760124786 -2.7123793808326084 -0.16522533964370545 2.957905155800687 1
-3.5262422124764905 1.194527030323655 -3.456286534972598 -4.110716332442281 1
4.067264716532461 0.23723849699346022 -1.0228874925564377 1.3280224573052064 1
-1.4686448530196703 0.07477145615192726 -0.5249557288062912 0.05725616014151824 1
4.414229334941111 1.19937374425716 0.5908454701813177 -0.46825799664697665 1
-1.2175231719719877 4.281525853636924 3.2287952114304246 -1.5510930120924522 1
2.5420605539679944 -4.150847090904004 3.3100599432648807 -3.1456015121741077 1
4.3686520431489875 -1.3313492311557855 -0.6216884331242459 -1.9667282051232746 1
-1.9993295442416754 -1.6764474064499788 -1.126243701169514 3.2245568559887894 1
1.2615636888852615 -0.11791981880112123 2.8629739000815126 -0.39353103654767085 1
-2.056943637041605 4.013189811563275 -3.183377630272929 -0.6450309031683352 1
-0.8119677221242526 -2.0902311817659895 -4.1532545393414395 0.8649741168321243 1
3.270180401226326 -0.3480180759944579 -0.026086285669262077 2.92113374936818 1
1.8053713295130165 -0.41481400119682255 3.233405559318598 -0.6007809066852019 1
2.2076801674291033 -3.946352410217028 -2.683477069549372 2.8906822503767318 1
-3.899254879217856 -1.8324835434196651 -4.150753377154262 -1.393252483036737 1
1.0102005793796955 -4.3791073774695795 -4.2676604101546065 3.9851024548111496 1
-1.059641522560434 1.6165822253443398 -2.4314067595994016 -4.4308219454451185 1
3.7217269916244007 -2.1867455095234507 -3.7339759279121587 -0.6614580454055046 1
-3.5666163886700333 3.0047125091079647 -2.518187512992046 1.624293662763632 1
0.4997887639404711 -4.4546012534580886 -0.05226383851200689 -3.36052950717528 1
-1.2178600653924903 2.425176093709971 -3.0740475098987545 -0.8415937450282643 1
-2.019353286477267 -1.8676958067394567 -4.250831020119015 0.031746726597417174 1
-3.7324961255461453 -2.8110616132768267 4.477520315402989 2.634784782771228 1
-2.1371330472182875 1.3054185051554579 1.0074582767673508 -2.0525101897444316 1
-2.45595358112375 0.1255705259756793 2.6196595797676587 -3.701843957121842 1
1.7559251218657561 3.3991448074012482 1.585454164795852 -2.741594404777375 1
2.763172327991718 3.6049639500839907 2.9621544034655423 2.368052465577959 1
3.2160744470793388 -0.5600224063628018 1.4188300417745774 2.0665406794171637 1
0.8026886783003061 2.5672561530927602 1.2500173720670795 -0.34104146470142016 1
0.4852449871668839 1.088128597691426 3.6327249766681193 3.1721304352183832 2
0.6621142179975533 2.1263363335243612 4.314400657440616 3.659202902237047 2
4.3927077414981035 -3.3042238000379993 -1.503287021802046 -1.5075758120672687 2
-3.478931244637242 1.8144220773198692 3.2449176354152582 -2.71568592339824 2
-3.9742349513717024 0.5358319424416567 0.31928403388854554 2.9784004234904353 2
-0.12968472926272667 -3.6375595231841658 -1.8226477660136373 -0.08752712492979697 2
2.7041954511448054 -3.957243319827714 2.3335384005114124 -2.128341566268806 2
0.5418105505842475 -0.6314055812853346 3.65044147805016 4.271585069348506 2
-2.113528797353163 -0.06534041608778662 -1.5176263298506079 4.4001664104145695 2
-3.866313258804573 -3.7248792055421114 -0.7291698087213658 -3.2163209942287 2
-2.3124602761233577 3.9476665279442216 -1.9146157152291061 4.222870261093084 2
-1.168832330750579 -2.7997402236779196 -3.835105955725029 2.9960371389092453 2
2.7265821086569577 -3.194901535044406 -1.6147169192293722 -1.1109336446741334 2
3.3165343314498505 -1.8638618079690148 0.44466436299180123 0.6436821909782441 2
-4.021627502677267 0.6185888803519625 -3.4721290399849214 -0.22316946201786736 2
-2.5566783211618263 -2.933133567788184 -3.1810254193189027 3.4421272914416425 2
-1.8650796280279462 4.209347393653982 -2.393081381142703 -2.6983594301576854 2
-2.8728420862671338 -3.7548796756842107 3.8398384252332707 3.5804020350405708 2
3.2395781342007712 3.9163797923497206 -0.8932093181344353 3.614698870919006 2
3.542355212105928 3.9832238312645716 -1.5238544161006162 3.8249042118562606 2
3.5682499310058318 2.787817189409159 0.6572948268146964 0.5545241482204868 2
-0.005613532423753287 4.470371798585276 -2.7960988285529274 -3.1336472847125427 2
3.627060136573453 -3.5412021204639212 -1.535298964222974 3.5898556911456505 2
-0.27176957246608757 -1.4382396860471949 -3.1589631651247427 -4.410667502197637 2
0.9440016124540666 -0.659345606404031 -1.6570879589778325 -0.45758038106060217 2
1.5252370292334034 4.15765588802592 -2.184339419244339 4.2558416233135405 2
-0.8441643543906677 -0.8549648534731369 -1.8852429625106712 0.02729733416195468 2
2.354852142894483 3.161259603147977 -0.3686121177520555 -4.441177530667255 2
4.3698805307151956 1.3066856959172521 1.317160680747775 1.7537158830643698 2
-1.7603843379442088 -2.8808864905855365 -2.5944160515542407 4.464392727425841 2
-0.7272647809560973 3.643472664122244 -3.4663172881539728 0.8562796973846644 3
-1.5463587334217195 -2.012660607437586 1.6328597230804505 2.8087200412326934 3
-2.0037188629866947 -3.625140021584964 4.371957814875598 -0.5864523876054454 3
-3.189196074683924 -0.33754987730954134 -3.790892485103204 3.984741780868006 3
3.6234823346936427 0.8539732522273994 3.2036020701315633 -0.4466407308192585 3
-3.4273781880033027 -3.307122809094409 -1.4886771202354616 3.0363826200880695 3
-2.6953418089075085 2.279590604594984 -3.509733127376446 0.35594693722338644 3
-3.4418944935112954 0.701627465717984 -3.6851604706550845 0.538774926861762 3
-0.35393847395057976 2.5968159290988586 0.16261006893423846 -2.943222604169355 3
-3.157262031066612 -4.445681834635448 -3.158497797945271 3.5634889472380373 3
-3.5986584491324543 0.14061688657804172 0.3982990088852961 4.075313169379025 3
0.4592060262610489 1.3288704005091365 2.2957512284005372 0.5637435421264483 3
-2.963103802936542 3.551693092070562 2.172808699036647 -1.8973635148559502 3
-3.839479016346229 -1.0394903084853655 -1.0570900411776751 0.9435751247204575 3
-1.5189694187400558 2.644320884312079 -2.775931454082919 -1.1988704960534506 3
-1.9480667606103688 -3.1859143671504127 -4.096006979776083 0.015573382989115925 3
0.8401670302551025 -4.449048143280455 -2.6382098694448883 0.32807286713606554 3
3.8501440647416536 -2.562562659260574 -0.09477800023835514 1.9096386541328667 3
-1.0339033184871458 2.1380939944069395 4.046974363918011 -2.5027424040747914 3
2.5375275878719887 -2.450221613151769 -3.5091099783650415 4.177151642792437 3
-4.414919433248855 2.870493363572675 -0.588586359028211 0.28540714262224187 3
1.4473623711993855 -0.9715243934154781 -1.8882990976853526 1.458094274444936 3
3.3365820780261144 -1.8242881209010133 -1.37573127848982 -4.344274378669248 3
2.542404645546834 4.428838664682451 3.8475714538706054 -1.5150277039415867 3
-1.8100836490376508 3.1686805253401875 -1.1073099549220178 -0.03500956808648559 3
3.655511670731832 3.345422070207597 3.4139794115740076 3.3678379196713086 3
0.2597809734534381 -2.880317903100275 2.4650322676323317 4.407207939215697 3
2.09441026290994 -4.120304811739419 1.1842762183449667 -4.282677783597112 3
0.054376789833575856 -3.8093914198516794 -3.874216193522232 -0.8631993092531278 3
-1.7014791732240448 2.379236926409605 1.8266993229307231 -1.9325544434053232 3
1.1575340375254972 2.7179771739845697 0.7873327779658824 3.30350054414589 4
1.0794383057411552 -1.4379068087686924 -0.7372735853063077 1.9459933518568528 4
-2.4761967022380555 -4.322672313223595 -0.7807191511077163 2.604224593949754 4
-1.3511705561437548 3.8464216666328785 -1.5976199344588962 4.1391061755946685 4
1.1652705062438589 0.09467551727625956 2.0747992942283973 0.40753461254445533 4
2.5156975231280176 -3.3976967335990054 -2.52042334135124 4.004247037690952 4
-0.24584231175822868 2.037576909905609 1.925157008215508 0.7894052214067976 4
2.6791776902624935 -3.457186178892012 -1.2994179582690493 1.660485412473637 4
-0.8337115063283952 -4.026402255578842 2.316721840426312 -0.6322147041146559 4
3.666522138078345 -0.2356230078541326 -3.93678525851852 0.8145119188138081 4
-2.9363895179014143 2.5467283313547546 -0.7269329629950494 4.374773116444437 4
3.2390932132067 0.010954156630572531 -1.8766738504991218 -0.7073245408086636 4
1.225791517513025 1.3790468367916964 -3.450207394225433 -1.282285196744448 4
-3.8535715042612213 -2.3772333830857946 0.212095740641163 2.1868429674254353 4
-2.18876202689551 -1.2631631302394135 1.641401606190914 -0.40007020237728996 4
-4.240758076466187 3.4163607647771697 -1.0009142434993614 1.714056063335074 4
-1.5624518483929668 1.0067958106583483 -4.04097706425682 -4.093718949318888 4
4.34973687703001 3.9599207416465823 -1.8873359548869038 0.3690681271199987 4
3.8506792525143103 1.3732347958543811 -3.089098687001176 -4.3471868457014375 4
3.7748045520281486 -0.45123641240638634 0.11743636688439063 -3.9654994004889286 4
2.5813353499589513 -3.2508158454825686 -1.397828166247341 -2.364993596031831 4
0.7885292857250757 0.25414099043104144 -0.8402573141412027 3.302896816392182 4
-1.1303668439627845 0.0899890557921581 -0.2913085093809138 2.2229972916865943 4
-3.162644711984692 1.12494477618894 -2.8629257782356645 -1.4820824003695243 4
-0.16613078373068357 2.7614060956249196 3.8955168931172826 -3.1915845090231643 4
-4.011402324545662 2.116431468812886 -2.937155357098534 -0.26788823728924305 4
-2.8166370028308325 -1.8343053797863529 -0.8577313092284113 -2.141749512342421 4
-1.2404191665328415 3.5836352402370144 -1.1652521478481144 0.7964249630307011 4
4.106937549465883 -3.3175940086711027 -0.33543253247035565 -2.808207454613676 4
-0.4223488311886924 4.39828412694875 -2.4032269500092367 1.2290824140869296 4
