150 30
3.1393592754172084 -2.889936675711014 4.428298063198244 1.8747264795571363 0
-4.010731071242117 -1.2461539852059935 -0.7760363945234408 -4.486998481458664 0
-2.021391642542292 0.2700020240588278 3.897285979075045 3.236643245773339 0
-1.7467297583767558 -1.7597307676127119 -3.859287351113494 -2.366848570861337 0
-3.4943285144196476 -2.2509088750789696 2.1253356773850145 -2.157454312146449 0
3.758669080529062 -2.1226783207196376 -2.990523444916894 4.272162641257501 0
1.9599631872620047 3.2914353077113865 -0.9749357008768477 -1.7199613926322312 0
2.763715340208382 -2.6050447560705483 -2.4353514901624305 -3.949419014283256 0
-2.9948127168919907 -4.0796424748613545 -0.28328604769865817 -4.286156076200609 0
-4.145199194182517 -2.697922712020744 1.9634561422919323 -1.1823045798255554 0
4.486890624544548 -1.1449171950490062 0.46160731986031334 3.149755258063491 0
2.344592465360547 -0.2387300158515493 0.27645967292192697 4.464600557582737 0
0.08743775235889206 4.005345754713984 3.7979266077107754 0.4036069188067427 0
-3.5149801649235304 -0.3141615531164802 1.7641933762117121 2.973770207184077 0
-3.226002660892787 0.3451388594123306 -2.523138279894942 -0.557055741718443 0
-1.8090120914977907 0.33970697476952416 3.4585773824683566 -4.051086709353573 0
1.4906478404236896 -1.2210407948866862 0.3317881229600479 -2.208319038035363 0
1.1071675740110434 1.2845239672069018 -0.9148882345091209 -2.4083676958822386 0
-0.7201636191236395 -0.8708180939085398 1.0106479794414627 2.964818070971053 0
-0.9862170651311342 -0.8442942977475764 3.822217592847634 -3.1602495450186825 0
-3.7830050514909197 -3.988519187291246 3.724633476833511 2.4513172597970665 0
-3.7950218223022 1.7611002957521484 2.5193709482525857 2.5244710285202316 0
-4.237569351853714 -0.004568222438244174 -2.047921503435461 -1.640541047572086 0
-3.306291140299849 -4.223199298087934 -0.3757974329745877 -3.7529599534439892 0
1.255404854824913 -0.4860166723234872 0.11617436065283049 1.3401539478197528 0
4.271459721475921 -1.5321066086556778 -3.03783396338957 -3.98090077040909 0
-2.741176591081316 1.656415910820685 3.409123445056109 0.2621186644271113 0
-1.3401102845953716 2.4393250200534142 -1.9670166551656023 2.520403059147866 0
2.626195512325273 -0.5051286978711381 0.20599031641935128 -0.16986389415883507 0
-2.0805452886758373 -4.284860201509351 -3.2393029929174793 -2.350346956493789 0
-1.1580069080895767 -3.620422083097231 -1.5787553102290666 1.794501771612734 1
2.047702937201211 -0.3650001719785585 -2.3854924041675423 -0.5844390111378267 1
0.18446827328766935 1.6611213861316276 4.0875712010590375 4.162369149262702 1
-0.6723873423688423 0.931257515801294 -2.0268387825759033 2.3893747530647365 1
2.9146419761076974 -0.43315862901504343 3.8917121835936337 0.23453608810107096 1
3.491506809299751 -2.51640416993725 1.2105290680672498 -0.12880356754150668 1
-3.5385961345152843 -4.391908869335321 -2.184459149446362 -0.2403903303887115 1
3.761472587865089 1.2290959280508638 2.45598203748272 2.274331401006826 1
-2.5221416639657877 0.4279719028137525 -2.190144106617783 2.302506277737547 1
3.7871970331248 3.3809934787321665 -1.2272876417196787 -3.8476833027577104 1
-3.3516706054316447 -1.7671163419152038 2.7721828940030147 3.9284535381524126 1
-1.8423308547106325 0.6219453387831803 -3.663373965962359 4.420413479931915 1
2.19077666519399 -1.529863332566992 -1.1560280274389658 3.5832156107368665 1
0.9706707663527554 0.14107817833472136 1.3876353819803682 2.42044453743742 1
3.778206521609459 -2.6877004993321942 -2.978751339200149 1.5974623989322345 1
-4.485197180159366 -3.854401229387097 -0.00327677104329549 -1.5693627373761792 1
-0.7155495313567023 -0.009743653333429636 -3.074601154225137 3.703766653705629 1
0.6637651790658521 3.4233604378205786 1.3690196385793485 2.25231733674812 1
-2.6935203032633 -0.7093974665698924 1.592026610860399 -2.7006753254681253 1
3.8904960918681866 -1.230382817725428 4.223526137132027 -0.9065924108986347 1
-4.3649625928508975 3.59754667929859 -1.3407234609652028 -1.5810538106256922 1
1.0386015022570532 4.238478614812808 3.129072854216437 -1.047294440326214 1
1.0945830067054692 3.9263621063961636 -0.13858199453436126 -4.248714290449776 1
0.8913570425749683 -3.2464915621276016 -3.3751770734377966 -4.053240119770573 1
1.6053725091507198 0.4170514259979261 -1.2662196314821168 2.526266191042429 1
-4.418600548197037 2.472932159280577 -3.517614213404965 2.9123592879919524 1
-3.4071794561088966 0.15654728315563893 -2.831927179468495 -2.1682117493551054 1
1.491771094574284 2.3662155735342063 2.838561930928567 -4.355549182428432 1
3.9679099260868846 -3.3841119202279963 -4.46011649464268 3.305661478704903 1
-2.6100383576179054 -1.2116906813552797 -1.4195932270251046 2.686017074922103 1
-0.8884035023764936 0.8100491526512879 -4.372942024821471 1.1574790517116031 2
4.445232311050912 1.003579861931927 2.381937614898322 -4.4305517446135765 2
1.6471921580928952 -3.6340983583278175 -1.0297734808030445 -2.0454421059074335 2
-0.5938049559621948 -3.3375717423053186 2.163033734483051 3.898569478606693 2
-2.5613696781331354 3.150593518856435 3.930805309486048 -4.46501638207255 2
-1.170096782705359 -2.4460876858090908 -3.902592972393995 -4.309362439180541 2
3.239393861738407 -0.30824298959469276 2.7853051490132543 1.2215644946323254 2
1.6030527397758054 -1.0991162062947955 -3.846951648623552 1.4591862643352795 2
1.9479019975800507 -1.2148219134048963 0.13874791738526004 -1.664955163825985 2
0.46369685064600863 0.7764183026494434 1.9602903636724607 3.2539672972667293 2
-3.4615048616730215 -3.0641782454804134 -4.486224818637281 -3.8489017131508954 2
2.208944048602619 -0.24892475285169624 -3.0345278037392025 2.12226967947476 2
1.1718263537739868 2.8081232125719158 -1.7414323995099383 0.5073046226076308 2
-3.9059898970764486 -1.800729722706909 3.8191504737970807 -2.439290311924978 2
1.1122384825656413 -0.061312164818753234 -0.8109015427072626 -0.6629528150337337 2
2.602977560795366 3.0491093485718648 2.2163712995884155 2.682303504858244 2
2.351490040412597 -3.4065757218392756 1.8487739350247994 0.6950743401252294 2
4.227684408215983 3.2742830513022962 4.386228430661322 1.3798430295664534 2
-3.6063849834680735 -1.4161049754006951 -3.1081383976993733 -3.4889468345265646 2
-4.174856528517105 0.7815679151999557 0.6066369170919386 -2.9383301912849378 2
2.67646946206842 4.222179513755635 -3.291935073671761 -1.8808335198330526 2
4.216547256460265 -3.788734454171067 -1.72196685984146 3.304170294562601 2
-2.8373131977300803 3.451821613984449 -3.7946633888105765 4.361069744836585 2
2.2006235551355973 -2.996853790918357 1.6142633684223848 -2.431474994971502 2
-0.5534162163550012 0.1139168682136037 -1.147714489529696 -4.048413775030366 2
-2.5435650868446342 -3.585209111535749 -1.3626205181056763 3.433514947370158 2
-2.2593157097844254 4.199510855635344 2.9412529022988902 -2.9879390228248526 2
2.8966185495438586 -0.5839548234883194 -0.8567433365189743 0.8429168258217073 2
2.950311024867972 -4.072167092769372 0.9183343968535023 1.535881461878832 2
2.4286791944641664 4.190414067477135 3.1334616924760947 2.387063374405799 2
-4.222141788633825 0.8180641111277198 0.8811815277453137 -2.841801442042033 3
2.235022445380395 -2.7141251351154736 -3.7295669239379037 3.6244798537215175 3
-0.42960580337981835 -2.2250787561164707 0.3597300145405813 3.3296088882172787 3
2.855308147923232 4.057747234774742 -0.4731427365587707 -2.3217893498979314 3
-2.139771602291095 -3.300806252295013 -1.2022249020527411 -1.3438055438836487 3
-2.9891507864346067 -0.8064118739630849 1.6206527612847605 -2.2894164360786613 3
-0.14209088971552886 -3.185178762123452 -0.32317751373272285 2.464304495805111 3
1.9579815085889392 -1.1713127190244332 -1.4922340038454769 2.6930207130849877 3
-3.073078465513028 0.9274335894144573 2.7891639815016434 -0.996708015378184 3
-1.6907261687434312 3.7996088270445902 0.47268717123374293 0.8275050996230083 3
2.422781889749197 0.3674222373299043 -2.521710235000041 -3.739117864301879 3
-2.0856217014634986 2.097276492013857 -0.15050207705469 -0.844654034649981 3
-4.434016423062547 3.564814902736586 2.972296910873811 -3.5722559390706845 3
-2.617135850145883 3.0719114688672096 3.097642136201714 3.1696152861570845 3
-0.10902038287534022 3.4614365032857943 -3.0189258822874674 -3.985674645142005 3
-0.10741421456307876 -0.04940503427134468 0.550577584612334 -0.20645855021927317 3
-2.615218633850408 -2.1403067752677716 -0.07743415867031078 -1.6715065802071694 3
1.1110613759516412 -0.4033734832571214 -1.2825927157307606 -3.086148531475927 3
3.6796356797799086 0.4949311131644536 3.4275079778029105 -3.7663174430152315 3
1.8278898848693643 -2.6532454095783162 -3.841178533093502 -0.3843787197307186 3
-2.1197132618641894 -0.7472399341690266 -4.321744662684187 -4.19532116790451 3
-4.264885144340193 1.881251298573806 -2.061133421562519 0.08224372297105764 3
-0.7219955741497714 -4.319616161120116 0.7399301108598346 -3.1904078942585805 3
1.6011109595154787 -1.2155511665201333 0.5650292241420997 -2.59729830552496 3
-2.4718541449377156 0.08100902494593065 4.065283577101569 -2.937604195106169 3
-3.2001278041336367 3.969318577841245 -2.298268283344076 -1.224560252597355 3
-4.356572097130683 2.051041485846631 4.221020253756452 -3.872148175224149 3
3.2268250762835917 3.354886849427599 -3.776273080126336 -0.3013236293817527 3
0.25565889638757777 -0.8243030038832646 0.05326922984574389 2.2052587461728845 3
2.1829371769998405 2.7037777866472803 -0.9623139034478483 1.588449117553016 3
-2.074657165494577 -2.122324151427404 3.4094688315570654 3.428466183355267 4
-2.2701351593300982 3.241163851924296 -0.17141382061817267 3.380557423743597 4
4.027946768045381 -3.1138979878700157 -2.388527708548339 2.8106181864589104 4
4.008503958068265 0.02987625497951618 0.9761001757188862 0.5342950185585438 4
-1.5989436688055396 2.33961182646875 -2.3218758667106205 -2.0314370696525703 4
3.8293077254437384 -2.1553429793784225 -4.41558519904276 -3.574830964992822 4
-3.7567436785248534 -4.018247014048983 -4.067616341976891 -3.442909475184863 4
2.746137268793575 -1.6944416048207958 -0.5419945519282858 0.9366627705734518 4
1.3505933133222816 -2.957221598894309 -3.7053676684443455 -1.1955557053742856 4
2.7009979187622637 -0.8774249116917601 -0.6398079848150929 -2.0248777127338706 4
-3.9563354867979603 0.9219583390848624 2.645509231961943 -4.407080632764441 4
-2.9314916393237938 -0.6339238796688564 -1.1319562858881596 -0.1060325624469608 4
-0.7338240044889927 3.8543648609439325 0.13630208673822286 3.4403475535614576 4
3.855293932266964 -1.6959733067607297 -0.01329046251081678 -0.6969586013688447 4
-2.244215203748599 3.3357614091107117 -0.48822860338032215 0.9818076490297337 4
1.6737196892787778 -1.6119209659994869 2.2667675726530065 0.02192676824857931 4
1.5246265159089116 3.9600506485584828 0.3055120044648022 -0.61101070752828 4
2.820277309190293 -3.985216172548717 0.6668994623179506 0.8322481598387472 4
4.307246765169427 3.6064720804220873 1.2545755307356998 -2.222245539771067 4
-0.9654804300407461 3.522901873542344 2.468595220946514 -0.37353443690236654 4
-0.23510386748430723 2.3372967987384596 -1.1443284055673777 2.8882058205145125 4
2.951414229031319 -3.2842057234415636 -3.547138654302619 -0.30292100223176266 4
-1.5114468019629856 -4.115188429972611 -2.5970633647855896 -3.271834528702694 4
-3.874962445929807 1.0529085354599892 -4.390390979348613 -0.3039172746564798 4
0.8306288916783835 4.157353369104587 0.12745448343375387 -3.7599685437497588 4
-2.243727379222638 3.9159258670549306 -0.774760445690754 -4.129563761653504 4
-0.22355745206931632 1.6411724462981634 1.9922629802178526 -1.2769387642232521 4
-4.118540819445636 4.155461648742829 1.548167187579451 1.6168438033708878 4
-2.5279175069581434 -2.1359039788133165 0.5483278949851037 -3.2093066421961884 4
2.4477303422177368 3.366504211488639 0.07650710360379276 -4.34256479827163 4
