150 30
0.793177209695468 3.5794235511847616 2.276168565440159 4.160200926078758 0
3.5237765652723723 2.842537295769156 2.925555219859454 -2.5178283396036285 0
-4.17699372944832 1.7258182358299552 -2.357020357325626 -1.7036809896455365 0
-1.0918715219513269 0.16659850903272566 4.324580919122068 1.2493850496571899 0
1.421563190029317 -2.755348039053465 3.644265522424676 -4.376765384274183 0
-2.0491523814007446 1.967453402410492 2.4003145004823425 -4.460416297059302 0
2.547032485131094 3.152948757974958 -4.110407571864172 -4.456176248717879 0
2.4772040459492644 -4.170021242210228 -2.63745387374498 -1.5347827051102936 0
-3.4497563838039436 2.2615262953893085 4.136805889859559 3.6799380357201765 0
-2.3470360542035147 -2.206745874520679 0.7606389572204884 2.8035469663271746 0
3.2186297805278623 4.048011235028725 -4.2108270851305365 2.3046121299700655 0
0.5551817221004213 -2.890975321350211 -3.7419999047334156 -2.9128707908864064 0
2.4322673982456022 -0.06857064346905462 3.8680745679670476 -2.1587265795934636 0
1.181277590071908 3.0554813062233537 2.6624928841268307 0.2662170030125842 0
-0.35064543336812337 -0.01853934023425352 1.8129203332913808 1.7155058709437867 0
1.614700057979257 1.3570732271099708 -0.21263942878228703 1.9697936507118148 0
-2.0808428513008135 -3.89407799754884 -2.185691654888968 -1.6032065586814541 0
2.443006245227065 -0.17114280930318715 2.6906185225274077 -4.043510269452839 0
-1.5371423303971794 0.09576950557636588 -2.1263114752364203 -2.6282130912394353 0
-2.127340542059489 -1.7053960495833236 -2.4978248112746244 1.4569355957414085 0
1.1416809394471503 0.5170482951505424 -3.3926953853294126 -0.9551954008007922 0
-1.632783963781782 -0.9464110122741536 1.013389967945655 -1.6137159442016022 0
-2.1782287272133334 0.7401701095669404 -1.6584011345811882 0.9568781917105136 0
-3.045341606005914 0.883204377885178 2.9987909406380377 -0.7482690811460151 0
2.932412195304092 -3.0924745334014747 -4.065402641075408 3.4618114984385193 0
2.108704673853478 -0.8222091112905997 3.3208510354275385 -1.192253395057529 0
2.508191139269971 2.7357351084990773 1.2134101956676369 -0.41304903720858854 0
2.5746429917416567 0.8305831679023161 1.9061738922982754 -3.33306774525168 0
1.4804028254304298 1.3191055809804815 -3.7133066835821227 4.110288075185612 0
-0.6692716893235421 0.1221150038196892 3.3933507148720348 -3.0951023811395695 0
0.01132059344487546 -4.166245701730807 -3.1241673067060245 -1.1178401200646113 1
1.8730448566336257 1.0838754019530863 -3.3677888772337417 3.373950136060402 1
2.5002768115551857 -0.3653148091690861 3.6814839603014073 -4.011912074960437 1
-1.0817500076772242 -1.8729701680165096 3.8766043463461766 3.399568409394324 1
0.5150597623829289 -3.742527584722201 2.9568888663628266 1.4489444250782957 1
1.1815350222964134 4.001134391283312 -3.2680261820390584 -0.8340454782319574 1
3.521137814457647 3.4072432178705223 3.968415135729773 -1.654599651704571 1
-1.3972353569370408 1.8279047883777277 -3.192900687902715 -2.987291353987539 1
0.24603844261396401 1.433852600225125 0.25629281333209464 -4.326781103802159 1
-2.0853842969240723 0.969903714764583 1.5962999581618171 -3.5157904858746076 1
-4.066583669868421 1.7595057548189446 -1.1432513275311247 -3.2847938529637886 1
-1.8065531011377531 -3.0092800058432 1.5190641000617426 -2.325387241371205 1
-1.5097325388904133 -3.0110602904520265 1.8356760669131953 1.1545064943296075 1
3.7317418290208706 -1.9437749467181233 -1.3956089791080293 -4.093793514704836 1
-3.5315346164338615 -3.4469840679056905 4.494741388630647 1.2827451746453025 1
2.2997123891617233 3.0500501237627393 -4.436803095513056 2.226416951292766 1
-4.180166759956426 -3.407006071793279 -1.049869111614758 -4.102591193121776 1
3.519072495572877 0.13583010818445396 -2.583927914158063 3.594696389682128 1
3.81977110465795 0.731183667394573 -2.722782661910114 -3.6797175321764253 1
2.459307485757636 -0.6959079508953987 -2.6058637593207967 4.437316970368301 1
2.92918276137713 -1.0313589444526157 1.1649651458324262 0.6031030852412687 1
-1.3108863397329125 -0.6472932978797502 0.3657700273533817 3.2158306789338007 1
-0.9444133660150147 3.1016674273273708 0.3042220867245877 1.4917977987327475 1
-1.1355857175333162 -1.1557712143267698 2.7156239974082284 4.06673447685691 1
-0.7565133779320661 -0.6790997127309949 -4.158724074227431 -2.0748548116306735 1
1.4652435855043442 -2.7920166694530946 2.3936355733794406 0.6992737557585779 1
2.0023078600119324 -2.217051243879564 -1.1746488712374321 1.634248413878087 1
4.164067246720153 -3.306048787625962 1.0523578555924034 -1.616837543957808 1
2.7611702763094916 -1.3050409464675548 2.034968681209876 -2.4864284656573923 1
-3.738255256794395 2.08051898137938 3.2398429871321386 -4.248570186072372 1
4.46940769098067 -4.413665062949407 1.0851215633997022 1.3710485340988647 2
-2.36183951213524 -0.3426769645798915 1.4329090723400748 2.709387326555633 2
2.387329541354525 4.252529828887885 -1.4665562307990632 -4.41540531003752 2
3.743522982326356 0.7870210294472015 3.164250875155885 2.6734412697465073 2
-0.5006220471271801 -0.5303165387115152 0.11302910688381806 3.3390231531295687 2
1.7459223426817057 2.0397687633863173 -0.8540815131569964 3.0978572272346265 2
2.1125948172130107 -1.0420152333307526 2.0319987033335773 1.1662164260212222 2
4.008563202995228 2.643023383290308 4.341865712690533 4.327725229453407 2
-2.1796680108321995 1.2283824778171644 3.303176840580607 -1.2404355219353587 2
3.1062647101431966 -4.430023662001804 -4.3511672858498045 3.4258202876089148 2
-3.8066735310926645 4.404826250815807 -4.130052478874082 -1.3731713332161077 2
2.618685110100627 2.131986422737567 -2.0191132743107936 4.497016281681959 2
3.2975086117529058 -2.4232128988680612 -2.466461356964432 -1.9846527042917768 2
-3.5504797543888302 2.186417424806435 -1.300737400702606 -3.769001618321875 2
-0.22359291070524479 2.336875508838722 0.45955947366529026 -3.8694773097609616 2
-0.1260618087733556 -2.0165958813642884 1.0132015044624585 -3.8832781143456647 2
-1.0639496953742382 1.5858125866157358 3.2793653237591385 4.1195329530973055 2
2.1282392762516165 4.2354422567860635 -1.072448482094582 0.9423353285711237 2
1.632264469392279 -0.08593201016909058 -0.8740081764719988 2.7941617914422174 2
-3.3443708211817356 0.03447838683592175 -3.607199995947657 4.185367119220117 2
-0.8129780635203356 -2.1996236178222923 3.3272247314971657 0.296046556857408 2
1.062594236253056 3.555130037277486 1.262320070352677 2.745988180290251 2
1.507521518162172 0.6826802031993733 -0.09620060728706037 -1.7362509960093235 2
1.3384843394761572 4.149690891549845 -2.885240335829531 2.1057501745139717 2
3.2793232256204714 2.544558989887939 1.7510835588074336 0.24268625902404417 2
-1.700070115922693 -2.052775256104799 3.7958995403704714 -2.060009286026876 2
4.116424879611393 0.14798412009490347 -1.8348711581647843 -1.8163310458461563 2
-0.7431702557336638 1.2497676213178899 -1.3553887505158764 1.769283879175553 2
1.7057462490233095 2.4163784540564075 -3.3156116418775543 1.2957504126801087 2
-0.5143087107144627 4.061830411071601 1.7826805208870944 -4.402801350340544 2
0.29512156607702 -1.677947587728357 -2.529399544048859 -4.265558898010262 3
-2.66830142866902 4.368128566724267 -1.947531019318911 -3.427299294718229 3
-0.28944709703563587 1.8263629845381621 -1.9780029694094998 0.7833801716149564 3
-3.108563207567348 2.0789944782871568 -4.245908261278733 -4.22044564569388 3
1.4452743924772347 2.1278580931948152 1.1431010811364821 1.0316645663441677 3
3.6602036175909336 2.639846822860247 -1.7939017788740026 -1.28318711535659 3
-0.9452724192177977 3.7994015594662076 0.536364503649427 -0.8319693310820048 3
-4.131492147972699 2.6490789819192897 -3.3884669517730424 4.327062267655212 3
3.041744844744288 0.37734023290091956 3.807281735258264 3.1158379182249227 3
1.1733497991118877 4.252355266686245 -4.31805295951312 -3.6689313611354395 3
-0.9229741083868771 0.0318571181541939 -3.6359587767515364 0.8308722835552714 3
-0.17953393912736937 1.8892688656167516 1.1786942440062416 2.3689749871394596 3
-4.341166550802415 -3.9275528904493724 2.026657113622323 2.1708712612075836 3
-3.4472390307007736 2.977966821795013 -3.559241979774783 0.44925191337336023 3
-1.7438594650506987 1.0196440290470732 1.9660602689179174 -2.0849303779894433 3
0.4819635941200585 2.5842878845025554 -1.9831931333996944 -1.2933645152330042 3
2.922023446528078 2.872913103515158 -0.6338629879160325 -2.7300446953373294 3
-3.9916425799013044 3.513014786616887 -2.9403511926630514 -3.967595712221833 3
4.0660340725958095 -2.50992755215323 3.2763058545267474 -0.04298531229562619 3
2.4747574275987994 -0.7635261229919774 -2.119199522570911 -4.368273849246929 3
-0.3269228988597047 1.632573199512024 1.2230424202809844 -1.732463009701333 3
3.8950059450940584 3.2180913286019246 1.336974772650168 -0.11269899193674104 3
4.123822552996177 1.2024318514504386 3.98674003575607 1.1180985042477407 3
-3.9005020837282474 3.3426760155784945 -0.18847187147849787 4.495785005665715 3
-1.2521624440204886 1.2551805056977092 2.531674299312199 -3.8026733645948196 3
3.6665968126953334 0.06344443932335186 -3.605062840213515 -0.2576871471788642 3
3.2332212370734803 4.471227515495389 2.076771033132133 0.5936292432535526 3
4.486204297899319 -1.8321893233487025 -2.806402525318821 -0.9273836573177829 3
-2.2233626339664334 -2.540007695040399 -3.2194692765860697 -2.950564435306904 3
-0.3009476760406192 3.3899755461384546 -3.4292728355826583 2.458701225975001 3
-0.553403974811856 -2.5583054473726583 1.6078730547856854 -0.38869489973328253 4
-0.05959182704534771 3.8253155400143077 -4.45163007787916 1.6028453824552105 4
-3.4834877236063226 -1.0214684053148702 3.628955954666763 3.684249333208954 4
-0.9112767996256742 -1.7283951216011344 2.5159291312447136 1.3963931231528417 4
-4.0053318048154996 -2.596321498408038 -4.3737813756964385 2.9468937465347773 4
3.932578579333923 -2.337413666504238 2.8434964628736323 0.30921529106187096 4
-4.36629118957773 -0.6651372754231059 3.233036442496113 3.9301495030197477 4
1.0923277345259446 -1.2502868415260942 -1.9124330126270006 -2.992031499397958 4
4.130588424507479 -3.1322619643620464 -0.16781785757203427 -2.1357787291903185 4
4.06297720300335 -0.19275458339317675 -1.4698925032486967 1.397813321325616 4
2.766889386652898 1.196405755810781 0.8039163098270456 -2.2231874875174613 4
-2.8860889530686817 -4.165564689072931 0.3902837143271637 -1.6741651425856858 4
4.019549897525251 3.5116104612441297 -4.157112368594993 2.306441367585346 4
2.0793088237565893 -0.37128512286468374 4.224332419316971 -3.9134798655720457 4
-0.7200376191837737 3.052912341260986 -2.43199162771908 -2.1528488159217964 4
-0.14582712460668967 -0.877810925995009 3.4446429828017413 -2.848914817486614 4
-1.0766125877040398 4.0181556277452035 -3.882831878911553 -1.4587112427428215 4
1.3757811013085386 -2.975947011955208 1.5307426510851325 -0.6374706047418981 4
2.1530815218702224 -1.0781451557455812 -1.1052523293813923 -2.8064390711493767 4
2.760949424355483 -1.1466056932594544 4.25490263301995 0.22617948769930207 4
-2.638032120578095 -0.08478147663155489 3.406707286046295 1.5272013884004227 4
-2.7691208014355997 -2.8416778266621656 -3.242110260920864 3.6468002935449215 4
-1.7932410155446905 0.8295055772175903 0.05514093533704134 -4.035116240815972 4
-0.03495463158917633 3.749867692638138 0.2965651390472981 -2.2787731568693017 4
1.3217944171304947 -3.3258216091691475 2.4859858831222095 -1.3461767092796548 4
2.8322449857215 -2.5845295912596407 -3.0349376429993935 4.206271511566142 4
-4.124543650576824 -1.3535180394719735 -3.2169701896824474 2.0419543655789383 4
1.7760053645885596 -2.130750334765116 1.9742767748585603 3.595559276407795 4
-1.6214714998230428 4.121160619986718 -0.8212990573639206 -4.418162893597212 4
4.3563043508896175 1.2281395992459534 -1.1246262035154637 -1.8723014761733532 4
