150 30
-2.5020614601923445 3.3365907555963874 3.8308663177531095 4.152312685183057 0
-2.6395276019451623 3.767498171441294 -4.440527028093829 -0.6036247303795726 0
-0.10429930084653771 1.0056947661238114 0.7480136595922985 -1.3605518499921319 0
2.39317070832284 0.16576189085648918 -1.1157118388568348 -1.2976058145798142 0
-1.8287954858140023 -2.8105089420487355 -2.4207041234428903 -4.265664800162765 0
-3.773328581116126 2.14596266579073 2.080655998814182 4.486641905365507 0
-0.5282169939364222 -3.0752111905861392 -4.1549226285597785 3.231883952577474 0
3.4194332808115098 -2.0332218420699784 0.39874437873409063 -4.324320370591351 0
-0.7718848282705382 -1.8352806053971684 -3.880652322837098 0.2290453296974121 0
1.1590911799153498 0.7185402917059055 -3.5589581420208067 -1.8360231510576825 0
0.899362769624888 -2.107627942180435 -2.026490363893764 4.235451368055851 0
-1.9378270742277257 -2.2177061480359126 -0.27300163555647616 -1.9333704215657255 0
-1.551924470801393 -3.202521294119216 3.944178840079369 4.200540019528318 0
-3.0094842491885916 4.175374761611477 1.9745989455228496 -3.2680887091120585 0
4.142040437571245 -2.8042680996365834 3.509090868986507 -0.5286573580077122 0
-4.281240945334617 -2.659000082580444 2.575146403773552 1.9933985551677238 0
1.7985925271390175 2.515631269999768 1.3784766997548588 2.402758193678789 0
-4.293602168048267 0.6989657231678044 2.8064722989544033 -0.34504613384315963 0
-4.485220445555592 0.13925350714854157 -0.13841452812334176 -3.6235237973919654 0
1.2581565851777141 4.370619625237699 -1.1622351019291424 3.4752086354515708 0
-2.168121632300048 2.722471967365832 -2.517551764924379 2.2402360726150956 0
3.334347783013348 3.804746525511029 2.7596669863829995 -2.7308895318507447 0
-4.480072087208008 -0.27460465418180435 2.381423851746497 1.4161163647324058 0
4.3332186384540945 -0.9094967648743457 4.2791328999372675 -1.0053616531189165 0
2.8235922982822634 0.41810848175229975 2.3107499659951922 3.095582599404051 0
2.437686784262021 -0.135620325103878 -1.0883462147321294 -2.4868073034124794 0
-4.2379959269455405 -3.7212688043801543 -1.1858183835667415 1.3754689238481825 0
-3.49691568859779 -2.2387939947850715 -2.1835138396923512 3.2264903942146743 0
4.184237632737285 1.185894474639709 -1.8432766758757624 2.376311990950977 0
2.849941823538257 0.594737964834807 -1.6106063761303155 0.03890172713729323 0
1.2182058502370379 2.8071215206236957 3.3676534834709684 -0.13142994239223116 1
3.8401435371948685 3.7136408733340485 1.1176966120771228 -1.4147276749760942 1
2.923296483946729 -3.652175410404096 -0.28283847491173975 -3.9472738065597643 1
-1.2505642338257181 -4.180418714157027 0.17789839606841884 -0.45761269833183127 1
0.41722513686726204 2.6652844877040383 -1.8091542468723683 -2.944106037597424 1
-4.039714772087876 -2.8019903778620288 -1.4340265117512463 -1.8463452992209335 1
-1.2107000887905168 -2.3013821973788247 -1.2371607376185367 2.7787865486398102 1
2.6557872562892877 -1.3311455781026833 3.560396041268038 3.7352999018031925 1
1.249899138543288 -0.05926453292916256 -0.7059994110921484 3.586027607837753 1
0.7514976934805088 3.9536941676836643 0.7836983344963013 4.469499899250956 1
3.991860738142916 -3.4947681553478573 -3.381634443435446 2.3114840289991223 1
3.091994694992014 -1.3857466341964289 0.7944171291255534 0.13109418278257878 1
-3.5925545442361937 -1.049318405395963 2.3239403513956813 2.999535517956669 1
0.09319317605323141 4.149927737686168 2.9797904496473753 -1.402929546478259 1
-1.1563864620479345 -4.388675295596781 -1.0739064840894663 0.8575661477685897 1
3.2373619828937237 -3.5000032541367125 -4.114152493529686 2.8323474945102856 1
-0.19494860411893544 3.1498202914757423 0.7742079108457814 -0.508457506656564 1
0.13264170300611178 -0.48052954869918085 1.243213871559695 4.098164197851371 1
2.704287786755127 -4.316477593966644 2.7379003509348703 1.4053472255522945 1
0.653567839270193 -0.7975474579856111 -2.63211892987229 4.245624163080004 1
4.366231179262241 2.7126137736996307 -1.015976278840272 3.6471267779961285 1
-4.014341080693678 -2.785700038900476 0.00949161419888278 1.5516745421177762 1
-0.428230387647221 1.8264786940618036 3.4866267499427885 -3.9745282069516747 1
-1.5115666541789032 -1.2601512434582314 -1.8472801954592413 -2.900757714478002 1
3.793235093632593 4.082674551546123 -4.080909386405726 -1.4237254730644882 1
-0.8308284419057077 3.5871403939625095 3.7386066136427414 -2.225553491225853 1
-1.5277207323644435 -3.755352878280111 -3.4826596326997787 3.9766044309463364 1
0.24045808912732247 1.4475995186254678 -0.06020108538752755 -0.25388081067430524 1
3.5368586491976854 4.186417923129066 1.6906208051970344 2.853763448899195 1
2.4293940920218327 2.3318920646039336 -2.457834235090412 -2.678824310138026 1
1.8904414261899456 1.813975493232351 -0.6795109730163716 3.128336538105255 2
2.405982430060051 4.269145309970796 3.8440926301897633 -2.7863697305498416 2
-1.1365693434362765 -3.752510012653996 1.7051328542154176 -0.4871818807962599 2
-2.3432360434899757 -2.5066551596130435 3.402992517681387 -1.839500089442386 2
-1.2276018287630457 2.7928280890111656 -2.0681653637577497 -4.302612945821224 2
-3.9591344712028516 -0.4523079789309954 3.3421579243551847 -3.0054619814746135 2
2.8185347473501046 -2.1218546291341607 -1.9932192192568063 -2.2830192350595007 2
-3.9293911622396824 -2.321030949696586 3.7984696233069566 -3.7653465621217133 2
-3.7343658442480594 2.7699969181261683 -1.4700739976063035 1.6239152832013555 2
-2.9677493192572606 -2.7418983699380517 -3.0099135959705356 0.6989265427744337 2
2.831778104020743 2.7925697626424606 -0.6780862816572462 -4.381739266289834 2
0.8043649041036829 3.732609061057158 0.9594259917948327 -1.3777480603684746 2
-3.9616052692082886 4.18496976243299 -2.596257944464874 4.276350258546609 2
0.6387769517022519 -1.7773369874964513 3.0508398945733024 -0.46161621983925216 2
2.931352438485156 1.4347555231798914 -1.6087586192759287 -4.373119042955822 2
4.378512972630563 -3.5325941978241095 2.0526285796719597 -2.1030880515597965 2
0.7282667487005582 -0.24454660448441867 0.10520957316158519 1.1341716436088611 2
1.3704370738893055 -2.323268513123138 2.276153944275512 -3.076684433223601 2
-4.219829429234346 0.3980911747156718 -3.6781504959466824 2.4666043445309582 2
-1.2176083908685351 3.5309994776865965 -4.036878616195572 -0.8404440662895823 2
-0.36588964717220196 -0.7321130996679044 -4.175788544384329 -2.62990037528244 2
1.1961498671187045 0.24460949651905983 -2.795420685293876 3.059107395448838 2
4.150900261567037 2.6010910310061934 2.1864755095706974 -2.2979140146517603 2
-0.029740417896649274 -2.5997309919518594 0.7755128545787929 -0.04861068896866383 2
0.9358572698665526 2.23718229499336 -3.6795447827949506 -1.2796418386045645 2
2.3027744813455278 4.4415360713940055 2.2563088783946776 -3.3410921826047346 2
-2.53351996793911 -0.66926399818512 -2.3408938773182006 -1.29218002384897 2
-0.6853535747529961 -1.6321820608590176 -4.463803958330555 2.4610816617785116 2
-1.2120028295903724 -0.19852820905899216 -0.9441735317217474 1.248000317518359 2
0.37881368169307605 -2.1129277803588185 0.23430851285472432 2.514311084641344 2
-3.2907264493287727 -1.7830251204054308 1.4296066541443246 -0.911185890058563 3
-3.271679155608524 -1.6406981698266931 -3.38704539735124 -0.6839445027341907 3
1.6126441278398191 0.9120704030584945 -4.452411149843361 -3.7965068237649686 3
4.475029199066298 0.5482313082913677 2.9682756257754868 0.1509224949991268 3
0.4385357738386284 1.2811458613969995 2.6005040621102613 2.151998151898314 3
2.0411043357021845 1.0423218556664575 0.2501942192069252 2.0456592835659384 3
0.7965005847576405 0.945038821411821 3.994406212600611 4.035834821075188 3
-1.306930853718348 2.496437951656628 -2.2101169102713705 3.675454917501054 3
0.9414298280995506 -1.716923056738705 -0.2607685878263497 -2.624550174063047 3
-2.289321013102554 -3.8586061431452903 -0.8086706946486076 0.7553800486871259 3
-1.3704374909958068 -4.384367334176368 3.500994198978068 3.6303681080378882 3
-3.0092235602553314 -3.9567021082400005 0.5379783771738138 2.7644533856300684 3
-1.9965965950159519 -1.3650120509489003 0.262038236366279 -3.64430642309606 3
0.8210008025069088 2.4751181703249774 -0.5783521448680601 1.7924973360603285 3
1.1227902044614773 -3.0628716000989957 2.2909288707405056 1.6006817192270395 3
3.5438638790905816 2.075321394060319 -4.481056361686851 1.6410372555259933 3
-0.020087826622188998 1.2927619745189474 4.3201912333351355 -2.5829652443997415 3
0.08527584876680294 -2.986126577832481 1.9189529064761484 -2.7207979452104505 3
1.2731829528404857 4.393509866665442 2.398403605663306 3.922172605432932 3
2.432964268058323 -2.866669117924895 -2.626189503547936 2.964065591604375 3
-3.4220788131736524 3.873076586889684 -1.8067172818573207 3.4263449963307275 3
3.6908768966606256 2.242661936493889 -4.214026012680412 2.2970763879121447 3
2.344783863750673 -3.214117819086024 -2.561743803582676 -1.198017507221615 3
2.8074977240168195 -2.7694863380207253 -3.0806194701418264 2.7668792035551837 3
-3.1072940141279597 -0.8362893913067733 -2.6905152623894515 -1.3087899839582162 3
-4.496553950692761 3.1096603454742886 -1.209620159482725 -2.09229386250173 3
-3.0498079199045343 2.1532566140339444 -2.484696414378702 2.2284911533061456 3
0.7461973433107228 2.4323400267431503 0.6964444403932982 2.4647668128759985 3
0.8999385006391739 4.153207372615548 -3.0873999375939363 0.40557997240679344 3
-1.0819944952360445 -0.026906849324503934 -3.782653811400501 -3.614296540145347 3
-1.4549521592442307 2.1847566736577804 -0.6122496386575083 0.830248612748262 4
-1.795537172039047 2.6890764711000137 1.949781551070215 0.6145974076741256 4
-3.7264519860317256 -2.379027261013446 -3.8065428891513586 -1.1079337105225422 4
-0.5564799665445581 -3.3655873218413896 2.141346857960377 4.054960668908761 4
-2.6727121729096486 3.073884676768216 3.6479394541534385 -0.0756872686462311 4
-1.1481079057516337 -2.5318644348810926 3.919734767934557 -2.237550495904454 4
3.1151954020568873 0.6783719855323692 1.0522633267755122 2.365368387262648 4
1.2034482956160344 3.5003568930850455 -4.48489107981681 -3.760919186372612 4
1.925631530713964 -2.113985985739694 -1.6093898201121082 -2.552851764603544 4
-4.412625225001662 0.44517113576091405 -2.9271825852654856 0.466563833519238 4
1.8677360276279664 2.751251486760207 1.256658400824763 -0.13475477811951453 4
-2.78409299221537 1.2079284842217217 1.7960281174242354 -1.6364797605464005 4
3.9469764069845112 -2.176322541792196 -1.2062611581387426 -3.303034892406245 4
-1.8676758633230943 -0.6692038916469712 -2.547503907593941 -0.11866926505101938 4
0.6406074143615778 4.410499979907635 2.937646604062982 -0.2380339742452745 4
0.7937965143416126 3.4910945726667615 3.448589238221954 3.93270425376069 4
1.4059015113965836 -0.24499013300993833 2.4431212730938214 2.5111218145674035 4
-1.7500632324614518 -1.348383797129732 -4.368205772095493 1.7357035379931625 4
2.49420863022507 -2.902418574118977 -4.191116712556969 2.2938714517987537 4
-3.2585817744349885 -2.5825953213499355 -0.6756298469620744 -3.7472325435644307 4
1.5202209612793625 -1.1573554768609788 3.8739498779256496 -2.8331353864608575 4
-2.641475892754524 -1.523660371127983 4.143464130487786 2.5566208900433454 4
-3.7653339382637534 -0.5711800187720518 3.804243513135207 1.1340593624288444 4
2.8009438427987585 -0.4878678492837826 -1.333983570669838 1.79208817390323 4
-0.47420861406066284 -4.2522438287007365 -0.3556274156563326 2.1117107428172073 4
-1.9892009513308841 -3.8234655010202188 4.083759157781553 -3.9893161668746195 4
-4.070354605977608 3.2722702186599895 -3.0099931400717077 -0.6267760423757791 4
1.9288583128094492 2.97393930338617 -4.252963366221815 -1.2635745890941243 4
-3.3038478324522402 -1.2124218640947566 -0.6913976070779406 -2.929241553597524 4
3.718957880842362 -0.599508981111538 -4.122105896001814 1.2158628806614131 4
