150 30
0.4393215353459228 1.9367042973517754 3.6589994929906107 2.466425994287749 0
0.9248703846447949 0.4039486469720718 -1.5016936317422227 -3.770087490108029 0
-0.6871068059498576 1.3130470175999052 -0.834829457275734 -2.4098927204615155 0
-0.5617150986357674 3.525957007038718 -3.3076112871781533 -4.019155363918573 0
4.172964844509264 -1.0490263305680005 2.030349277895209 -4.397152872374721 0
2.6255253427439813 0.2600542777761403 2.435226736524986 -3.1774801913966244 0
0.6124010498453908 3.8303697446339493 -3.784301256719198 -3.6935726918525518 0
-3.8606754762190176 -3.7158363026861334 1.54843026618523 -2.291695111324397 0
-4.318034423037068 2.993578609931442 -0.715144799879114 0.5163191219152523 0
2.5034107585486542 3.3301093342213726 3.2449605644591437 2.0433983644019547 0
4.307565080094876 2.692427077950512 -2.0670488528515683 -3.3166548063798515 0
-0.3466857397236134 2.524762586578099 -4.001631116209219 -1.7856122896715176 0
-3.435530167179601 1.2592891919477145 -2.1409366568428956 -0.39473489879568313 0
-3.2098204133185826 4.002020253446255 1.649532019929124 1.7606290107497147 0
0.19663489575064508 -0.7680425400852877 -1.9483303807605004 -1.0806573968989155 0
-2.118999491058357 2.46810320490795 -2.8696413443678725 2.596909610758668 0
-0.39464701005106306 0.6159055398178366 -3.9883673121008374 1.772975175524886 0
-4.3308917960728035 1.0587194736828935 2.5082585634699304 2.496668056638778 0
1.0088615045017928 1.0524059718728123 -2.1651969208918054 -1.135681758606947 0
3.9937327066316177 1.6363826919313507 0.7883967167675012 -2.0446028781797967 0
-1.264428894835926 -0.5667124158059269 -1.1623248070390015 -2.7265114783292432 0
1.7786807633453838 -3.9579707553365715 -0.3612970461959335 -4.098489288712973 0
1.500900439011009 1.5357408265634347 2.698162961135562 -3.8073919771203055 0
-2.606556950335432 -3.33966332110632 0.16951633948373435 -1.738709104093235 0
-1.6611448416823453 -1.2266030615163965 0.6978865394823792 4.134900067500826 0
0.6317709337609168 -0.5525863788391169 1.3101322001040347 -4.181738078200581 0
4.395364542533036 -3.5815967032677474 -0.6263780444274489 0.09015167086425202 0
-2.6201091951464877 -3.0482143390350336 0.32559745233106796 1.6325325954345409 0
1.3779749291885859 -2.220375577141961 -2.001635120414105 -3.340254910803118 0
-0.3032030442932434 -2.300169671985575 -0.9659189110761509 4.107651505163539 0
-3.0692737471903224 -3.506623729521254 -2.8158219742423976 3.6358555943541333 1
1.4069663051874608 -3.256353437862476 0.39425355069593715 -0.3877972051881077 1
-2.7307587448795188 -1.1814734640513231 3.4383726920690063 -0.3725643440827272 1
2.888939068631416 -3.6260885178624487 2.0175087295038896 -0.9087721046720819 1
3.041504167489235 -3.6351143289543324 3.6363995361086197 1.710225181721046 1
4.288135185120562 -0.2821391851706858 1.7965984882546504 -1.55051638598593 1
4.2908497937130345 0.9436096777054137 2.311007784632003 1.2245494990242718 1
2.153372214584715 -4.147309869711114 -2.339817539582614 -3.055150597632692 1
-1.9547373368123138 -3.41823094908148 2.6675232706559857 4.132499427317002 1
-1.8347382223006956 -3.4314505294118036 -0.3767505546596144 0.8188574879131643 1
-1.6381513854542158 -0.7716330493679703 3.219503797741991 -0.3849889198152865 1
-3.9226725328609406 1.7322490743301786 4.0668702914946255 0.6817604584038518 1
0.5994130878591764 -2.1114945815449913 2.8869040863118345 3.679593465714645 1
0.20923248120029703 -3.654535403174025 2.8397143689171194 -3.0652698289593965 1
0.6835184600056134 3.8636657781859265 1.1600859515553035 -0.9140916724229063 1
-1.6328794279380872 1.5066934196731352 -3.9355834317898886 -0.6837097329914225 1
-3.3138192383604705 1.9469448370670899 -2.171843397995331 3.1413447758565973 1
-1.89534516347519 -2.8512777419359487 -4.200258361079734 4.130844496771262 1
0.7786164132907484 -4.319032084312558 -1.3016803637526335 -1.2896379863771141 1
2.9604602629562677 -4.457740714267077 -4.353043475846629 -2.8329090728743447 1
1.600348831166071 -2.0699282412705164 -0.8886644927675215 3.863622755724425 1
2.116746199103354 4.159696906056944 -3.603465628008558 4.0077138013117155 1
-2.261221708320378 0.6854160097605321 3.3253967749196898 -0.412538427832034 1
0.8283773814465512 0.6502671521178603 -1.5596920640856595 -2.405302836488488 1
-2.4922653062344353 4.074741103652865 1.030182358291869 -4.202328676720449 1
-0.4758715924413538 3.1176780522401506 -4.359545419978546 -0.6408384975158595 1
1.7953134778575388 -1.8230674423037971 -3.887333334227518 -2.232531105785164 1
2.824180377322295 -0.9314483323771382 -2.5095517618852456 -2.2212792564943324 1
3.4299287740004543 0.7314558537227283 -3.3205029190626805 -4.391673993921112 1
3.435618256693675 1.732784310699893 -3.460641325751267 1.0663223356147309 1
2.0272885183767646 0.011919437340320305 4.268305915362452 4.413105014048045 2
4.104752712509015 1.2959117930667365 -0.8185131416424457 -3.033410165580552 2
-0.6853045629763829 0.9575389271513192 1.2488558162987635 -0.08725188106136572 2
-4.327261215215998 -1.785826649929056 4.404687995559883 -3.912262135633978 2
1.4415618374341652 -1.8893015351060034 2.549109944824318 -1.9044135240165547 2
1.0621388609895739 -0.6410816914881048 -2.327232419310834 1.4625411437940836 2
-3.280733421997948 -1.815459066395723 -2.28543133508132 1.4927320580326893 2
0.6296841963113838 0.817854851233559 0.15577665482059888 -0.6831991040773563 2
0.6689272396462093 1.3788073787142028 0.4921902779527708 -1.9165363207233324 2
1.3689294300152 -0.6172340810942344 1.8591723564568103 -0.7662881759979238 2
3.568919362659567 -1.191943169568931 -1.2550899556269697 2.95791223100164 2
-0.5772156726093587 3.527310195141049 3.824702207578729 -4.085934202014328 2
2.755745901414772 1.8349972518632969 -2.40635706453211 -1.3633256745669309 2
-3.59795801418929 3.775343523702062 2.8346983143322264 4.369422848789678 2
1.9281716959420028 4.489623059110799 4.220745342033166 3.644535109949342 2
-3.1549652580780565 3.3131345163139283 -1.830993614423731 4.428101190730267 2
-3.0375635879126266 1.0400360785545977 -2.255219630491939 -3.54684460605991 2
-3.3856201543550264 3.1320740639001095 4.0585734994985465 -2.3992177007871334 2
2.7658706285250965 0.6219066475313398 1.707914385699754 -3.974792769174702 2
-0.835350324966003 -3.8774970409037577 2.0763818921472854 3.4354819110045574 2
1.7768589583010728 -0.4181158558973803 -2.0480679408063374 -1.0884879353031431 2
1.9985003952331313 3.2974409333576626 -1.1313343501117554 2.239094317861198 2
4.279693545025973 3.202230081533499 -2.3597348171486505 -2.953322108571213 2
-4.394573242334983 -1.260197419694725 -0.4563751618103573 -1.7597843336041246 2
2.069915061816522 -2.9553329046470354 3.0527021003278714 -2.360323565859251 2
0.18932945583716354 -4.010958104946718 0.021505117403353036 3.9832523972813734 2
-2.700031275932399 -4.333303849854474 1.2059792797019466 3.3056046491621833 2
2.6432793302167856 -2.484677807456579 3.961887204192906 2.2568837569771674 2
-1.3918348737278756 3.852731641190318 1.796175542022762 4.2116900994380435 2
1.839729617311795 -4.21344963421823 4.449607106829115 -0.43360485597216325 2
-3.0177525915187853 1.0933056134978716 -3.862171996342125 -1.8648537170353303 3
0.6950572974375083 -2.3589646076294226 -3.128807648810426 -0.7426226268358938 3
3.9079259813231437 1.025693603693064 -3.318396043740696 0.937060236187938 3
0.32069522722462473 0.8091897871911389 -1.0547274675793132 3.5584729585938897 3
2.0710982656509267 -1.6924950406835833 4.210152046186517 0.42196411502479947 3
-0.9160104400551731 -2.6114062592239007 -2.0265878711916305 0.8300737688565312 3
-2.8242629470769747 3.999351509855402 3.5708504240196883 -0.8393998874782655 3
2.155957155443588 -0.08587072244189631 0.46870449022773764 -2.0551250915446873 3
-2.453268348240091 -2.2107916640664635 -0.4010026549497572 -0.8845781815836122 3
-3.9777375570851197 -0.590250369976913 -2.264278814253261 0.05279745442777517 3
-1.6938370620530767 1.7670913993391353 -1.706572566181697 -1.1426862250732728 3
-1.100233446367672 -2.883566901963287 0.22473398028837832 2.2553552063608873 3
-4.277891444478019 -3.8947533168307626 -1.498432807878522 3.817428899586872 3
1.6145349614871058 -0.4167283989955922 3.2608669215231214 -4.0617873362202435 3
0.3292128999784998 3.570041637363079 -2.217217281688595 -0.48478038606718266 3
4.4130505265703395 -2.5479271404137345 -3.5583490013177332 -1.3637160986985264 3
1.4677038279009071 -2.1300986093656444 2.1608777305591422 1.6246303302854328 3
-4.314141004808442 2.325407884525273 1.1014598570940435 1.8947556245011108 3
-1.6198456425977894 -1.0488249524529183 -2.6556868173626844 -1.424716966217411 3
0.7948540219824515 2.979436097125714 1.5861823404971658 3.413112867281944 3
1.1608365923203385 3.3538558990265575 0.3931024844528568 -1.9557031414901704 3
-2.038121686659278 2.6824215052130733 -4.227882677946157 1.8930314607679202 3
-2.8292765012464303 4.075124912747501 -4.429043068424036 -1.1458883716110404 3
1.6873944874903377 -2.5604309059779737 0.2748349310650362 3.7990031559047375 3
4.026335314400319 2.0777022609314204 -3.6945490947038993 -0.8465191022854465 3
-2.2145252166447675 -2.580192203692662 -4.28118120260858 -1.4165011409256871 3
0.16380642537596923 -4.2690355375092155 1.1000795295581542 -1.9883884659426148 3
-2.6327693210300156 -0.6778307812364437 -2.6122504530992843 -3.4586709000561573 3
-1.13247017699197 -0.32782118071670374 0.6942621961830763 1.757430053142174 3
-2.0013416433474127 0.7810591181235191 1.5476142653624012 4.039749186484566 3
3.274700453309083 -3.442213296341702 -4.475671074958476 1.324769885046324 4
0.15641196438702754 -3.31138704289362 0.903530133878756 0.7986564897325936 4
1.9517371307333433 -0.9354626747343563 4.1649328785621815 -4.348154939669643 4
0.5887918067265807 -2.8504814740732924 1.768341876313051 2.823107847316771 4
-3.196370165909605 -0.10749347415940891 0.08826476959425722 -1.4943161736287176 4
-1.2994853593503994 3.9638875072753175 2.6175614690466444 -3.6248136693081783 4
2.3879272842626875 2.237972578654926 -0.5216792604306726 0.17957137113754384 4
3.633477657713401 -3.749198081021833 1.7456076984109277 -3.682028411708315 4
0.46973222930165903 0.7602846206019198 -2.4501644861592515 -0.8072859357888693 4
4.157427406925061 -1.8706722588670603 1.1096520571811759 3.4826470309567576 4
-2.3325409807609785 -3.5973545196105197 1.0694355141723884 -3.2988467615855903 4
-4.352133333676732 3.8657638511297145 4.3252211950855415 3.3460716127994363 4
1.5292489193181904 2.56637620820824 0.02448685030791642 3.8011318361696973 4
-1.9644290482144582 0.7776914956769402 0.37242714381422193 3.809754611002468 4
-3.9244026049111698 -0.12935163658839388 2.9690763174300887 4.2145776926486755 4
4.297456257700021 3.3885472078493173 3.7780452970034255 -4.175695643142875 4
-1.4565694334683892 4.154131390873487 -2.9270519625515403 -0.9977879060893281 4
-2.4146853617591595 4.043869401741133 4.069284275658787 -1.7997397247166338 4
3.9723993423584876 2.6928232861715253 -3.0557912050115905 3.4767419947790392 4
1.17403143180112 3.368591699624523 -0.4824502606511738 3.6708803491889346 4
-1.8628174394298296 3.1404919978162638 -3.0579258031187107 1.4500576035728954 4
1.0608902272577143 -4.380868280169905 -0.5376262245345736 -3.8116190787274316 4
-1.374898338610024 -3.166732251466515 1.7681683018725054 -2.273411200147617 4
4.336464508364279 -0.19466723664010743 -4.14346029678434 -3.9605013157538407 4
-0.023477710512035732 1.2552526475885124 -3.950293166398914 3.669596617365355 4
-1.1827385448334424 -3.2678975548296094 2.158955260461909 3.5825612149236155 4
2.8990595987482095 -2.7913687928751783 1.553240801668692 0.26045936127794844 4
0.10187084291810422 -2.4811467392273467 -1.7599827208735956 4.481660261958061 4
-3.6193996395536936 3.25972365679515 -1.240298469545496 -0.26415945707481414 4
4.256275401208173 4.147511922567001 -1.0957934256888442 4.315742364019127 4
