150 30
3.360864625126346 4.216865965388388 -2.840110392754773 -1.8097981758741395 0
3.3227508619252797 0.27770122400039077 -4.062766012847753 -1.9998108853586691 0
-2.405445048204384 -4.397410761503131 -3.7520134538415126 -4.237678565118685 0
-0.6257806353675854 -0.8788377596637166 4.181603237405455 -1.5624250371765598 0
0.20407204217312658 -0.19447383777837812 1.6965518329797344 -1.982561745066278 0
0.498208264400974 0.3904741578828631 -0.5374861130199962 2.8735446037785364 0
2.3480601804263608 1.9113711667388213 2.6412053786900325 0.234249526752083 0
1.0771388649309563 -0.6651740657142704 -1.3155160996725241 -1.5731593832573343 0
-1.8983247478372105 4.264697170804016 3.44766075677747 -3.4924044053146917 0
-1.4960335904039668 -2.5307904526215483 -1.0546874399071833 -4.1331620978372685 0
-3.9077245099150972 4.345834918980904 1.207576410048971 3.9796255279669115 0
-3.3492985836747136 -1.6008228611623858 0.6201040143629817 -1.230968718336943 0
-3.8615143972482113 -2.4770705492875913 -1.6838677842043752 1.827683133609511 0
-0.9572857655075557 3.565305043925717 -3.1723580040949493 1.98992632916601 0
-1.3908454920191964 4.3627449355674415 -3.0334302120473344 -1.9857386859414006 0
-4.241411559330341 -1.3348373735689192 4.249611996568644 -1.5195214764961409 0
-1.071369997165323 2.3774411822936408 4.150212222864645 3.59282328848203 0
3.949235219796946 -1.622791831796751 -2.799903489845825 -4.183578141282362 0
-0.6077166048862573 -2.068688325676812 -1.1334587778360086 1.7343491475047828 0
2.70950297693755 1.2441492551080922 4.0544296181472665 -1.2793329811431782 0
-3.881788798876585 0.932800287322001 -1.1824009866806104 -3.2520681323113925 0
2.6601710258607896 -4.211926592167829 2.3086131006227477 -0.28509695105004274 0
-0.4009696010466026 2.6115528720445704 -0.16581422091047027 -2.8093097529270192 0
4.397368663023563 0.7556808915087004 -4.010200488299939 1.6787922051858408 0
-4.149789321219103 -0.4821938323388767 -0.152796686495566 2.9461594966512967 0
-2.8064473623601716 1.1435008216972355 -4.2500154016255784 2.9936470811862312 0
-2.562139804745284 -3.1412690310825324 3.0547694541946413 -2.004201401835706 0
0.3252987601161702 -3.596518851979056 -1.5262005943325727 2.0330915590157845 0
2.0804258878259647 3.956859354970573 2.143059956546619 2.6519331032822215 0
3.989863660168816 -1.1273534548400144 -3.7441586730602365 -0.3940443099153831 0
0.8617522128662323 1.4578444104702093 3.157009106548315 4.4028188610015775 1
0.09522409727943304 -0.26196676520535445 2.012705188546451 2.773721628555785 1
-4.420149429733643 -3.888932367911677 -3.4889828453765466 4.319044707176042 1
-0.5866539445477008 -0.6165573220767533 -1.5711947985177246 -2.896966597706674 1
-2.827046830322061 0.26734785031714114 1.5319384950960746 -4.440642811075577 1
0.8917762764612546 1.9883202001882512 -0.7040052429780205 1.7678362765963325 1
-1.7424372902468983 -0.8604408170271114 -4.45905824045498 -1.5830983627479025 1
2.9050417844777385 0.784173161117675 -3.2161954579177303 -3.4239268119583963 1
1.8586398906491066 0.09524022013964195 3.9537511602586575 -3.829710588032312 1
2.9705549489380587 1.9861021033183972 -0.22838070922228926 -1.4710559459151122 1
3.2963551459348266 -2.6693120506320853 3.8956510476899964 0.7437395016427039 1
-1.813186338447373 -0.2177638014260347 1.6174161527616917 -0.3390362874697287 1
-0.057559518706788104 0.9690851764600883 1.4925561736524111 -3.921555102897475 1
2.8704201932932762 0.24951454577920895 0.2244468490567343 3.3201057343142377 1
3.9528372242148446 2.010450734885464 0.2601344373035591 -0.8868942025352556 1
-2.8911868589891916 1.0775287493631807 -3.6903056468641124 1.3749884746545011 1
0.5605504556547012 2.3706415317343175 1.6580157141064578 1.785502775158024 1
2.7598170169190324 -1.8123731770248 -2.281155021297479 -0.8300330653826108 1
-3.2545376395551875 1.2185812276097734 -0.20538040336341923 -1.9582488266119893 1
-4.425224630106866 2.5972493804810046 -0.9737751793672855 -3.983259165728663 1
0.018696533719396058 4.474067953828698 -0.0055830242176379 -0.7409185152714947 1
4.3563658263613245 -2.4562923607505214 -0.877908976777753 -2.762109787244772 1
3.149615611707487 2.8153578207435443 -0.019740563485999285 1.332135242926465 1
-2.3747906677297537 1.4116796478501683 1.1980144140233775 3.1893325572407707 1
4.294539013934333 2.0841166332216843 -4.329994564456847 -2.689636682349482 1
-3.6393447482920216 0.00545495349884384 0.7684032991990999 3.8621440084413026 1
-0.3387592931578113 -4.493304995009344 3.303666762990173 -0.44442240998253735 1
4.4004504641438 3.398579470575855 4.411046738098904 -3.213978180368577 1
-2.5450996237540715 0.9483975118135523 -1.6838507777009757 -4.491649847939314 1
-0.25242191517663826 -1.268019766860478 -1.1757994904000089 -2.4045548803488113 1
0.263632070774971 0.5834079961536432 -2.1616144694215813 4.175759326515536 2
3.001941011242714 -3.9346800976350993 -1.3833806894369296 -4.456577334313151 2
0.9572996084167946 0.03251470446619875 1.3479776490219866 3.9723323445729273 2
-3.057311764570007 -3.190990692993545 0.0540387411739629 1.5764719538066396 2
1.2405677581942158 3.446155263251688 4.3099001659524845 -0.6468544021771478 2
-4.204207702344857 -0.6478028867869188 2.402586462946169 -3.8661707279899296 2
3.4010376593534613 -0.21143628463200403 1.0386497054848436 -1.0326054709056778 2
-1.1918651620581653 -2.3341477332682943 3.5638453062611397 -1.7129582603350888 2
-4.065914005527332 -2.9234989871176507 -2.0625465022425535 -1.2326202099695633 2
0.5109788939971449 0.2707693467561033 -4.2203373534626785 -1.369214295598462 2
0.39799395555299555 -1.8085252624495516 -2.6957930607044855 2.842030066251552 2
3.2888162809301607 3.122518891919426 -3.5899415887002046 -4.21653908491555 2
-0.3086967003254064 2.2622237710722186 0.056367954837962864 0.9536539405462179 2
2.552136054900104 -1.1871283632345873 -0.1659699690316323 -3.2375873154993333 2
-2.904182094293893 -2.224165467140713 0.29939113886883717 2.7478738001353777 2
-2.3661804640855357 -0.9729399433540111 3.1595263409695944 3.515554364644605 2
-4.435142314390739 -1.9719823496705153 2.589000189553072 3.9961968897448794 2
0.3336310525134668 -0.6924662668981875 -1.5654026561825383 -2.92029482938732 2
0.28643692092637196 2.160696237875211 2.0032721876349857 1.0353018760668027 2
3.880938954824591 -1.5660265278026468 -4.335059357799542 3.4274497099956673 2
-2.064838301892764 -0.2139847922579624 2.064305913699104 -1.1012329549799058 2
0.986545892073871 -2.8147460920447536 1.2995850989013067 -0.48051441584696153 2
-4.248041710593944 -2.664058049925197 -2.9290683472361962 -0.5792041744654568 2
-2.2940589506007663 -0.573024938582437 -0.7870203014211671 -4.336229442442924 2
1.1783631792434164 -1.787187451623193 -4.489393818442681 2.2599660507256436 2
4.279560419211623 3.3403350723038847 2.4300495189999998 1.7083341195553903 2
1.0865882825581745 -1.4590163317854759 -2.8223184726275807 1.6121989736568778 2
-2.9724155553301026 1.4375713612580086 -4.21350763422984 3.4368644641650494 2
1.9390416280132354 -3.905093548869548 -4.260869688107649 0.8286651376330101 2
2.476045893240923 3.497659300038676 -4.175791177586248 1.0630666373958448 2
1.1900139561257483 1.8301726794249853 -4.295011170641149 1.5183094650521798 3
3.2709980075348692 4.038515188978155 0.700546954157383 -0.21113419216829976 3
-1.3331122028739069 -3.9671837567643182 -1.8351183131625721 -0.3659864572209205 3
-1.701404177156459 -2.962341221474549 2.8961734231430496 -1.1539800650835295 3
-1.1335613401669606 0.03573928739448373 -3.1122959580502436 1.6477586967078233 3
2.6144271269363943 4.0723371009280624 0.9207413913268865 0.42010849728870703 3
-1.8916124931005394 4.0681268496687455 -0.014632582364086488 -2.678917671435501 3
-2.843601614739452 -0.539447819399192 2.34628879905994 1.3861694406892866 3
-2.857504685190414 -2.154141293893379 3.3533019882150303 1.0627019773420905 3
-4.345137919893555 -2.2834834516060116 1.514452375711447 -1.1299606530661137 3
-1.021392975452446 -0.025487536034180747 -1.2764824446417933 -0.5560681003602673 3
-1.7681266617686062 -4.382630481590294 0.3070819944145259 4.473929365018007 3
3.3916511527516593 -2.3751444004702917 -1.5825348693883663 -2.876529010095523 3
-2.5298867199463135 -4.462513210939936 -3.2742310551601457 2.498777507230752 3
-2.1597215798455256 -2.0250675090612997 -3.4567226223977596 -3.664038398528387 3
0.6607931256183126 0.18365933685812474 4.469853290533925 3.6020951682350706 3
2.6930678023529215 2.505100596920141 2.6165014485479476 -2.2758039371731424 3
3.870708619206055 0.23138935708050545 -2.826657770910651 1.601190083292766 3
3.914615335036684 2.8472846506447724 -3.9813399795331854 -0.25737728946838534 3
-2.797651921908312 1.7774562240766418 3.759738623870386 1.1189209195412113 3
3.734744417308839 3.6274629537665755 -1.338676214583131 3.1351109704130082 3
3.2553093181143313 1.3287275632171052 -3.5707778550197142 1.246411703017674 3
4.140383629970859 -2.249849082638918 1.2297570029936966 3.4932984839631835 3
1.7763659714323743 -3.3873137713841666 3.4877702567801743 -2.4379596506610266 3
1.4649076542202653 1.88676739142066 -0.764349259950169 -1.364522857630117 3
1.5478594560949535 -0.01664652643715181 3.0103355179459084 -0.0055932741681432585 3
-0.7973906483034 3.3001127512392925 1.9351364402400908 -3.516067905430783 3
-0.27226174346158516 -1.6396041097590022 -1.4529826317447305 2.435468737540304 3
-4.0757656710758905 1.4321085151574326 -4.460304409806767 -1.7146668286738693 3
2.300110505256783 0.034857446724917196 -3.2890846197043078 2.252758711671965 3
2.0652023305526463 1.2571983588118234 -3.968791304790459 -3.2302383085050046 4
0.019653616315940536 -2.805368215271485 0.1032841357923927 1.4909698287232755 4
-1.285095186087671 2.067501217206478 -2.1527675921596643 2.604819756155331 4
2.2550783411580704 -4.021854382358332 3.933776208859475 2.677158916086127 4
-0.6467773768758537 0.9816336839802599 -3.6785238170782244 1.9156609169732484 4
2.090527652362665 -0.9074915125056476 -1.4310679900636953 1.4538620981225898 4
0.39981548527000954 -1.0930999141191944 0.16558876905491382 1.7453020824737373 4
-1.4392650293880913 -1.563988555054706 -2.7447458411609467 2.4798804723186754 4
2.8856364620675805 -3.803707779372536 2.535300783565607 3.5698614026236677 4
-4.17270635989042 1.6656140489076317 4.327301872014532 -0.08598422778770964 4
-1.2330553429083102 3.9633330571689562 -0.331550331320264 -0.15960080846191882 4
-2.9653380955196647 -0.795005707082462 -1.9795417338911183 0.966915961160078 4
-0.9128829405036958 0.09516111038199226 2.8958690016509623 -4.421373830817823 4
-3.0878164776610646 4.343995906018431 -2.291557851247845 0.906238186225593 4
1.194773170328654 3.8670197527021886 1.0804520274853675 -0.2493632098874048 4
1.257349401871569 1.2230831743880364 0.02589431926958774 2.26603964855867 4
0.9089912471028617 -2.2840585463377217 2.9177941955976427 -1.6336816561643177 4
-1.9198786482386536 -2.998505260868644 0.4226341041803625 -0.6308572531160939 4
1.8676782774355454 3.2052439626684035 -2.820295685078328 -1.9309944166532245 4
-2.5249865285974624 -3.9412503268216152 4.447603135087016 -1.4934563930710434 4
-0.8688739381436479 4.191393916600938 -4.0276456235665945 0.5439011450958352 4
-3.1983502085166426 0.4992652271405318 2.4951368989361873 -2.0550681857599766 4
2.489348294448811 -2.7458152100756577 -3.8531104631403656 -0.24468829818843663 4
-1.3613354453444788 -2.4959390799524943 3.3406565305122617 2.15991153148652 4
-0.29764425174011844 3.9162410674405406 -1.30479101484489 3.5342006458833604 4
1.1809726352793597 -3.5051893806593877 2.3292860873807313 -1.5877571210860717 4
-1.4150452334797572 1.83377526685257 3.657622547742549 -0.574898574084008 4
4.450755847626702 -1.2419864653646666 -1.195542136769467 -1.620676000057066 4
0.1705970658842092 -2.4855276593608657 3.6880856129462525 2.29771945595433 4
-1.3727697814426771 -3.3037283321275375 2.529752211401692 1.2689713871041506 4
