150 5
0.1556809546193033 4.022663434333327 3.124022851534665 -1.41843937987178 0
2.3891378345721623 -1.9584374042959856 -3.1962615358812014 -2.84716465936262 0
-2.510591730645127 1.6759987671372016 -3.028436458293387 -0.671108718068745 0
-2.9957471720994935 -0.968017801814724 0.9502965538909984 -3.652911183891801 0
1.062471125275283 -0.7926291462712861 -4.258903156696321 -3.701560908816798 0
-4.477816069192024 3.4562896413489432 -2.054985439759884 -1.419767925490092 1
3.464527845388262 -1.7963127957016716 2.4905284344846734 2.192646271563892 1
0.8062367869324311 4.305842244133478 -3.510202682793002 -0.19737935938124307 1
3.1058443991368003 -3.9143210484852586 1.3309636775478095 3.0829382566450616 1
-1.8472998175437096 -1.9085900312947823 -1.0037803067418691 -1.6629447373012682 1
2.902197051930897 1.135647341642215 -0.7480415979975618 -0.5241858888611505 2
-3.505700574776936 -4.495240699476516 1.0508590855979818 4.466061635401209 2
3.9794960956994965 -3.226493180473292 1.3696475836229756 1.2196032329303497 2
-0.7056312645045625 -1.381595038663102 0.3106141457333741 -1.2997946940717422 2
3.3280657595746335 -0.642583688829423 3.1946741048361877 -3.0303382404699315 2
2.9587633589048012 1.9606665440343445 2.3924140922538304 2.3204867267170903 3
-3.4269597523428956 0.8674575543864798 -4.0547965346030495 -0.3979035322897515 3
-3.3321933206533805 -3.8021931744554056 1.9169665937277662 0.6342875459945329 3
2.980847301213762 -0.32052946697817786 -1.2513763020312454 -2.0465726071491788 3
-3.0418876889752595 0.43177762883705995 -4.059304194511406 -3.721351154509191 3
0.7963723965810829 2.462518521681609 4.4565555411883775 1.1762044785982768 4
1.4026091220621297 0.5193608353058067 2.6489635261055042 -4.351959158747939 4
-2.8957746008687097 -2.334748219037882 -3.4223438071872008 -0.9428739935316512 4
0.054491691319733526 -0.9292887105315388 3.0965642921228484 -1.813621820169502 4
-0.15250333101352687 4.101658569793673 -2.753571424719202 3.3403668853154276 4
3.6144197352664267 0.051833897797636475 3.5503187952110697 4.311761586219182 5
2.8863133664662337 2.94944333467483 -3.7473429816510304 -0.46904644411477503 5
-2.41349987158151 -3.788500622355626 -2.4539142641905753 2.7402081046794713 5
-0.3081336616884017 3.410782275638458 -1.355931517013142 -2.524363296219592 5
-3.172472471647319 -2.4187382522052525 2.770741159249887 -0.20684700873334183 5
3.7615122513353683 -3.338428251544464 -4.034953471959291 -1.0893364129718477 6
3.747669498592556 -2.3868220417983266 -0.10072697534436947 1.5993633689630378 6
1.0438809177555217 4.064289840011378 -1.8145341357791231 -4.3637705200241115 6
-2.2038226224989774 -0.44770366489508673 0.8963909963267293 2.8762641387117824 6
4.252660023838444 -2.345661016545252 -2.6065122471016133 1.2039817677630138 6
-2.7118682757483397 1.691517392289248 2.0854245660782427 4.208977473775399 7
3.105082752021647 -0.420154363648754 -3.710276454242087 1.6489578165332248 7
-3.587669752167344 1.1056317349739766 0.6153416257470664 -2.9765324437241176 7
-3.7487165682619374 -4.020596148159562 -0.32968018813170874 -4.388207735476045 7
-1.3906936981872404 3.6492770269596844 -4.291472305311557 -4.328984296347169 7
2.6874018661563572 -1.0419575152641245 -0.8823794336452941 0.31961883160348004 8
-3.66546595980109 -3.3594749134208364 -2.137027018635559 0.17045481603758428 8
0.30957553107877667 0.06573777367651745 -0.1998731296611247 -1.8699356274845256 8
0.031812963100249725 -3.3605390188381152 -0.8531950426895518 -0.23135693119207612 8
2.6216153195071272 0.8644612871087963 -0.5632092996930692 -4.3526265730314595 8
2.31992435429253 -0.3657231730068141 1.8500554511483205 2.3335411942126196 9
-3.8298671562194704 0.9223905911984888 -2.0480435836847177 -0.3092770997776465 9
-0.5796074743526719 -4.442145304199907 2.0203236443730144 -3.754513521679805 9
-4.0803310947447615 -0.7313183999467809 3.1421427733918135 1.9858427272470123 9
3.4043926968834413 -0.6028407602235156 4.414333806941576 -0.487398892357387 9
1.2911418915273472 0.6151479793955634 -2.2211804333966825 -3.051715930605686 10
-2.3383628860822916 -1.8386387720475592 3.3365452577245107 1.6896576444054467 10
-4.454775686468336 -3.33995806280873 -1.078173357767234 -2.445906451648447 10
0.26239517710798865 1.3274548936639246 2.5353521899849953 4.273339230409021 10
-3.1917424095522633 1.7225033441476052 3.4221631318617662 -2.2197962541156855 10
0.9500867529356888 4.171903020561906 1.1441347382250238 -0.04633362282770659 11
3.0856909594386854 0.16483000552574956 -3.843529982571858 0.4075105275083528 11
0.9312768649424503 -3.7305381356024876 3.3444819708446762 -4.229442530909021 11
4.090989882143369 3.55590859401047 -3.700571292773473 -1.6676612903852805 11
0.5251245845764524 -1.9618525615605504 -4.434948138391751 -2.8305730338888164 11
1.254508908428373 -0.7467470364265394 3.3692645741133216 -2.8144613351712033 12
1.1450924978153023 -0.9321242029087354 1.2408817490936697 1.3133164711743661 12
-1.7836815247617643 -0.9184983095362751 -2.853101320245703 1.3024937018840421 12
3.1480607557699027 3.0486483310971666 -3.2416361476900595 1.5919201295434844 12
-1.9315769765813178 -1.4502755034676653 3.9628398668714038 -1.6567426250728954 12
-0.14497225804450287 -1.0395778021458262 -3.7958309653053757 -3.755263854221301 13
-1.5409138505387387 0.2610286336142359 1.6400291987332087 -0.08167727133612168 13
-3.6280353214440595 -4.289580624711652 -4.303738897933953 -0.3865879858751148 13
-2.7896521375205556 4.161083801166306 3.4449810215986045 -1.2068887454603987 13
2.348605312535338 0.1925140128436016 -0.6377301476242511 -1.9667728024154747 13
-3.3988749323929817 4.487280129843601 -0.9288071874289276 -2.8829515573331435 14
3.4943593665706945 4.136803289351896 -3.6742561924751307 3.898085582580894 14
0.5830690424242772 -1.8159038630314535 -0.40833722989253385 -1.7884870094003653 14
-2.8332637426499483 2.527675069218229 -2.449433036716331 2.0590832478245416 14
-3.103067282363629 0.9100705529116713 -2.0702369743044584 2.2484057960197026 14
2.1423602187135504 0.5968268907960398 -2.7629711932989167 -0.6969910304699541 15
2.6494137572750627 3.8453401543371486 2.745890762430144 3.2192480264976755 15
-3.772240016939599 -3.451339604896251 3.897950383035309 -0.020491722570194826 15
-3.475788873921612 -1.908603439996825 1.9410034387883233 -0.7225615253469372 15
0.46262163785404953 -0.49820773249545336 -3.6219409068734656 0.11495256061135462 15
-0.4545271554490503 1.6978946208252466 -1.7259074555580538 -3.903960550245891 16
-3.160367775965739 -3.423127298046577 -1.3832976382311202 -1.5337092587327392 16
-3.2341186874705103 3.101557353376076 0.6268400373980475 2.4265614561483004 16
-1.1561960058303076 1.0020031157876794 0.9848401072663329 0.38391139217526415 16
3.696370446929033 -2.8525561025131414 -3.0187788945917196 -3.5361880424238126 16
-4.048928733029552 -2.128010522759526 -2.779990220019964 2.0215882340609355 17
-1.0772337342923812 0.3229968621641446 -2.314354905564363 2.4253867721514335 17
-2.6466059328338525 2.319434524816076 1.4396713234866554 2.6440250463633075 17
1.0551734438123854 2.5102087401341833 -1.6708529611261012 2.172556041936588 17
-2.7516810302777834 -2.2861421215539734 0.34020072392825185 -1.989671055448094 17
1.2650716066360466 -0.8990337602074399 0.22453678291327317 3.9304848823684493 18
4.164493225969641 2.3730119414905717 2.7574171678786312 -4.066335460960499 18
-2.96287814291824 -3.427413249919446 -3.29344714392119 -4.376333598213064 18
-1.5275731216613628 2.687597494954537 -2.8722926113113783 -3.0301703235886848 18
0.9457830550888479 -2.542552617498659 3.103836395187266 -2.4898197498834858 18
-4.241034027933447 0.11532204480424801 -0.5728707171418259 -2.5978031346217496 19
3.9558497187943473 0.6889382619792287 -0.37697217328534127 4.131286897533506 19
4.079169750376589 -0.17381945647836894 2.6551000945177288 -4.423137273272252 19
4.4171180629999744 -0.06076529777871109 3.906753502270767 -3.094636815462759 19
2.9508049442867477 -2.013457974630429 -2.5908715443792505 -3.0001213295468747 19
-3.8896262565320256 1.992240909260253 3.4134828196926317 1.7940639793618327 20
-3.4055223032930044 2.7860972132546116 0.6562262034826031 -0.4898143795074861 20
3.9131300030725744 -1.417813393026111 -1.2811005967771272 4.191098376390184 20
-1.6862860840236988 0.9026739573072832 -1.5737896331572294 -2.226917170600577 20
1.750872214279771 -4.093459535038418 1.7075421284704562 3.507474951723953 20
1.140621083642435 -2.920529512300206 -0.6336823742138182 -1.2083321405642633 21
-3.771305524644649 -1.6766907232364079 -3.1583616244027377 -0.8478308161668608 21
-0.7728869811923635 -0.9468732547233479 0.8594116352748072 1.4474807437376969 21
2.007364760093023 0.10462265682536764 -2.1791805962560424 -4.091483206728089 21
-1.4071893440606864 -0.27982547976606753 -1.956236000556082 -0.6636164754257425 21
0.42064890872519545 3.0138725187103867 -4.490307854030759 -4.112801312046959 22
-1.3671728958415255 2.5486745712459937 3.334832044133523 -4.425760806383001 22
1.3591028260384572 3.357231835983524 -4.219233908203662 -0.02111890641159464 22
-0.8041413335153534 -2.8425661042353063 -2.4845326168812303 -1.1234098744156298 22
-3.6613951844243116 0.5162323415320869 -1.2798018830314368 3.954216648655163 22
4.291485165414082 -1.8385006737457452 1.757380189669957 2.597149274765865 23
-0.9615681623799763 2.8691899771491425 0.010537310949622736 -4.174621183437154 23
-0.9538956076960496 3.5174260733329183 -0.08290062997401448 -3.851559737374962 23
-4.228868145702829 3.598305708244665 1.3262196984129369 -2.7944012223534136 23
-1.8800494469310847 4.326406623666125 0.11890555267349456 -1.2825523084541057 23
2.4534397807814843 2.811991460540791 -1.299559523606383 4.453307913319995 24
-0.22750953107810534 -1.7776159537744682 3.9464796342262507 -1.0764645152913115 24
-1.5828880752582992 3.4781722223896567 0.11044703592321514 -3.3890929294980205 24
-0.6341196276711318 -4.472292258194456 -1.6392037555219199 3.8543728677975673 24
1.070970626685731 1.2457315299719358 -4.419964588642879 0.6901626909299159 24
0.9192043439274684 -3.7359210290071467 -2.8598082237443925 -2.5486520890643067 25
-2.8008933063451704 2.4577709572592212 0.18378052631399633 -2.4388929055147943 25
0.8127359518637635 1.6743257185006606 2.685625250184808 -0.16604277262944767 25
-3.8421799731706554 0.5532078116163278 1.8565037845497396 -1.1544610349654185 25
-2.172334368115856 -2.509347751911884 -0.8387339448618183 0.3624715538192378 25
-3.4640950228382383 -3.608496570941205 3.068271237445333 -0.3657624892281397 26
-2.3051883384609835 2.214383364700058 4.001295100177401 -0.6948574955622566 26
0.8494427945744052 0.3309281459196465 -2.142028901042859 2.3172443689888533 26
-1.1197940469206795 -2.384905698120441 -2.152751790283351 3.747947507568352 26
0.8173324887716825 3.0747315952611154 -0.644153457728279 0.3048018990080522 26
-0.20435498641071015 -3.7463207432617285 -2.8383857813337654 -1.045371315735935 27
3.899178489089564 -0.12529252338910013 3.4734527777279043 -2.584332614264415 27
-3.37175326610881 3.054054960965343 -4.442175720479497 1.3753970686965198 27
-1.0583581855055213 -3.5217517720595213 3.2398563399227327 -3.6709544179619327 27
4.098660261145359 -1.4071464049438411 4.156038528191316 -3.5533176696622495 27
-2.5743623267220817 -0.37206452222114195 -3.0716416993316975 3.207811394847812 28
-4.275942243471837 -2.2930103137555147 -2.3863279564529254 2.1964477521952115 28
1.3798025992726428 -1.4636088669584655 0.02315115353556585 3.842251751874594 28
-4.305963338722392 -2.048300118829383 0.3409772466218951 -2.919829432883487 28
4.15340226565079 1.9127317881025268 0.48656079298666743 4.392758968204816 28
1.019366299666316 -4.116655223796166 -0.1982017495958457 -3.0119357395608484 29
4.309064016836986 0.4305071978165653 4.224268420161843 1.8624798630304675 29
0.10786516592303352 2.799124733897853 0.5254230951060074 0.5693893539916364 29
1.9453287670850772 2.9779664395270475 -0.9140513511876437 -3.3898480893509335 29
-3.177359381529204 0.8122571151602774 -4.029810235160321 -2.7326016875731685 29
