150 5
-2.8775728001090775 -4.324722826611379 0.3277192989442672 -3.6816764250177756 0
-0.33103326151489854 2.0244053627293304 -3.908255321020798 1.5167985569445577 0
-0.7181675587104531 -0.1311561164899584 2.624530308926447 -0.33815008753620435 0
-4.384972668684522 -0.11365553412115548 -0.8806854758466872 1.8139391867586028 0
3.976259871090295 3.1571558043910084 -3.8156275986595145 -1.995454123354314 0
2.069680231987367 -3.5213753531792253 3.6474066786452317 4.040602262160144 1
3.5451375325657306 3.2143882236554666 -4.154435169762402 -4.47242289729951 1
-3.014220441642956 1.1910061244114647 2.4109571004793207 -0.4330955142200591 1
-4.315647484878906 -3.449364580979854 2.3618741054973955 1.286847536332813 1
-1.6526941954871366 -3.0787892399255674 -0.4683024879574754 1.889828689796114 1
2.330816293444548 2.8644782207772916 0.9407451534710388 -4.358555477332297 2
-1.3983795813670432 -1.6308108282380975 -0.30491534613020066 3.438041845211023 2
-3.4950489120480563 -3.7444217101014865 2.5225599977675017 1.3943530855250095 2
1.9145334211995861 0.8958905663188996 1.0942085107775508 2.8495112299216383 2
-3.9989368837342942 -0.18182446506512673 -1.8779178640825855 -0.9530537237138889 2
-0.8849116743241302 3.13181097792277 1.1759063918144803 2.888602039072422 3
1.960642614058909 0.918576461239421 -1.6075019051294448 -2.9836969783567038 3
0.47145439354947527 4.041921579719737 -2.049693486140515 -0.5492128169507525 3
4.380059973226217 -1.45751355315425 -3.6138331992024337 1.1550195914293515 3
-2.3411278885277396 2.6679217858915156 3.568320246848784 -1.420219690237317 3
-3.926822123028101 -1.2184592130356302 4.107410474723277 -0.7233470358195345 4
-3.8697947763794778 -1.62569063654181 0.32169414469224555 4.290577956353263 4
-3.866556644037388 -1.8876269957821916 1.8903014400250768 0.049583477877406135 4
2.610910110904105 3.6486028872006466 2.291022149611173 -0.24023405188665925 4
2.6335924657193357 0.5563683913039055 1.9941658332070968 -2.4988583000942493 4
1.0441654656538626 -1.246648120171184 -3.8079400551013682 0.8924150342945623 5
-2.9806443127309246 -0.5738315970135517 0.21315635445090697 -0.35382478031084996 5
2.0954280271335852 -3.934011385253696 -3.442703138497116 3.9108956675202204 5
-4.313403190069458 2.4349325977351715 -3.494354010799519 4.207184598020335 5
-1.800431915125011 1.8104784753916516 -1.6369280337906331 -1.9635303840467462 5
2.1120094881405156 3.896141644686113 3.9599029949150877 4.145343022319024 6
-0.8970441037037242 -1.2740586448665938 1.8059526339705303 4.097115368409354 6
2.75910111834949 2.380419868900243 -2.92519735108945 3.2097749457223235 6
1.3735326592402555 2.7986991655956057 1.0637887207253134 -1.839966760380666 6
1.279933728669496 4.116996475433596 0.8678934980015577 -3.5163770195230217 6
-1.4951302069401686 2.144273605638057 2.6279082072684994 1.2768959183122621 7
4.048499751634631 -1.49072261254884 -3.536633103585908 -2.5230709429309037 7
1.0046879706133294 -1.208968491805622 -1.8743278879523781 -0.2365609321737422 7
-0.34613737751429585 -3.824982062021559 -2.424364637266398 -1.8219625307720206 7
-4.325909739315817 2.336845207969562 0.463345260574369 -3.1771293403864718 7
-0.4251675195720216 1.105506068876906 2.279874081988407 -0.44488476584903125 8
2.1595636601810524 -0.7320291283634326 -0.836085818718162 0.6613180572990218 8
-1.1914413743911505 -2.978740704683229 -3.080840687186651 3.5237354812505437 8
2.6448516597132636 2.997336677259847 -3.4635658841528016 0.4240673726304005 8
2.107916885748177 3.3776512202131457 4.184506910472179 -3.247278787199131 8
1.3325079777823212 1.764595572935915 1.7892928008859195 4.27676048463352 9
-2.7628372776006214 2.4086901144537727 4.462454645588848 -1.3703650951591722 9
-1.4932539512789484 -0.5583671454349955 1.131870049486157 3.981383660723348 9
-1.630167842172824 0.6146070203453966 1.120841078593723 3.3553777110167555 9
1.4282311628977962 0.6800268694971107 1.7781797331273506 -4.1678940742385375 9
-1.636315254116571 -2.5379696225653205 -1.3902497882945548 3.544445264661265 10
3.1044467778495815 -1.7805178099115033 -0.2807949542255038 -0.5942706433457919 10
-0.5560139621039064 -3.6772687176691483 -1.755718541197977 -3.0623716156669625 10
-1.7911874714315952 -3.728746745879519 1.5198594317279843 -0.9419312958690458 10
-1.406580237357261 1.8837091599429217 3.4389527781472995 -4.1112885625098 10
4.265714301887332 1.1270235606418826 3.3691439738224997 -3.668676088715474 11
-2.0762681383931003 1.41037925569796 2.91166311905536 -0.3777744127266789 11
1.1429803727217962 2.930870061650252 2.1615744575932707 -0.44200952089361345 11
0.3032458370671808 3.700094983206542 -3.07317790290167 4.0337069521986395 11
-0.7604669769764375 -1.9255979745432927 1.2823020912571756 -2.5666473256411555 11
0.1710696742889305 3.8020521444378295 0.8686282658276204 -2.613334355045939 12
2.0152013635765265 -0.05478298979844698 -0.8825676206027723 0.857024855708922 12
-0.022532825265638157 1.3384997845623041 0.9924122209616073 -3.528561157738235 12
-0.47005955670859834 0.45575523857131983 -2.7668978053286315 -0.375768370385977 12
4.240576832678952 3.891723470447737 0.1454175581910334 3.2151984923812784 12
3.0661688734978036 -3.356565649997406 0.690587774976908 2.8036659188511814 13
0.5086899528456967 -1.202155100626642 -1.1726351771472951 -2.810468752223203 13
3.706159358483766 -1.6768876220698106 -1.9827765280109277 -4.27522912249066 13
3.8768933021334244 -2.354885088840257 -1.222820651926603 1.2195034068665995 13
-0.7164830263891359 4.139663826064336 3.0777496684471277 -2.386859880404212 13
0.8593802141674882 3.8893375950229956 1.8519003949579314 2.271955908669067 14
0.34965262696568145 -2.447668204251685 1.7209707993997547 4.170407633442581 14
1.9166662820973128 0.19416142256222801 0.7189449520578515 -0.5079955405595428 14
0.049258517576139305 -3.271639380700106 0.3311889526341224 -4.457143465896091 14
-3.195724842859406 3.8664460291522005 -4.439495276255147 -0.057593204731289926 14
4.104524376434584 4.19337807029385 -1.1106629898310496 -3.28517005484562 15
-1.2798968283376428 -4.08716815328268 -1.311413203411718 1.2730919283623798 15
0.48534545539427343 2.126785246038642 0.20506746641927032 -0.932339188126983 15
1.3324182585533721 -4.023604357967365 2.430398483164087 -4.019814126439205 15
-2.404054506336402 1.8529583276277992 3.4752633803158623 1.6121912802182985 15
-4.004236511047926 3.1184727943262285 -0.7246167045448851 1.7255849077332954 16
4.401730454214203 -2.26980321765118 3.9531862471293966 1.3935492411390538 16
-4.012962259723075 4.317239774871049 1.515092835114097 1.8188744335960496 16
2.4049465615275674 -0.4122197988560732 3.7411372484757033 3.5039318517923 16
-0.19569023790446816 3.739527036887939 -1.9857337307532905 -4.298143981821343 16
-1.2975292812365824 -4.021381540989039 -1.9996635321883405 -1.2237598342930562 17
1.0257329630102734 -1.6870971664691674 -2.2729099540398607 -0.3842698911000034 17
1.6340313869840601 4.031550267769385 3.9418892784447443 -2.795814863307918 17
-1.2547810944291382 -2.2770166255166187 -1.066502207472797 2.99737533307945 17
-4.023433187023974 2.984939455774306 -3.3204373032490486 -1.3285999997794133 17
-3.7945817305590612 4.069579322648181 0.4580347052834979 2.4242666159897768 18
1.855328650449604 3.7037956209217486 3.256581784596502 -2.1961789416783617 18
2.829967838235455 -2.7835054843240257 4.071152242047433 -0.5863296008004598 18
-2.9168686644663824 4.1524899458136675 -3.3212638520927844 -3.0691918030858685 18
-1.8806582177700448 2.6155217337570735 -0.5636922670639424 2.8065229736782853 18
-2.9628886695465146 -1.808187927372132 -3.879141529138895 -2.542451975139949 19
1.5614112934817599 -2.2642228598116887 2.7156541165788806 2.9102877623806753 19
2.266804522465689 3.413304567471589 -2.699773447739471 -3.993947065454876 19
-1.616647952797365 -1.8116291127069748 1.386299133654593 2.6454809246361095 19
-4.250406053174805 -0.6960602281828423 -4.052084375786227 0.20348589271627704 19
-3.910980755608246 0.6719034942054852 -3.223557489545447 0.9077686147868376 20
1.6914262218429377 0.6147524783511669 -3.4880258410929152 -3.313936107062612 20
0.9335389265348569 0.8968509382156553 0.3649529208705452 4.022958956017151 20
3.6238268611712234 0.2792646532254549 -4.242551324508099 -3.60539667525541 20
3.2525341867200996 -1.332255654864055 -2.6823648207517596 2.8322376315012674 20
-3.234367032718674 -2.5031061806799384 -2.337430080922266 -2.0518018549145074 21
2.6395385602305153 -2.432846485505824 -0.6356884649369452 3.2112684347255454 21
2.4528397267651103 3.625531492866781 -1.9775887062008013 -0.2545179931210667 21
0.3994847215069376 -3.2109960513262106 -0.22531321662565307 -0.0037194165871523577 21
1.1114694311155657 -1.0845253045211818 -0.4872878296681247 2.7458160430094614 21
3.6760314857448537 -2.487253675933865 -2.700935570519851 0.03955205784277349 22
-2.391403392558684 -0.15875013975868946 -3.320768172216608 3.342077880780925 22
-0.058010738840442166 -2.8101085711310483 -0.6753706319272326 4.482330987751201 22
-1.1309798846712997 1.5135392004094106 1.4695189818241272 -2.663307641105316 22
-0.26531955706317834 -3.962522450434993 3.8235875051710706 -1.8576431230968087 22
-0.7622323594843384 -0.7577139971080404 1.2456037823692054 2.386701368252745 23
-0.4715570058446431 -4.28544176392027 -3.570357034869247 -2.8428419375544998 23
-2.0340684737302577 4.053701390242454 -0.6598921016091692 -1.2728358491397198 23
3.4470609146171656 3.9663809313334766 -1.6570454045044243 -2.0681568005792723 23
2.330010932604636 -0.5940714367141486 -1.2549233718191137 4.334179396931279 23
3.9375376593548834 -1.794050331313922 -0.37393201746382265 -0.3791269281853791 24
0.8389427363021054 0.78690801417491 -2.245446725965362 -2.792887725320235 24
-0.5332141474564682 -2.2466860719179005 -2.183078624793993 3.4708336969584845 24
-1.525661020204238 1.2862734465301138 3.4761726957661576 -2.9632656580520456 24
-1.9438057171732042 -1.384238574400677 -0.930418966178368 0.7239208475397717 24
-1.3130763085698256 -1.5767471664791848 0.48139665270570653 -2.687271129092033 25
2.95677155916611 0.41206801559756734 -3.9444374223566205 2.669697754927373 25
-4.334670950131147 2.1742076749752335 -3.3315073763510896 -0.9224461406656499 25
0.019528047321060504 2.510039084414097 2.360596602294636 1.6677133468023926 25
-0.04892728061646545 -1.7024602231248707 -0.8248647032933989 2.693745485888516 25
3.0535956954169468 -2.939894795928105 4.4392966613785845 -0.18041370528837697 26
-1.9955108720756911 -0.14266905698059185 3.464702076370214 0.1880186656981797 26
3.2388406737065147 -3.463091803314345 -1.0055609323711752 4.40573220997446 26
-1.451803766615822 0.2901616119607213 2.447939962012774 -3.2809871237115384 26
1.6051460301710045 -3.553253376847783 0.36991600863948026 -1.0871538888844163 26
2.2975526945155056 0.5122898599045386 -0.04044217392499716 2.301161494783875 27
0.15429959333242904 -1.0721658449503684 -1.4628614241586821 0.9098299400210075 27
-1.668175918826805 3.5145415870999592 -2.3559107649555235 -0.5114850295800359 27
4.443988224499578 -2.92306621720464 3.502846266596446 2.132036594158464 27
-2.596489396774886 1.503306847541758 -1.233920987573675 -1.9959669160387912 27
2.381066086020187 2.90669225335904 0.9269395154727141 -0.22485330117715185 28
-1.777990155982875 -2.61809724925934 4.387910462650392 -1.8352724789170884 28
-3.8468768025382403 -1.1130095976348793 3.7872566210259504 -2.3891941056364083 28
0.5623626220754918 3.3529621412770503 2.712222970064373 3.2884571430698153 28
-4.2026002465547245 -3.693102174000793 -2.799792111144727 -0.5054802456771108 28
1.378306123777035 1.5418895294440222 1.8989786592979072 -0.7918913936029051 29
-3.382816572269655 -3.632708667665489 -3.533055994055516 2.407962843448959 29
-4.248213182996286 1.338606670362474 -0.12034304650466054 -2.8395356532207066 29
-1.9812889665561677 -2.331063433148756 -4.038239045089828 0.186127901013173 29
1.4809409350144747 -3.4109957991070115 -1.8692344518244506 2.8196452456495655 29
