150 5
-3.622197584254936 2.3512474500737066 2.6490290768529965 -3.413289660743496 0
-2.2775582415030566 -3.2568148127131242 -4.290735297986631 -3.589387514818602 0
-1.5169809305616169 -3.753003914937964 3.0203315334500536 1.5492509608955547 0
1.5477937315241996 2.759344183454918 1.553873357841185 -3.4274063921476796 0
4.344677230897926 1.2209466131716733 2.3917369642409163 -0.5542094566909409 0
-2.556690695575377 0.4412468887585166 -1.932263047343851 2.668328064048175 1
0.4100396220830347 -2.3933153416769852 -0.18543243638078688 2.1208151123897103 1
-3.476467412936285 -0.003066596559407775 -0.7680896116483481 -3.5103928764782233 1
-3.131024198203908 0.29417472501542663 -2.675544517957344 -4.453040641016182 1
-1.0169390839810588 1.6949464507994794 -2.4343150567959992 2.5444683403659636 1
-1.1436555923244638 4.015440404670533 -3.3449767478945223 3.477514949531185 2
2.4962212629603626 0.9723087276070899 2.3758369059218643 -0.0419842979486692 2
1.0370883292746207 1.2868884114239107 3.190308440931103 -3.0656188723392037 2
-2.083648435826988 2.251405337429039 3.8652732253832958 1.1435367443613478 2
-1.91852559521862 1.8843845204361063 3.23640754790149 -3.290790567288763 2
-3.9169190207541096 1.7087263131531214 2.8661228347991052 0.9643619540492122 3
0.46951050122709714 0.4844383227950463 2.9727637171549803 2.976471904427238 3
-1.3812423318846874 -2.9464833592422206 -1.0004933232452047 3.782991302764882 3
0.37739373806866494 -4.03407861285803 -0.35403849145873934 -0.10739150879121406 3
2.9300185206378915 1.8996027320826867 0.061990150849201564 -4.441096514847599 3
-4.102494996033286 -3.8111709461793426 -1.6131156497470684 -0.6869118859175128 4
-4.406904944007788 4.448743400321481 -3.8356321370807795 -2.447900065527589 4
0.8949950738723442 -2.882350775117671 -2.0997550465051176 4.472217208725828 4
-1.2205943823052525 3.2745305433883667 -3.4097739717840376 -1.406424907981992 4
-0.44770049133746903 4.2423279163647445 4.40801287825155 4.16027984371445 4
-3.279062009563134 1.941070344325025 3.6129206030592935 -2.7396077323602053 5
3.7885342552853682 3.918279802930747 -3.6919523548542674 -3.6281257155605453 5
3.926726179811323 1.554966403961509 0.8838801426458892 2.297515243004945 5
3.9509337189845635 0.21804957193857033 1.5915019414987532 -2.533767896735479 5
-0.459704186983408 -4.21850172001031 -1.854394274053846 0.043015751525387946 5
3.2319404127721105 -2.857240853792535 -3.859844176085846 0.36815024422851317 6
2.0547850169576494 4.206314507964232 1.6407652875970877 -0.02575544543894559 6
3.5848417128599417 3.0093435251182727 -0.7236931462014122 1.6212462432463646 6
0.8145702362553889 -1.2468667626581014 -0.20774117488085564 1.1942333545009798 6
-3.0165237291238394 -0.5380941560277009 3.9873685514928487 0.4128543641864131 6
2.3416786914176746 -0.5195355041459743 2.0202811659151063 -1.8977829604240317 7
-3.3252894728698856 -2.8616188921236922 2.3190242036500526 0.2669123163418903 7
4.47693599204676 -2.0803328873576654 4.216934129407107 -3.09698359384229 7
3.3953869529574914 -3.0243549580015734 3.071580462073533 -3.0296230003778857 7
4.044907098205505 -0.8984969894013936 -3.9806069380554336 -2.559927986839676 7
1.3741144092174933 1.8965940626081998 -3.4115274156690285 -1.8250913274985392 8
-0.8914740113870104 3.7064370611329744 -4.4270092658642435 1.456643368453018 8
-4.014738947550427 -0.04316253035145934 2.9101183261510686 -3.291851220515855 8
-2.253252234721754 -1.3637622457793979 -2.6043222932943637 2.8435197575310616 8
2.1679755459034435 -1.2495869263747976 -1.8212885524482687 -0.04541107450345294 8
1.1766789088007328 4.268077656024564 -3.6275186361325535 1.9931740957069757 9
-0.7004838569590898 -3.9305722431833376 3.44795333180509 -1.3198407824759735 9
-3.7927168480886806 -2.6472039890113943 -2.6154528437962585 3.7488746288414783 9
-1.9123070753625369 -1.0667735112917724 -0.9288540336307194 1.2101037243760846 9
3.016686106637655 -3.7613180892465454 -3.697736370957962 1.2092085060748916 9
2.887513850124663 2.8499154809568767 -2.544678877105062 1.5963453940809202 10
-1.5021387046472525 1.5806858649352482 -0.38698084155305745 -0.5611895528213013 10
4.350922029411985 4.132793695889234 1.2521184688525775 3.4509485659056995 10
1.529495148019101 3.5366548265248277 -1.2411281738038131 2.84692267949579 10
-1.3719804450854718 1.1849898939095629 2.974977619117339 0.7124737475118851 10
-2.803561243305814 -1.3654389475587443 0.4136629953853579 -3.5838831183479503 11
4.362993647631536 2.2646811518210797 -0.4191114223923408 2.8667400145240105 11
2.9975403904663156 -3.2217249333674647 -0.3766920320296083 2.5038959582606624 11
-4.3651872210309275 3.2154702466598586 -4.45766015616419 -2.8860324730903075 11
1.9075089831696006 3.2088616814557502 4.11320772618134 1.2027047208694748 11
3.2544389738686297 2.6622370235561514 -4.144509702732912 -1.5615094390614344 12
-0.20606301075749034 -3.6613773890025225 -0.2888186933582958 -0.8167503492578916 12
-1.6767835677709724 1.271002432614715 0.5493154610899548 2.189999416478931 12
0.7559752910945869 -2.096406244057429 -1.776975412014524 -0.9492264990607631 12
-3.991019502888279 3.6922690052051594 -2.2654491228752214 2.623108916565485 12
-1.770257857426413 -1.5171362806303228 0.3442423779819793 -3.717440392808089 13
-3.9898236030550436 -4.235719557227027 -4.035325351155839 -1.1677226119090451 13
-3.3648221570404715 -3.6035897047518306 3.711612770077531 0.9361645993726476 13
-3.040373328653358 -3.1420674594349753 0.9667328028383038 -1.3085469743606595 13
-1.688486389499288 0.5382055494431137 1.4296292343805264 2.270790595532757 13
-1.3676048065051054 -1.3552615552687515 -3.7697173026122957 2.8537981431270225 14
1.023349981961353 -3.8679332177422445 2.3745567340072675 -4.060217201667913 14
0.8781351891778458 -1.6929138610813022 0.7256597107364596 -2.765387951814306 14
-2.2306189230001774 0.22919317623512958 -2.7775894467008815 1.1275884899504656 14
0.516979617938615 0.8537085133697634 -4.404157242833502 1.213685014198015 14
0.9498297704962525 -3.821695797486128 -1.0367546632690652 -2.374178417075394 15
0.5374616655200917 -1.0111639586499535 -4.365794569652135 -0.5912939514396193 15
-2.6335941741556272 -1.0809792271114014 -2.1462140167706805 -1.3389774010488456 15
-2.8474522697471794 -0.12273842666028922 4.0032125763071065 -3.6955892580498415 15
-3.9552608929013773 -4.118227797332878 -2.5483805293506805 4.130478325153166 15
1.5039315798383037 -3.869286718730379 0.001714619636583481 -2.2092139022819044 16
0.8434343788246368 2.2031150650528986 -1.9599544372126987 2.131082664521284 16
3.1229662403769956 0.10893312156953006 4.373105849569006 1.9547660581915647 16
-3.375938603345647 -2.3966039397849697 1.0230598713798922 0.5675618696567776 16
-2.045288639917978 2.9975459114713576 2.8702309644658137 1.0054257908264563 16
2.324774146490859 -2.1632869998703246 2.4054412683808923 -4.114379937123502 17
3.342394659749817 -2.302304880807545 2.056370558604903 -4.148328550002099 17
-4.04705324587286 0.1868569284812378 -3.6664843248245456 1.6147558393462296 17
-0.20138894250477202 3.58464331200327 -1.486933690667212 -3.5885858260339387 17
-1.4024062642124135 3.123463578801685 3.1093690946096437 -3.718132157290282 17
-3.7617134949257043 -3.5430339400865427 -2.8351904284196374 -2.745924642155721 18
2.5588162428085166 3.279754972405075 -0.36015622216086385 -2.7016613988656397 18
-1.2161161756616155 -3.6149757192514897 2.5330224042663145 -1.7186958095511597 18
3.227723458115718 -3.5090545304652547 0.8089218457526354 0.2619017046554859 18
-3.4506645616141665 -0.6749741047667059 0.19868587689431982 -2.349863185279233 18
-4.252742926183147 -3.387608773009086 4.193616827503237 0.9500146570206298 19
-4.342191167312416 -0.7955161553948765 -1.3210127669469678 -0.8355829376491504 19
-0.2478618954766747 -3.755864478521343 0.9331009042532861 -0.21199874707573563 19
-2.5577304301479638 2.3193251200627922 -0.0426389782432014 3.285642083184176 19
-2.7237159458949565 -0.4984303702354962 2.8155063961858646 4.3273437169066 19
-1.499246427471145 -2.473238625148957 1.8641923671643061 -4.027635417666772 20
-1.6624161251452656 -3.167738826496884 -3.769862821130487 -4.3922127832013285 20
1.2754745146786886 0.2379391958779251 -2.7328664257932425 1.3038116394980346 20
-2.766488974793299 4.322955129327665 -1.9200632168280227 2.4866282183554844 20
-3.1138510018701204 3.174701243587057 2.6621273920618616 -0.6596824359445632 20
1.4767651567608815 -2.410856663236693 -1.8532179840736867 2.1963734603555896 21
2.2167023714107454 -3.9857748441434837 0.8642866049879122 -1.6491180153473801 21
-0.0876697113803736 -0.1423071279242898 -3.67438249225163 -3.931842581734362 21
0.8587361324771203 -3.668125248320899 -0.7309355191355879 0.2243337939827128 21
3.952723667729559 4.082131669873669 -1.056227469384471 -2.205480563406074 21
0.21399559051675554 1.4367484165988238 -2.7513253119654726 3.1972641736800824 22
-0.18585438733718607 -0.007241923985973009 -3.2376026290343245 -2.393389297203695 22
-1.4067092072410676 2.539013051044506 3.3675668154330634 -2.223732549595704 22
-3.248216281282304 4.117870556943064 3.8905806046875346 -0.6144292206728497 22
3.069697112729119 -3.6786408647687385 1.7787848377965627 -2.1920110817259095 22
-0.631878816851156 -3.573420719046944 4.132533816083861 -2.1695864886868215 23
-1.3831868283191768 1.7503510426911555 4.34661467818061 -2.0329021779351697 23
-0.7451517252523365 -3.124580399959052 3.6209215477296537 -0.40557068965281395 23
2.1896868583914264 -0.3802491715319709 -2.3603591268872015 -3.442692588026378 23
-3.3492347717861035 -0.9152730464987562 1.1864204336060038 -2.891392662997392 23
-2.665190753406992 0.8733170671103677 4.22074942418983 2.276519538010917 24
3.96693769932318 -0.6969962731318338 -2.538957339349098 2.845101723642097 24
2.7407978207712884 2.678148330968721 -2.787284299250093 -3.1513825054033537 24
-1.9212093943032935 0.9158317887790535 -2.910193517428696 3.0138166814557517 24
0.5273660798607634 -1.4113592627651983 -0.8258264371966751 -0.674919245528291 24
1.170249317259033 -1.2120008719163256 3.7089057998031647 -1.8385039475733922 25
3.5720915497960135 2.091256766464393 -2.5001595004692185 2.3625272278059226 25
1.0342790034053324 3.0409151948389805 0.365456789789086 4.272562548397471 25
1.6145516342930475 1.981502438957078 -2.925602753913287 -1.336626351969342 25
2.474986372716365 2.018550891957524 -3.317893927358336 -1.9572491589190069 25
-1.3886046522690783 -2.4171293272816308 -3.3666364856100532 2.941957220558346 26
-2.6910595529690857 3.202482814829567 3.722677007078091 0.3992688625076065 26
2.085677232760422 0.38556829133831083 0.20447340800642466 0.2745586163070579 26
-2.6762237082112854 0.27333546081450566 2.631777911595086 1.2106307460801782 26
-1.7556182442145236 2.905178935050265 0.9236014573595246 -2.858932327819051 26
0.7688188406323578 2.0368862744299046 -3.637401890721487 -3.929030618229554 27
-2.84451677611874 -4.44526933540183 -0.7073591011982038 -1.4937657649906457 27
-2.3572591571673596 -2.9693184175925103 -0.07818848804626644 -1.416850999250256 27
2.2720912795375785 3.1491554433166664 -0.4166497786877962 2.4947568243764775 27
-1.0055129316237703 -1.457141578844287 2.7601405998537896 0.7668997420639017 27
-4.402771434354555 -2.0474869921553687 -1.4997098001685303 2.3966346912777867 28
2.859258747755197 -3.1209072511023215 -0.5220005393894566 -4.189122640303042 28
1.9501555707192888 4.448433961040295 -1.269443146069655 -4.185894517072156 28
-3.4779981345407434 0.046073099316869204 0.382471813505993 -1.6680709801219622 28
0.9223439772002744 -1.2050861816032743 -1.5318086464656626 -1.056084650135267 28
4.421082638693559 -3.553225297974019 -3.8486924296956104 2.514442096871729 29
-2.8120815072816736 -0.6090674647071227 2.4528213833776302 -3.2559222816573374 29
-2.2277624743556768 -0.1828658986682108 -2.579376779016019 -0.20902769281252642 29
3.47842115191217 -1.476993544856656 1.1114525840022134 1.7777640118970113 29
3.8104486770745636 -2.8072284746480727 3.429191338139274 0.26549076995070287 29
