150 5
0.12549009395421218 2.458485468713671 -2.87929280468533 4.204901697104429 0
3.333849171523314 -4.427577463231639 0.6703987464329223 3.0343690005896145 0
-1.7123766704531629 4.118433654293018 -1.4967794395941327 3.6659471042427367 0
0.11805041041098419 -1.6354401761511124 -0.45354344313297335 -0.8947785934310643 0
0.3527994368308328 -2.508705518150161 2.6299921419813326 -0.8569585548175669 0
2.75833222131843 -1.419708369467841 3.453571439526331 -0.8097328014514438 1
0.34999964160430164 -4.447135930040475 -3.635433783747053 -0.15411862146467858 1
1.5583723036247283 -2.6097816403913567 2.4363107230573258 -3.207083744942372 1
3.893018335908407 -1.131797254666571 -2.8175337700854426 1.7058802047649475 1
2.2717702987735175 2.3682510166096975 4.357263298049898 -3.039074965765819 1
3.334495097445751 -3.508999395690585 4.474048441374072 -0.4718852209494836 2
-1.7991721764559456 -0.22584810644578335 2.4720299345471686 1.3310904558693886 2
1.5564304724992724 -2.1816681037144403 4.195251712340697 3.1458471398341534 2
1.8103618775203878 1.4130005343683618 -1.1910256786673923 -1.8213774675878946 2
-2.861930180592952 -1.601433064538093 0.500482882282529 -0.5798946201903733 2
3.4878371122874547 -3.749857550552189 -2.255774293600507 0.025293229463359546 3
2.2190770812636735 -3.9388495591487125 -0.22120549176262994 1.4941092363865227 3
2.083330139154556 2.1826021949418943 4.446499001822401 0.2635138220766249 3
-0.8287576789350485 4.42244699008633 4.352177401688416 2.9907725031830137 3
-0.43076431117447367 -2.7910931118487063 -1.3225112802222991 0.43733287790238773 3
-1.3353617511055567 1.9333049978273387 3.6930209574725206 -1.2556308001595031 4
-1.2830817307341094 -4.035433014044316 -2.518978077962596 4.18252275794363 4
-1.6567289608323084 4.489241504084828 -2.2140698676317143 3.7407972787181536 4
-1.9088562904441728 -0.3438371572577468 -3.7868422266513786 -2.910402113114746 4
2.1174129988557593 3.993110556708237 2.1768272336224994 4.138908192056247 4
-2.921376216010106 -2.588207616872399 -1.904972116641583 -0.7885239877928178 5
-3.3077014834449447 -2.6218692697726835 -0.07167491197632458 -0.11963504677242232 5
4.461191500891765 -2.2801875127441855 1.2744648578193027 4.440682724682407 5
-3.5095215725020545 0.020882144385049428 1.4771934439859316 4.078325063899201 5
-0.39490366298973567 2.110412060512936 0.5846443632067231 -3.97196104084506 5
1.088491871900695 1.0896320401993247 0.013589002777179782 1.8766803580960771 6
-3.148446292235702 0.3444709138651251 0.41672402021155486 -0.06051813110077042 6
-3.416874808394693 -3.1227703018074333 -3.843133000793358 1.4353793980337972 6
-0.4483929886737713 -0.6383488751396205 -0.9489414803998364 2.1898864241112337 6
2.1029587275441104 -3.8378560494464367 4.009360438144246 1.46318710991852 6
-1.9909275321335254 -3.012356028770939 -0.7117755853857476 2.021876163815691 7
0.07279324614529581 0.7132603732336285 -1.9119769202568913 1.3414425374656367 7
1.2474713540474631 -2.5737686609443036 4.3630522754582 0.6756032844936246 7
-0.7418011641936271 -0.2986723746063108 1.0903691175540917 0.2447768477589527 7
-3.7523770594450228 0.6324561724611948 -0.28336707459876465 4.490625691984629 7
-2.44334193601708 -4.17843252196681 -2.9137346365403674 -3.3287934656479354 8
4.180763503980064 -3.828060480979967 1.9089682920398539 3.401152864116043 8
2.074322167681129 0.023669312495594785 -0.5881040228843245 2.7447217438189746 8
-3.6665024869257654 0.21554418923404783 2.0039137691774904 2.5883510917390167 8
-0.592038346684649 0.43214766034020546 3.5809826524719957 1.8600148008077335 8
3.9150627147075596 4.455452726612414 -0.5275539954594042 4.287782740240941 9
1.4608626640253672 -1.3128275513152436 -2.598470140238073 -0.05340599596873563 9
-0.5475868737089712 2.479642888793685 -0.3804695127845066 -3.37247703987165 9
1.1582155692189338 -3.618081709689216 4.395954134714654 -3.9201770963104927 9
1.3642745406550398 4.217544075162174 2.802498553632217 2.8171596692056515 9
-2.367432296432864 -0.9654862768189517 -3.5202645648920217 -1.1012757118151444 10
-3.7560130679546786 2.911957204144353 -2.4888189901719335 3.673888979128858 10
-1.8945332658731253 -3.02401725830361 1.4340622042594473 -2.553642300118912 10
-3.0317845472897176 -1.9983267650596135 -0.3597582235597958 3.483633555990873 10
-4.4364372941820305 2.2388003789132993 4.466909613807243 -1.1239024559320285 10
3.184334046051272 3.8313218920200294 -0.1873817337856426 -2.4332789647218815 11
-1.7806957937263896 -0.23282674722495722 -2.728640162014411 0.036495892505783556 11
2.1628392108269456 1.3557350050406147 -0.18852523578302316 4.283511817280272 11
-2.0914404986837227 -0.9965584729295728 -3.9850046111270987 -3.1580004948260196 11
3.6471679109428163 2.0775794997818786 -1.970887127506445 2.772238914743074 11
-3.8137847813855754 -2.6434955684054775 2.838405740020048 -4.41400974660994 12
3.4948654702345663 -0.7856541454931668 -0.9976882316825089 -4.375322583542321 12
-2.6594010136909954 -1.377617693652815 -4.3387993983274 2.7696405360609817 12
-0.7902097041498346 2.297560574054187 -2.0242131876650027 1.911411910838039 12
-3.3022435375642756 3.193390069349902 2.0549962844240026 0.013493976533653806 12
-1.0817264145863663 -0.2080979639246351 -3.180470710491655 -0.5280664712605986 13
-3.328616726361825 -2.0502236118534465 1.471348877857447 2.2766445752907467 13
4.012541745648651 -0.2308002598627925 -4.118739100275139 3.776517996648137 13
-3.128160444215684 0.46932331655904547 3.7190506257092033 -3.4982030852748265 13
1.086022846792728 3.1412393107924754 -0.030259464159035798 -2.012777066983264 13
-0.6428805795435032 4.122782563855603 -0.31446699730027095 -2.3313827605686424 14
-2.7387863997726996 0.1493036458942414 2.1712834117134365 2.7299801424341674 14
-0.8856521210663363 -1.9906526287297406 -1.3420567567115325 -1.6692339388915411 14
0.9368054595411632 -3.7829482475460416 -2.312223391689815 -3.9746011539930866 14
-0.04366882955447782 -0.23335213042265823 0.6044919911393447 2.5987087637403525 14
2.1222489341379696 -1.8588932727892133 -2.1486311428111993 -4.384136180292036 15
-2.546200138571469 -2.6497744610237235 0.4324072130252471 -4.301921902689488 15
4.338453218022974 -0.42368669524211355 -1.082918018660091 -0.6748019917145995 15
4.128164723194048 3.564959037532503 0.34498472361256594 -2.2371885671585297 15
-0.5318366690792578 -0.8103420953348746 1.3816999160685932 -2.839706308652566 15
1.4486775483163181 3.9058320451838044 0.7343740323116554 3.7721334849300066 16
2.740832775977432 -0.22972227746717 -1.923950365678373 -2.617678920289087 16
-0.05450747280623813 -2.201444888264292 0.18438275837757923 -3.7000244178227346 16
0.9674474239113836 -3.930578342899557 0.45384490402401645 3.2227261433384813 16
0.6432610816012211 -3.676686790639483 0.31904206400065616 1.724957769218837 16
0.18480734422242384 0.8788716583742482 -2.131925850273183 -0.8304947552604005 17
2.453772322196363 0.22600825339871522 -1.740377723870293 -1.1037763309296633 17
1.2534762379590976 0.36330202881315443 3.748780933091578 3.4712813976458134 17
-2.109758082859765 -1.7011935743751836 -1.4802740618575896 4.028858598303272 17
-0.5123598483735369 -1.1083783888631022 0.5820337974459228 1.6072682661384436 17
0.6058654185097032 -0.7841234673024762 -2.483054796706205 2.0324617214351424 18
4.08061732816001 0.8701111403493128 2.315790647282501 -2.9615129012735304 18
-0.23322575661963307 4.459495846761822 -3.7623644503436853 0.5838942769135216 18
-2.471456009021007 -0.4111033717778273 1.5846664066647254 -3.856762736014027 18
-0.5922210525558104 2.345018519167221 4.345965701534546 -4.181388067262546 18
0.6438256313790692 1.6925056352425063 3.8293501485670127 -4.04595395093978 19
-0.7922120280619095 -2.5431927471911338 1.8593622611234593 3.335530922080354 19
-3.1781992851887813 -2.20765612645843 -2.7609889010073676 -3.3284753351405545 19
-0.936756038807289 -3.8840039875799683 0.5915630299426403 3.98421636262142 19
2.700302751101486 -3.8814457222786642 -3.412623587390947 3.5882243038372166 19
-4.164340100846938 -2.7063514714907293 -1.1621954515728339 -2.0047925918856047 20
-2.4994778826746984 -2.118096436175343 2.0879590782587543 0.8079624429038855 20
-4.3694145449674116 -1.0328083562889474 -1.9323646798285332 2.6188481529913514 20
1.6444377280048577 -3.6148564503572977 0.8901137814170055 -0.4210562270207826 20
1.749546905453263 -3.673168840303816 -2.9349671565785687 3.030577438107308 20
3.418635223024088 -0.46767662679082234 3.936631228317107 1.254710481003872 21
0.5787921769360073 -0.7045382213264378 4.013316096751997 -1.9989208079892113 21
2.7275911089882303 -1.470930122245035 -0.7510906984613862 2.2107284967239167 21
-1.5656264568115483 -3.4655287995739172 2.903895881376745 -2.977680961019405 21
2.8598096086339986 -3.5959562909418072 -3.9494973324617533 2.091227102148882 21
-3.6386404639892436 1.7731034489453195 -3.5926979305004205 1.0217618420315944 22
3.94636736376728 -3.6125396528675227 -4.124135737987654 0.5002953142307516 22
-1.8587071015290824 -3.328340036611335 -0.9891477239357552 2.2113159601938257 22
-0.9209323200791628 0.6125301800110831 3.5866662456789027 -0.019692971673230586 22
2.968465362428392 -0.644094735348886 1.6426434143414175 -3.745197006156629 22
2.489708588118118 -0.9241087822785932 -2.0959555671924592 -2.491464286177437 23
-0.2755269631016287 -0.4282633451303606 3.6071109768903424 -4.2756406789154315 23
-2.3915450547963513 -1.630343908073504 -2.3890380834775566 -2.6642005079104583 23
4.24844160264846 -3.7214095045181956 4.164858128458166 2.4945389312405792 23
1.1887788971456164 -3.2170994141331968 -0.9061454314028665 -0.07492355642260762 23
0.09076625036130659 -2.7661911628133637 -4.431315295069531 0.6619977565046029 24
-4.273587320889847 0.11035263977668974 -2.1997110098108763 -1.6284248313231142 24
-0.5003102323871018 1.5463095981523491 -3.9941136850708205 -1.4997992348862779 24
-2.281173567161186 4.193895670928078 0.47247601325113675 0.9541369137264251 24
-0.6362805041670828 1.3743344048252333 -4.06961870392589 -0.5226765724202389 24
1.7136598485409071 4.041424651141794 -2.3879081022458184 0.29264376800253966 25
1.5334875418794511 -2.8535921029102984 4.156872565128809 -1.8070825237925239 25
1.352152389707669 2.8142761477358063 0.8213828301447129 -2.5688266211234607 25
3.065627740255597 -0.3182100722995227 -0.34339647961125597 -1.326382636065718 25
1.5242801054492703 3.789985426163696 -0.6154757377258337 -3.309506749434257 25
-0.04477816386783029 -0.35674555778952455 -3.9263315129590977 1.4433767979131629 26
4.132737767471259 4.388893915205463 -0.8259201076660911 3.757968467177705 26
4.0018354956763345 4.139493384381433 0.3701643075806851 3.4096230853236893 26
-2.200653899652554 1.0332078094451007 4.487996720874679 -1.8047786499872054 26
-0.06351768390827905 -0.18221100800920775 0.7867206579804132 0.7415005038763802 26
-1.4851220447211007 -0.35935048599183383 -0.7926387962504289 0.023889353199034846 27
0.005658320757649937 -3.867136798050761 -1.1495225658131087 -3.504685155307289 27
-1.373045136090926 -1.9261998454386684 4.406395091712572 1.029577918164984 27
-1.1888567175317823 2.9865498851260757 -0.9736598514515842 -1.7652298765806917 27
0.274018397287365 -2.617119273054416 -1.8534011614218304 2.2677092408982578 27
-2.0338692602573047 3.8238055035532845 -4.25912412951541 -4.424699435522976 28
-3.212363852548876 -1.0991773425595222 2.9881201566250866 -0.7007072247242779 28
-0.24121493085556833 0.5380102717858533 -1.3039255343000424 -1.4603517875550458 28
4.2693566386751245 -0.6990603044224166 -2.832195377635088 0.04323709245716001 28
-1.5078371374624862 2.9735026977928958 4.0109026750791035 0.2656428756382342 28
4.162999981573595 -3.9486861496039993 -2.6771008782799033 3.0260465208286402 29
4.434908807359077 2.0941037255733077 1.1175477083040852 -3.7577299763597916 29
-2.8427069759448447 -3.493176168705677 1.9990411538460444 -3.9713662304208235 29
-3.823383607439374 1.0529543685439173 -0.8741543989360138 0.7316130909899458 29
-1.6449663307159175 0.24553472126423936 -1.8526210377604542 2.4885901373912547 29
