150 5
0.45718112317117954 1.8733304035629434 4.344187433810096 -3.743273870309868 0
-1.881857349783501 0.09744844677896713 1.1809090119022239 0.6927740584330307 0
3.536522589128892 3.5666378004009425 1.355779591125327 0.3886150933294171 0
-3.369732205825474 -2.634814096756319 0.5163064877718149 3.316991702764397 0
-4.036795170292531 -0.5327114071442718 -0.4318954526558225 0.31478020767325243 0
-4.2311141020928975 -0.3885009804476003 1.7186733338873856 -3.6945450774440203 1
1.3422964285328467 -1.9936144561682223 -0.612672130014212 -3.580792013659605 1
1.5862941178211813 0.8177653567471574 -3.2597109638007002 -4.4808699738068185 1
-4.284163058605512 0.5296867919179379 -2.612642074545409 -2.550264638055892 1
-2.1667279778328115 -0.7640892269093732 0.14620033110998598 0.6318741464121884 1
-1.9482742640581314 1.738241264816967 2.9156506245292246 -0.11959930059158597 2
-0.5359165409633446 -3.088190353725331 3.523091390296125 -0.9444528920235079 2
0.4018411622866026 2.5228328806023033 2.201503023759982 0.4748153617564409 2
-1.7427282086143823 -2.5023790446103673 1.114425771950935 -2.0664720280501863 2
-1.0082586819991612 3.927452848743874 3.9383550714581013 2.426892438221081 2
4.283958802256405 1.551453083215323 -3.1896447383708404 0.3369093295011615 3
3.6255069768455828 3.1117578416386134 4.462076750000269 -4.058493007453816 3
-1.0980536280399977 -3.6700469201544816 -1.7746214587414788 2.1673203421694964 3
1.3806981227118256 0.5205668614960584 -4.145746971126466 2.2200398189303243 3
-1.245917132436797 -2.474509456441513 0.6607915198538492 2.085351080058599 3
-0.8413207526137624 -0.27953776170747846 0.4574933628896992 3.954631304710429 4
-2.0768797957404486 -1.8738650319711065 -1.3823846738975654 0.670225139426052 4
-0.3808224060931985 3.244805216522338 -4.042980188979514 0.4808955073892116 4
0.7762761402103927 -1.9486092381101119 -0.725463507168566 4.348456090111814 4
-1.9982024403875882 -0.408401320302479 4.010465869533402 -3.2554852662770966 4
-2.651306898555112 -2.6875916006123415 -4.1254592262213405 -3.4139243963798354 5
0.12631553835697718 -3.714935680972758 -2.7652772905216176 2.035511948794971 5
-0.1477302088357213 -1.2404140885094996 0.3958015818485122 0.31432801081753314 5
1.86917959634104 2.220716007918041 -0.31916718483716777 -4.439752034566354 5
1.719836296701879 1.7026237237942272 -0.9677527780998002 4.490445971337242 5
-1.1375988826596455 1.5132132426174079 2.8826208487075258 0.6557463984573493 6
-1.441362024388639 0.6551448288198753 -2.7318333537424886 3.7842248205841846 6
-1.5677355774161297 -0.4936945566282116 -0.6826747733598293 1.0739454577153449 6
-3.9462396225305465 -2.3159212003409566 -2.6720310893294226 -1.5474083057809944 6
4.244423455562108 -2.424742160804334 -1.3954188335886384 -0.9472331663823528 6
1.723297598525972 1.354291723923656 -4.299913020985306 1.4431234697567856 7
2.015452254937339 -0.22420250429011823 -2.9700898380195824 0.9297023692795341 7
0.8699739714167654 -3.897275184604563 1.0762231188132618 1.7811427178910921 7
-3.8469407595998995 -2.709215763326295 -1.8726193255829755 -1.8717121209208847 7
-3.1332510269231304 -3.599060898766998 2.299765292125525 -1.005982242584091 7
-3.3363552185203122 0.47949958626888145 -3.1278306513773213 3.6473841115219288 8
-2.809666575685096 4.068911187280874 -4.382254710430366 3.4783596689020406 8
1.6345060092668398 0.3691770602379407 -1.869689016431226 -1.0635746389914662 8
1.8646254072710793 -2.1250199614273795 4.305646371564501 -0.5699183270385403 8
3.84053115828355 3.052737520199736 1.9429378086767968 -0.7885550976100102 8
2.036875485852335 -0.17784039523130968 3.721822309523782 1.9754144928930382 9
3.078928672889821 2.2027709108192335 -0.1737739040815094 -3.742005159142919 9
1.4429331575965127 3.7257774030534403 -1.2272951895416102 -0.08453967887465996 9
1.202990074088173 -1.2065347363265155 -1.9452223489375462 0.3117645847768352 9
0.47560115835400996 -2.732574809698768 -2.613140386365079 -0.051033820123878804 9
-2.771349332457572 2.0310266153953878 0.2520467564139818 1.5602367654370441 10
2.56443033088018 4.248885273153892 2.208292605737953 2.0697636782301516 10
3.1587427533735153 0.39234893936240467 -0.6829568974030614 -0.39642902003794567 10
-3.6918821742924166 -0.10014079845498469 3.3615639132281294 -1.2349086968642382 10
3.8514271280591306 2.588563795531287 2.1422954786187187 4.446605085210093 10
-0.13415196551320674 -0.4024857466720231 3.823275451832658 0.44313181013185177 11
-2.538128084315818 -2.905079572783588 -1.7539975181282759 1.1008137226576515 11
-3.8373869770257816 3.531538688283833 1.6587150140809337 0.24266029424664504 11
1.2615895520915301 -3.210009142758108 -1.426710322589899 -0.40116085794544687 11
-0.7728577225541343 -4.058019680419138 -3.7638833128633764 -1.8784601550096562 11
-2.615639854298727 2.076373117161345 -3.195929205132952 1.4983265773933596 12
1.3601049339743945 -0.18919532360720048 4.133107273844963 -3.0848878524094783 12
-2.0269754505392465 1.3700081255956627 -4.245353353335355 2.1722145229464984 12
4.108045601856424 -0.5803149944232647 -1.3125195920907011 0.05369648970889129 12
-3.868807454210968 -3.9804166095932922 -3.9505673233931278 -2.9001154793569675 12
-3.7541608308219834 4.13736468527899 1.7595566274673362 0.9468955765548511 13
0.3668475256784446 3.037161894027502 3.180701001770096 4.16630892184442 13
-2.969698101865788 -2.1568943454397633 -1.2634641080528448 1.0822365599474648 13
1.7277976068555847 3.560132953277852 -0.4709032900806893 0.050372664296405745 13
-1.433803639858564 -3.9179412180874507 -0.9764841726926047 4.296548042537628 13
3.277077024695794 -1.8821479875347158 1.1127403571257906 -3.22303115256605 14
2.169741657596063 -3.077697107686554 1.7795559729300212 4.19180631601134 14
1.7546709162678829 3.0727765712803334 3.5536444798772404 0.5220367503103454 14
2.0443687087203837 -1.2680322762285774 -4.367566946262593 2.7499169859132326 14
2.040207763411781 -3.244795882357857 3.8867520600102616 2.1053608383748013 14
-1.6756279629010016 -0.7237551898534992 -0.6394218543746152 -1.072430024524341 15
3.394908350498854 -3.116338122859713 2.2014428728954303 -3.5293401256512325 15
3.42112311224384 2.690678872987235 2.5622626254831005 -0.010753034580008758 15
4.244618673701826 -1.1906731502688563 -3.8689288818582184 2.9074069271581364 15
-2.655542079829988 -2.334867116988609 -0.9746327041192486 -3.539115578878553 15
2.950765212792788 4.1870533373452385 -2.9358140021268726 3.2348935421053144 16
1.7892899854238111 -0.15752662403553086 -2.945323804532822 2.5582541896592517 16
-1.9165521178698044 3.003190959088437 2.737044902850365 -3.721336689262497 16
3.349615575594833 -3.6708156737946753 -0.5815207982188247 2.584430760689943 16
-2.55645476082201 2.9858498141207983 -0.08945206913965809 3.2941423685619733 16
3.1347350737154644 -1.668123011124024 -1.0825087497689967 1.1548297693898086 17
-1.9863486283782932 -0.62266480183386 -2.578317615104006 3.0803074570248423 17
0.35501850238200106 -3.639898664940478 3.054215577600732 0.5925090110183382 17
3.0322092484225363 0.3126138331618885 -1.5922039804393573 -1.37188628177707 17
2.4747103353683126 -2.4224736098130584 0.8521446783399405 -3.3443183102817176 17
4.187640159957292 2.2592457658654137 0.09425555626060955 -1.841163561187808 18
-1.412155220472347 4.036748822639592 -1.425794811521817 -1.603448548001864 18
1.8046060106964554 3.0650497693761327 3.010834652532126 -2.9204944886015882 18
-4.09052424729718 -3.9992261305348062 -2.3719718860678607 -3.019725703339973 18
2.1846354619466593 -1.7578221034644717 -4.364093040864083 -0.6695574313173144 18
0.15105929258920747 -3.0936381869585383 3.0955274289594072 3.6247433166333094 19
4.301571686912863 0.02475942906977524 -0.11370904294162099 -0.7076127720439668 19
2.9610097062725282 -3.8336598334800325 3.313505079007082 0.25645299472053595 19
-0.1897609300394566 -3.939484676348017 0.4380045741633568 1.343807262541358 19
3.458172879789635 -0.48770839158337076 -3.7834854237499114 3.0465501913349406 19
-3.883050735643469 -3.8115334591563865 -3.548312622806 0.29089391884284044 20
0.34913392202853 -3.819902359452923 3.83408588175136 0.43836131675409284 20
-2.846049137888015 -0.5727862425013742 -1.4201294072843735 2.0396778089811587 20
-0.01995452083388305 0.7498072371758167 3.6091309528839757 1.0461182941067162 20
1.084614132644166 -1.1446965032159837 -3.997024715473503 3.409277385786826 20
1.068629246825219 -3.084798074533774 -4.338202937726235 1.604153133532372 21
-2.0204237210967575 2.688464435366795 3.600414207883845 -3.082989925514953 21
-3.1221962934613545 -2.490093244028369 0.2534861682006342 1.8454913077283914 21
-2.313196382754404 -0.18443425659239776 -2.920395332275137 -2.2932217390362752 21
-4.493290301622919 -4.2271977552978015 -3.90087009943872 -3.0689774234420546 21
-0.34606663516975056 -3.0373138362013266 -3.436541374969425 -1.8842181082433394 22
1.6155162339595666 2.656841284589746 2.25516076991082 1.7431602398820223 22
0.7034702286393917 1.7528847945588515 2.3634217950460803 1.4369754910787123 22
-0.981377858395092 -4.083334173063465 2.648107777574354 -3.1593931930791364 22
-0.545206206333156 -1.1521771901150424 0.48882234402501 -4.306862223660643 22
0.8730291798029707 -3.292036472708702 -0.07502492487068613 3.09075162398718 23
-2.450583929503477 2.833041748745518 -0.24941589050855617 -1.8397262096905669 23
-2.1210702602380818 -0.8071181558355307 -2.0281049894931447 -0.9581269961278069 23
3.923749588462034 -2.0200278328123087 3.7244070011993893 4.2686645761568895 23
-3.1923903703179253 1.8181811639830707 2.2354474000425264 4.387590659115494 23
0.6035989539714717 1.0043445199193726 2.360145594863291 -1.9418383673357338 24
-4.121722341057837 -0.744597947184959 -0.5842616251184265 2.0083424406397556 24
-4.461602092495565 -2.2811807802519946 1.8840601662472878 1.6031254488611482 24
1.8545056522560572 -3.9461335567137024 -0.10900707428822687 -3.211810842643561 24
-1.8477585125704812 4.393014775309603 4.136747153587633 -2.5188908232317146 24
4.241000072042779 -0.16338250188265524 4.314459103624115 -3.35318626412334 25
2.121240478754213 1.1939019676752505 4.323020707058939 -1.1149547957170887 25
-0.30876235700636945 3.213597893771877 2.798429498076405 -4.434370896308778 25
-2.9473357305043892 2.955887300196995 -0.49499286808454324 -2.259524045611708 25
-4.1213742888751375 3.3025832263151864 1.7507268193038241 1.4672407409876702 25
1.58396928721423 -0.48677301080218305 -0.3427357493979968 1.8597227647485162 26
1.5441322287084929 -0.356683464996823 4.304354526394678 -3.660771788298515 26
2.520029001407267 -3.4790032452229442 0.5640845152608426 1.5836494496850575 26
0.07341685963744837 3.3434058594948564 1.1989672217832612 -2.1397292369075718 26
3.8477634823082023 -2.5169730160651858 3.3745841518255535 -2.290219574183329 26
-2.23262727700843 3.636112244480898 3.1046539121139514 -0.2634424595827737 27
-1.3903439515638438 -3.9881468335615597 -3.212167316899078 2.9171664434336937 27
1.9339800490082955 -0.7702302676197793 -3.796359290131173 2.6549066605207825 27
2.1179176874562966 -0.2061752990096758 0.9001099589221204 3.3899355094520116 27
0.0050899899278872285 -0.7419428063226947 2.728840653616582 -0.8822632381136517 27
-1.8856359356836365 3.6063978064861586 -3.2832706216813428 -2.1042765288346974 28
1.5190882018659653 2.5994910900867043 -4.488097191699007 1.3806292321433307 28
3.561655779838056 -2.2482995184957595 -3.7303883884755553 -2.88640280723906 28
3.7783855257518018 3.263445785327023 -2.2952112517569425 -0.845077658425973 28
0.05476735912487751 0.6111195672962759 1.6811995316315467 -0.49979191980243787 28
-3.4656098576689933 2.3590425650199176 0.0339350927424662 -3.661129824510863 29
-2.940974935341087 0.3045243690531858 -1.4564033900701934 -2.6399830971662563 29
-3.362064252941527 -3.8437461577605845 2.1522379372517078 -4.341126467942102 29
0.9812469938450805 -0.07917183345887979 1.0511634754515444 1.7809823310267705 29
1.5732894126534538 2.617687647488559 0.041787154094849455 -4.099702494106963 29
