150 5
-1.8480149758160125 0.275280800447647 2.6589896914183853 3.3758454971988567 0
-2.7763129174725463 -3.8888967762783775 1.8535917289321984 1.4696129954161685 0
2.58286913999922 1.4070016959826992 -0.1882547751549467 -1.2691942595771053 0
1.2376880643927224 0.6804260437773058 4.089308776687511 0.9825345027504834 0
-4.148433754300202 -1.2796775596480596 3.212777972330709 3.4238417432078583 0
4.011148681365668 -3.959597877161532 -2.887148062063299 -2.5483709479730283 1
3.2763789319158994 3.3956147353322725 -4.181718451970845 -3.145603243246691 1
-4.039257009415917 1.3717675391908934 -3.4615595259160674 3.6331633040716538 1
0.46576231771387755 0.8776192791514592 4.321102179512476 0.08920679555462785 1
-0.14824238120998112 -1.9531065522870792 -0.4821431492438908 1.6622839749825578 1
-1.8204685352840553 0.55358014793725 -3.383458868691853 1.7897482121975434 2
-0.9355730755767613 2.5983063871100964 -0.5454369919617397 1.4020831725747016 2
-0.7336405318871074 -3.204864713022049 2.6725534006981935 0.4355456711261403 2
-3.1418397502139066 -4.002827848057586 -1.7527393212124975 -1.5371049194512003 2
1.9623347433328115 -1.869143809462753 -2.6064353328323904 2.5871256005096246 2
-2.7110351501969125 2.982275300794689 -0.8623598920816737 1.8887973966986005 3
0.6119200775216791 -3.758942257087673 -1.911464537080134 -1.9248713739842618 3
0.4049871653764834 -3.069371298894521 -1.5001558996945037 0.0488337356601064 3
1.5908614713266438 -3.4337496160883116 3.796378367180897 1.9953448186463942 3
-0.4950354049193807 3.4918419074147913 -2.0973987720676366 -4.1630434637551375 3
2.6754095699577913 -3.8881914456273625 -0.5195283380693432 -1.8921592136391994 4
4.147089808201003 1.4328485313841954 2.4468420948414966 -0.8946177191704003 4
1.9689847490199117 2.192190886206869 -2.8239620486766603 3.494848201714745 4
3.4896271669707324 -3.2944889918178633 2.7840645159941872 -1.4206641987261164 4
2.492771225450222 3.0419236097579256 -1.9107787101570635 1.0790322046367038 4
2.963742875175854 -4.23758703132172 2.4409682211555594 1.8190074280131368 5
-0.9866295785107393 -0.564732070487632 3.412396504557143 0.7902336912812038 5
0.18571557160198637 -0.0641459325088427 -1.9581171655677014 0.9395795961242994 5
-3.3261364601224286 4.35945177895025 1.2991019176400802 -3.8363084668160456 5
-3.908679102737232 0.7135566996966298 -3.6176891902481265 -0.7875271585477 5
0.7269734257805516 4.0890407900123185 -1.459771856021891 -1.3978654441214657 6
-2.7230060023769225 -3.7500713943263544 -0.06104970259965392 -1.6533438756154335 6
3.454777959599135 -4.358734263441507 -2.7238488537043284 -0.5543085154876153 6
2.6603518261817194 2.41371395485481 -2.7916521863697863 1.6761359634571755 6
3.3483940735785342 3.7449907775059974 -0.9350294902801002 -1.2092345686753934 6
-2.0356812637399413 -2.372569862556605 0.8575043662672529 -3.2329020160507818 7
-1.7053214071915113 1.9407893302662662 1.3416511494267773 -3.4473190194446692 7
-3.7553805967193696 1.5793779870398386 2.8188908883713313 -0.23611567142254564 7
3.226722019897744 1.7360719570485545 -3.8329435258235955 -0.5794247480377979 7
2.5657532213753655 -1.3204687339744243 -0.03767962698128913 -0.665708641903998 7
-2.518271378606363 -2.29164848586225 -3.5931134475348627 3.9342094278778745 8
2.0467126401680784 -3.9228500438801195 -0.42378085612714766 3.733021934701834 8
-0.4163628425201381 -0.11090403478306476 4.349919376403044 -0.7386476586794835 8
1.2678734650004533 -3.5444803287299513 4.058156767539721 -0.9471602506336259 8
0.6624894402093378 4.143112146216399 -0.8753201430928885 -3.6449325435735376 8
0.14112522177785936 0.6284254130536215 2.9021822624451934 -1.7909746506371058 9
4.392059954142837 2.9958384156215647 0.8972914107645142 0.86413181693765 9
-0.016706861064034406 -3.7786379592237305 -0.14804167628430098 -4.249335226766974 9
3.339422946584662 1.9177776808868194 -1.833614879380056 3.6728023250333903 9
2.089008391811706 2.9125798831801375 0.35048732432295904 -3.1855779263359407 9
2.204812900951257 -0.7824363471372807 -3.1355835460450336 -0.8522063335629825 10
0.1323480048805431 3.118873456053452 -3.314000767200491 2.763494368592118 10
3.2297585116220686 -1.7054674745112766 -0.5522026273032764 -2.6823906216969107 10
-3.42552245419302 0.18863533197450666 -2.6191581890439033 -4.211896573543464 10
-0.45944938532674406 3.5755854743862825 1.8137205369964358 1.8248712881355917 10
-0.062078952721260294 0.04029766192432016 2.4529325328357867 4.014344018589156 11
-1.2138871554863453 2.5470550898292665 -0.10799650318785725 4.061507966971697 11
4.0313071728770895 -3.3298648823362105 -2.5075121107482685 3.5795264987430624 11
1.4500140617346364 -3.0264092235884905 -3.7780925909558665 -4.4796012011824855 11
-1.7195511203329685 4.199671388453225 -3.7151455178711643 0.28140941702026256 11
-0.15430792801098336 0.3667270067486377 -1.6911320291903136 2.425670774812507 12
1.9005582156193697 1.6868856965966883 -0.730765853918677 0.4775924606753458 12
-4.167277671914657 3.4935350936027136 -0.4628694249147124 -4.1475494342450405 12
-2.8027421277018156 2.538249822252402 -2.1537437743788495 -4.041382794073736 12
1.2953350977492455 -0.1314091250829258 -3.5750831238753493 3.0159570926384864 12
3.861404505892761 -2.0710672857435353 2.5175118263905176 2.2981360063281993 13
2.82761087377171 1.7553786606370694 3.1650439583682255 -2.028801237101702 13
-2.3802192729502893 4.079724226569322 -1.1746994637618728 3.6809507752966297 13
0.7689213768575344 0.7475982180781795 -4.421513939605862 -1.7343280820345957 13
-3.0851141180944985 -0.672835823220726 -2.0200331878172815 0.934671488313001 13
-2.3848027711088373 0.9045659395776264 2.833621720683901 -2.3396871441928564 14
-1.2545241974621661 -2.9801389648235075 4.048958490239872 -1.5117879359481825 14
-1.374781958844914 -2.5693468228280243 -0.03916678603637758 -3.785196227701483 14
2.6507546369687325 2.6253838628680826 -1.6289329628072355 -1.240043567534551 14
-3.019136788220143 2.2532764366103613 1.6773234872877718 -1.6855729212909205 14
-3.9969304303858797 -2.4077661695845185 2.862597990652979 -2.607676809572591 15
1.3508678834538206 1.9641758753237795 -0.8120942708805796 -2.3570780200859094 15
-0.17955482849500903 -1.461467991083612 0.20433781556184638 3.879215572454213 15
-0.9926433961044179 3.2291747446050305 4.396728973805355 4.104895078551665 15
0.1024705001591969 3.3722101288424042 -1.0399980479655935 0.07031596999856649 15
4.0179469873909675 3.92160340264341 0.07443504788110711 0.7115501814917818 16
-0.06265861256607308 0.904664480020407 -0.416946020536466 -2.393429938668833 16
-2.635469098738366 4.105694448406027 1.209231865806914 -3.2460174027351023 16
4.381294132632125 2.964409590181077 0.9170475471326214 -3.246874944901198 16
0.34100513722621617 -3.7481614165258943 -3.603067629843614 1.804885739303609 16
-1.6750125989826332 -3.5449789569337753 -0.22930563722739528 4.116979328514644 17
-2.655822187855169 -1.5703344331894793 -0.6123616481221846 -3.991372766053954 17
0.014480885296068391 3.404868784298227 -4.347350625641943 -1.032993475785742 17
-2.150919509749839 0.27123095297572564 -4.376644292755527 0.2648724921004466 17
3.094763779051924 -3.2709196223584507 0.48530718632808145 3.1887663335712633 17
-0.8979839073963041 0.616367579002176 1.7571203885315594 1.3978820794105749 18
-2.825629086959498 -4.376556600362718 4.137209332023579 -3.087369928817463 18
0.8351015017286677 -4.358562911191663 3.663787125081708 0.2438478404869584 18
0.7739435121490938 -0.8220338881584778 -4.275942710575564 -0.7311743851805965 18
-2.4423845230916554 -2.791046359163506 1.2345338268529986 2.331441415770157 18
3.719726279682533 0.8119833469674099 -3.5909161396148632 4.376940183897606 19
-2.9592508744701806 1.930270299665787 -3.991034780870978 0.6156129937165619 19
-2.3539854702212706 3.7962462892445528 3.1374682338276543 2.352625736235636 19
1.9914648007460567 1.5923068117890198 1.4986408063876135 -4.16762511184422 19
4.381295007087442 0.3577067684774148 3.281471499482975 -4.305689401564454 19
-0.024236300497496588 3.583146402046107 -4.379470378018128 2.859515116088622 20
4.153741660957203 -4.480154158629088 -2.2406737577829428 0.3666104812537955 20
2.979916452037524 0.5153500600779165 0.7619489438517688 1.7581545900100202 20
3.915150260652326 1.9659711734725538 0.649106597367593 -0.9278390555474562 20
4.122763279760026 2.3323544117913704 -2.303342878591498 2.512529229431891 20
-2.1249519669870756 -3.278236209590923 -0.0026240021022198023 -3.407938242679722 21
3.6143050120580456 0.14465923124989088 1.6274592565136938 -3.4838459925199476 21
3.1449283998948623 -4.002325582724488 -1.0280512567104951 1.0673882236758245 21
-0.6304320186935957 -2.649896386434608 2.3180531428404 -0.043632930335915976 21
3.3353216929188108 1.746305924798879 0.29727853596441633 1.5861364722427123 21
-3.938137189519235 1.0328675507160252 2.7092650212275937 -2.6127714834698477 22
3.053562837657986 -4.195959245028085 -2.1752717941115685 -2.1520587186589495 22
1.0135358931983474 3.8323538372360395 0.4504805269280677 2.9063585157571987 22
-3.1368528582985244 2.051427298179062 -2.8141004517795802 1.4411030838794583 22
-3.1426138398850645 3.0595665614542478 -3.281579162849052 -2.4894594497800395 22
-2.8564401544521854 -0.9800695202118406 1.4852923819645518 -3.0924069797467357 23
-1.2581723090166141 -0.9185205330037554 -3.5773565532634324 0.6738990256830013 23
4.411951699459849 -2.711316746372806 -1.3268970824020725 3.094946211573872 23
-1.1767202084653752 2.424548021861995 -1.1126206757791484 -2.52232726346607 23
-0.4907658849950599 0.5064318448460373 -0.12219789404334314 4.479071782020887 23
2.374206583369117 4.498050452846551 -4.33642447840402 -3.8431036349427607 24
2.861325869606307 -0.5493767244529144 3.3788624026533847 -1.6047418500576245 24
-1.4222105452415996 -1.475894815600499 -2.156937071983028 0.5386257749993671 24
3.4151668059507414 2.2640454488199704 0.22372934959231017 -0.08277451004176273 24
-3.805915890008822 0.2362016846949032 -0.7352453193452658 0.8512490895095671 24
1.5576068043402787 -0.11141164629938127 -0.3323549000686489 1.0673784112674647 25
0.21566356366599926 3.2298033468109306 -2.4440643144587044 -3.2996357546562836 25
-1.4791619319329457 -3.283601114803713 2.1805033374935636 0.35007282507538284 25
0.9872746206867702 1.4419796180241704 0.9771403583292139 1.0054707989466931 25
4.293288595075217 2.8999949145753243 2.214379481373324 3.113415228422423 25
2.5079149807417362 3.985670182266089 -3.8474041129526997 -0.6179095949628425 26
-0.9115501430747586 -1.7798569886768076 -0.24445975581067303 1.1860596463284103 26
1.7398548803923395 0.5346049363961729 0.9963946041021463 -1.2703591797153149 26
0.14262047707331693 -2.495706915646668 -1.5611891450154456 -4.223459039286492 26
1.3487393324800445 1.5963899071215577 -1.3566228757456762 -4.301788606170786 26
-1.0228686847855921 -2.147289892990494 2.0944150359562776 -3.085910712834579 27
4.488853052611957 -2.1202586698871726 -2.374997039442833 0.6057301849394542 27
-3.0172343332209053 2.5487816987535847 4.1807919421651185 0.09914196281595378 27
-0.1779127843340228 4.079862569475781 1.452295507848557 -2.404382136567744 27
-1.2344570940445234 0.9273226086600899 2.6639020005138163 3.6248713155544907 27
-4.414396652323463 2.413615686714113 1.1317380129312635 2.902731301148972 28
4.192981465691608 1.6721839008766712 -3.376091458728705 3.291060382036699 28
3.0358284313343207 -3.5728021363463958 -2.1979576567106562 -2.0212426285219394 28
2.5943555084170384 -0.624608053591302 -1.029789990189999 3.49019590059867 28
-2.922678389660116 3.6033989990589386 -1.2364792526177268 -4.47901651542429 28
1.4671745329356414 -2.5583762902488947 -4.151536804074621 -0.5326532431726667 29
-2.0947869044933034 -3.1024067934510744 -1.392700301076446 3.815225281594508 29
1.3777866594470332 1.8841579925311462 1.5608529434575373 -3.580694320927729 29
-3.9415255192570617 4.284262915946764 0.78096661586766 0.14024724612896333 29
-1.7842250529362067 1.411916479151809 1.68866833278304 -1.704696766153718 29
