150 5
-2.6238551637704166 -0.16487044412970697 2.265837796372958 1.853751001796194 0
-0.7151576821706275 3.2326379866920973 1.5342555821308768 -0.75879598950615 0
-2.95954601749494 -1.4502243545666964 -0.2359200538169287 0.8369528579469285 0
-2.0652045003195196 1.7193721540463653 -1.3405237145441953 3.2195278277295563 0
-2.516359350260469 2.80755828484818 2.742826230410385 -1.7157410060200995 0
-4.4052581311550245 0.5508332699669977 -2.7311255019294425 1.0294667029540714 1
2.8235356867367676 2.2059026645295208 -2.9915562366679103 4.150997578044579 1
-2.797997802654942 -4.444732202885116 4.418851931826969 -4.178849087071022 1
2.448394843000826 4.120489512839477 -3.7496102022532223 3.133998277194091 1
1.8174409568488001 -1.8217955982145453 -4.09449767641276 -3.7072719666381238 1
2.4119346776003185 1.6939649240335273 0.5445865723251616 -2.4943817546844382 2
-1.0153486765707997 1.0368524258375058 -1.266549611716149 -1.4220840217702226 2
-0.6520028414009343 0.7586067884120542 -3.9413211296138715 -1.682271820721839 2
1.8237196697890674 -3.4929434530469097 1.2677543252446255 0.29096715742461365 2
3.809429332600054 4.399976464769842 1.2747452386771227 -0.9405016635769435 2
1.59669696139236 2.6564829791188758 0.32840592872078544 -2.851980459851372 3
-4.238312855957191 -2.900168360678478 0.5321374310262752 0.24879014494214446 3
3.374349707499453 2.2043886963175607 0.7148635572696348 -0.6272643346762795 3
0.07281146905354419 -3.3449948835500845 4.257052741064274 -4.388413125235509 3
-0.14144185392202124 0.14196139064578328 4.411683883951879 0.1798766519142907 3
-1.6986180291805404 -4.089046116610885 1.2865545577322677 0.420742583651843 4
-0.5608740592611036 -3.6370385107376295 0.1467814397575795 0.711465849976314 4
-4.093108992830758 1.6634584680041502 -3.0162716137276226 -2.1939437954740733 4
3.142716706868212 -3.373135351259742 -0.43184504691750125 -0.6155266520371997 4
-3.3384239350934743 -0.24245998131909186 -1.238427909913188 0.8672471906797407 4
-2.721973417511948 2.5346047394423348 -1.1664084058575115 -2.6332954155047767 5
0.9667247682779248 -0.5084991515078214 -2.618931311881444 -2.042619932422051 5
4.338261977219131 1.8805987242551874 -1.5882060308582449 -2.7875982895426192 5
-2.531426261202058 -2.9926053167167956 0.9508876293818896 1.8599879589576478 5
0.3488892578971833 -1.6792129059184924 -3.8101614324663267 1.1462911328356098 5
3.703832976468399 -3.723698882076822 3.783864809899102 2.0800069416143376 6
-1.6733337313804777 -2.5277637432209774 -3.091167198083964 -3.769105327340914 6
2.1299960656586805 2.956863284523407 -2.2257601700019447 -1.6348114242504022 6
2.201080166572582 -2.9021666585755757 -3.5202673522799564 1.5986665868819134 6
3.2260787626835694 -4.450388292867684 0.04227133972885899 -3.9055386582138003 6
-1.2812114723282295 4.078334240413691 -3.4912409450276485 -0.14627798064823327 7
3.975987474721826 -4.292558885905838 0.42251004679924264 2.0712896007375963 7
1.5571439732444756 -3.0229709990489884 3.7556521675831096 -0.7467880441331828 7
0.6131913327491594 -2.320893389701904 0.0899358138539319 2.6172252481774203 7
-3.0792967724835703 0.032065393642131124 -0.2292000385490317 -0.4837684570556585 7
0.6461563178541073 -0.27042828025362275 4.232809153499298 -1.4313518435349013 8
0.0735051643893131 -1.5862355107948893 4.333846130785277 -3.572615524327329 8
3.478485197340917 -2.2334804028459425 3.5237957715977055 -3.1039301398763803 8
3.2587903121603956 1.216765705747413 0.837030933476545 2.243597793657862 8
1.775008619568284 -4.22591765691919 3.4825013153411017 -1.0217986549531544 8
1.415801723365238 4.493901794750556 2.670609052621578 -1.5873623065872358 9
0.05890927989010053 3.893811764346915 4.24208166835638 -2.36689392105504 9
-0.5327741834036446 -2.6997421366984478 0.8779829175445514 -0.8443171918045026 9
2.734682113897239 2.7690485329640344 3.5809439057480072 3.5781859159342457 9
-3.978424155849199 2.612754315169647 3.5795020481071416 -0.5203879935974268 9
-0.4496248918992526 3.1608971687526797 -2.6787415843550373 -0.3933529099618265 10
-1.2382482219084796 -2.6781513625383173 1.6456528997343902 -4.137321948991224 10
3.349704955466688 0.9243719802200445 -3.124437337804749 -3.953665311172268 10
2.986674637640097 -4.241406364300401 2.14651111696781 3.8261218021155754 10
1.8386695854155324 2.366963204785371 -4.4247942629302806 4.204753015770851 10
-0.9365653533716555 -2.7590736382989247 -1.5773223645132428 -4.344956669526766 11
-2.9796922750129613 3.50546254269626 -3.0358647879680163 2.5493831544728316 11
2.0784787927423407 3.4847463343844165 -0.49926266847109946 -1.9830708924225358 11
-2.0966007004394096 1.4743741319900507 -0.3347376313009758 -2.7160575810885357 11
-0.5851165774412329 0.13201653789722412 1.3392736543273815 -4.199031356512227 11
0.588582319403751 -4.18936484592499 2.963991561313137 -2.29900233430971 12
3.35147769978044 -1.3493211320221996 2.696508900900745 2.299414715115582 12
0.35011208614896105 -4.433320188080161 3.222451550065253 1.6828856927146134 12
-4.059400808238489 3.899716151901913 0.49292347111371826 3.440999119522205 12
-2.591074305970935 2.023566226005883 4.3648471168381535 1.739066881969911 12
-0.917503586834473 2.124726610124998 -0.3141482593768141 -1.1623313515593992 13
1.3602390065955416 3.825317892487118 -0.5263923105552324 0.4102073503325381 13
1.0269768842013283 -4.166171104592881 -3.954693379604629 1.2250972459385954 13
-3.459812574045252 2.307998097229433 3.4439495152205466 -3.036778385368379 13
-0.4339905808582809 0.9420753990515605 2.825579249387048 3.8237061330503725 13
3.2733544951415556 0.00343316287084372 0.6534788514846697 2.1890323261059104 14
2.8525492345051493 1.3422493170229675 1.6365579442237217 -4.1299686690319515 14
-0.37267537557907526 -2.4393144680182397 -4.20960435749651 2.3137311029896406 14
3.0262255927488795 0.0934462099768254 0.5840659963253056 -0.45489655189081035 14
-4.259547884264519 -3.1084482959335933 -3.9036709860854275 2.4436027796173754 14
3.6781348158806066 -4.182688168938586 -2.2941018963495297 2.1984778817866784 15
-0.2559615769587428 -3.790065678089548 -3.6641638796694305 -4.351886983152012 15
0.3586939613042024 1.756249739139145 2.9756934422964068 -2.3336420383658494 15
-4.032323062721027 3.9470155594227574 -2.748582192002848 -2.1757843828750074 15
-0.6220498684409628 4.244072268158444 -0.14822036523195048 3.567573140054731 15
-1.11156026464718 0.7063603352041726 2.4612309452895813 -4.352540548243099 16
-2.0065427302443495 -2.88976166683662 2.87935518911619 1.3888329377467157 16
0.10488850133086891 4.480328601505477 4.244761707889423 -3.2387708587142146 16
0.07494609248241291 -1.439580189927657 -4.37168180174457 4.452171331625178 16
-2.809166780307289 -4.108342665238165 3.436646497021414 -3.4437081027137655 16
0.4868215129619845 -0.14691650655221522 3.310423412685486 -4.328665313089727 17
3.2335249417013054 -0.8288602359342215 1.7423568142295602 -0.7569081090261531 17
-2.1489912444506913 4.483143253067999 -1.7964377139957874 2.003323406866092 17
2.686961044275372 -3.9353530874701033 0.582275397110669 -3.0120708775030587 17
-1.6577584632613118 -3.7549780546084923 -3.183056859751847 2.217198066348688 17
2.209649772855644 -2.222106102387251 -2.722734431412844 -3.529927039048012 18
-1.3419125774947767 1.4057627083172464 3.7355782638661474 -1.8424193507595323 18
3.011736241510171 1.994637901467564 3.908059224282153 -3.3209476105148736 18
-0.8471307070777475 2.4879483103833167 0.5958397211027273 0.4910870523944252 18
-1.0069178053680357 1.471654262418327 0.4524310219121982 -3.962899548487638 18
-2.862077295899945 3.128363963562685 0.52131353167297 -4.2135563075790685 19
3.0024324895848453 -0.3210141621317659 2.442083580378675 -0.4554711852387484 19
-2.474973779762506 -4.4460044872220985 -1.2217441812201413 2.9033839066724023 19
0.3653743750877456 0.08277821858121226 4.340606503538009 -1.851919388744228 19
-4.079547064653399 0.6231174116668416 -0.8301593399117069 2.206299498118767 19
4.327798409489276 2.76845809762832 3.620998824069318 1.3686008554681064 20
0.8123558964276892 2.601096910854249 -3.7758196225368064 -1.3901507727153732 20
2.496538388221696 -0.46664179464757605 3.036455830060812 1.4977824239142794 20
-0.9421375242916717 1.1726142620399351 1.7401238760691746 -0.007084180679742813 20
-3.6123019712102087 -2.7829118286135426 -3.468389772109452 4.066417357436419 20
-3.7300000013450068 4.479158890613063 -1.5263642925052197 3.2450537232818757 21
2.764480098077313 -0.4201329955337526 -0.6993217428934726 3.6066720962258647 21
-2.8749832567046076 -4.460183486474187 2.7824344977424325 2.0613276226856927 21
1.6318303626782844 -0.5149657631054871 1.7515327485739873 0.6723134957716731 21
4.103698076961816 0.3001947500902393 3.4537535168860067 1.8473246183721985 21
-3.294384815802477 1.247061215458688 -2.763268912376528 -0.29441043235515996 22
-4.192801325124383 0.08188264945795287 2.089827733373831 -3.66275281929967 22
2.9241174672642876 -0.5768213499875706 0.15801018990219395 -0.895212096477471 22
-0.2780535156885253 3.7610176006071976 2.648954966636163 1.094703010164375 22
2.01277213856326 0.5321733250434038 2.692004565446315 1.0857789715499448 22
-3.831643558970732 2.1945588281826924 -4.343517825439587 1.7479713222165087 23
-1.4297755478766163 3.2170196904765844 -4.18982925665583 1.19301562763975 23
1.0402356282971796 -0.5437376129178361 -2.6844181272666847 1.780108605564771 23
1.1025028346113612 -3.3054925805327477 -1.201991864454064 1.574389493896676 23
-1.0291691192542174 3.952890427079563 -0.7156319450747612 2.197856591754688 23
0.3599717113986639 0.35237055544139917 -3.0659810567656267 -1.2759406523514425 24
-2.3425684039781185 1.0011184709306398 3.1454849123267445 -3.1342326233754263 24
-2.7666966213304716 4.132262430193759 -0.9463883619204849 -0.797315996047543 24
-2.0675613523027447 0.7165962230998827 -2.6142808498862418 0.010807939500012242 24
2.4645176224312486 1.7678358771139093 2.4519556552736494 1.332625246445931 24
2.392326840934484 0.8017428571349802 0.28879591265613813 -0.045886429170766574 25
-3.4203723483940887 1.5284673731204186 -3.3707104010533295 -0.026466751945527167 25
4.091292715182212 -2.9831923199386035 0.4221585975188107 1.657399117933269 25
2.873845180511182 -0.7194772214936682 -0.31248186340950845 -4.199948899051414 25
0.22853162660695348 -1.4113161756360326 3.3328851409749105 3.148835183362992 25
0.657485949194224 -0.3430667819627976 1.0262880968445776 0.8904916804656461 26
-0.5288658901124392 -0.34502856659190395 -3.3843026871889372 -0.041693330118948935 26
2.054978370999674 2.240052462688383 2.945119760834513 -2.201286474803289 26
-1.1761019617051303 -3.5236668124837536 -2.7975607653447145 -4.262799080208202 26
-0.5310275531097562 -2.401151082425887 4.296508216039235 0.681938754402467 26
0.8439785882327884 3.8472980453367356 -4.250953625281638 -3.6436102767333525 27
-3.6090033262301047 -3.8162511025023504 3.6522142068054464 3.58297717216547 27
-3.7373010376614433 -1.0127909854102397 2.2013599631667646 0.5133615650674594 27
-3.843841287418301 -3.7481721701701423 -1.4878301752809815 -4.107507855302869 27
1.3418236187205808 0.7807596456414785 -0.09792169389310079 -1.4365669933882952 27
-1.1551488244371537 1.2139260465650277 -0.7012381727285245 -1.6115840693879409 28
-3.6446643607458444 0.8863896289993384 -4.051190356964809 0.5228925026687825 28
4.299317837670667 3.2713093185115905 -3.2467629040825408 3.9083138933557615 28
3.4614832550112107 -2.2798397440150486 -3.4180208636284446 -3.0146119182440305 28
4.484783623414331 -0.8178298842452932 -1.2172491934705447 -0.06549974380740331 28
-3.2257546066363427 -3.730796910330937 1.6239641103056073 -3.949978911696265 29
0.07871322058606489 0.5639134863045813 4.307366780601402 0.1121166286030485 29
-4.185906198593421 0.8865861471948919 2.4357861619839722 -2.53927258769477 29
-3.7400914181478626 -2.903552014277497 -1.764827178216657 -3.6713643010865002 29
-1.9235293835947327 0.8435973541984811 -3.933294758414573 3.585820892044705 29
