150 5
4.140155730023267 1.7956084495461844 -0.2955556895264997 -3.105701804980724 0
4.4988056336149125 -2.519394301954334 -2.7798442947630413 -1.322068788375884 0
-1.250492814323478 2.1585689118849336 -3.346939500539568 -0.8752062734799727 0
4.468101525801873 -1.6528771998845246 3.157704363464127 -1.9924862873135503 0
-3.2710987815882784 -1.044179908635599 -0.675869156906907 2.0021969446971215 0
-1.615326447913262 -1.202267222248364 1.4067709980620933 -1.6264925382533724 1
1.886864063293147 3.6012818747103617 -3.656199422536269 -4.202674781494551 1
0.3070389527794848 -2.2743561158104937 0.8217406706173593 -3.1647472726886408 1
1.5462590631936775 0.5555619658182387 -2.0581774871459695 4.342284923155756 1
0.383038890385588 3.5410284332541067 2.9571792985031 4.401835917041888 1
3.0850159460853868 -1.7458866904533932 4.437576870662338 0.565624400611105 2
1.18052799709676 1.622149744015396 -2.6909130304979745 -0.6636035895362331 2
4.233848043557885 3.542104367286851 -1.451625508289428 3.6859405448592604 2
3.981832752247025 1.2800293310051498 -0.8224954976714527 -4.435487573597404 2
1.031828704578758 -2.450850710418217 0.4280058342431238 -3.4404170434032046 2
-0.12571317930264536 2.76497369449572 1.8033714474900315 -4.440653095023555 3
3.097981381701267 0.31212779606961527 1.0614916272093569 -0.3820037623800441 3
2.32018244868996 -0.0029080250654451856 -2.96220416604657 1.6133658819351229 3
3.152951069354658 1.0772709782046463 -3.8230399507512236 -1.0064048413357818 3
3.2545276114510244 -2.414725230158997 -2.0206186910102613 -2.0725959162242376 3
-0.8800342687730599 1.1193755594389692 3.948051938565319 2.5067972299197487 4
-3.2126696470448834 -3.3948136476604867 2.5153817786860593 -3.4889356769732274 4
-0.7485308031374812 0.5119468384676397 -4.25072039480271 -0.8011581230247795 4
3.972772578954802 -0.8166687974709251 3.2828181201652837 1.0548811522012875 4
2.130763044446462 4.459056069296242 2.478930752373052 -1.0229125185488142 4
3.7499791428987086 -4.481790546653476 -1.1749152447683109 1.7295317220745965 5
4.241985239063608 3.5014335902885145 -4.106651199230235 1.6736288906205807 5
1.79539745613471 -3.6222779830686633 4.380166260164827 -3.8186352628020797 5
0.6608613502656122 2.8803340469708614 2.19089870588425 0.7013650313820974 5
0.5480194558103497 -1.3431378535160257 -1.994861056613254 2.4224716051576176 5
0.3914978048446933 3.4163018254090876 1.0292014060685646 3.992881157065954 6
-3.473130916150321 -4.217050751007285 0.11786419934630543 1.8414166654068427 6
4.07529054335733 -1.9013087307593541 2.07130161110493 -3.8148840164650455 6
-0.5224574620347775 -2.1688062096471152 -3.2517178449811075 -0.06755655238573388 6
0.872022993543983 1.397574413795787 -2.907350486480466 -2.066460053777403 6
-2.018740854188122 3.2217521214520755 -1.8236265461824726 -1.6419480700587137 7
3.498517317454636 -1.93445468041214 1.8344783821604533 -4.432826255018088 7
1.4360437719819281 4.249082334301414 1.9891107985473648 3.984744610677889 7
2.671867013007128 -2.884820389409015 -1.3005204140166646 1.9190921630858369 7
2.562056800988869 4.231150997181443 -1.4247078499385841 4.3705388990524785 7
-1.2346940791285101 -3.709025417159144 -2.4907550309010205 -2.982566426167895 8
-1.4054991864360118 0.6399868112199391 -0.3021977307550304 2.250072175519743 8
-3.0103858578571256 1.1845434496780036 -0.35229600168159847 0.17241531362768525 8
-3.909910182310385 3.715867720844848 0.9708523764277589 -0.3948428299173812 8
-3.702114186959209 -2.7055108952835547 2.8319182711241617 -1.7438623899312764 8
-0.25242571844205886 -0.5310253782203597 -2.012398773944534 -1.2430688918098296 9
2.3899628401977115 -4.385308196998192 2.8658654409124256 3.8733732029399466 9
1.6259666775383597 -2.0195762406881563 1.6040136370228015 3.888361318307571 9
0.935818391320573 0.41375561568561625 1.3422614199062721 0.08104635925094517 9
-2.6118917050429546 -3.274895216879269 -0.5338578723617277 -3.8946361869568875 9
2.422463525583504 -0.22874172673042237 2.690028105244015 -4.252199289068708 10
0.17201851873029395 3.9977374121938385 1.4511403568453796 1.3204070899160754 10
1.291728257179538 -0.5557466453677578 2.691284838885153 -2.465245219888179 10
-0.32591063154833144 -2.260516915539573 -3.1354695294651123 0.6374180441360164 10
-2.1891656743919654 -4.293053417582051 -0.8120324376806464 3.5418192249417833 10
3.8916457831683413 -0.9696689429889109 -2.8094927240169545 -3.313213288289908 11
1.3345863585951334 -1.2893442681615537 -1.6045419520950608 0.6276248704275632 11
-3.5060364159710993 -0.4629761942244418 3.839677641935215 -3.5080975335650946 11
-0.27968547184247583 -3.9766871529543657 -3.8461985902152476 1.243391091203113 11
2.849433322916607 -1.8959287122084731 -1.0130303449875195 -2.426123803144896 11
1.359822137528258 -3.1166494449564 -0.6541242821455868 -4.405518790925926 12
0.2544396637384806 1.6393364912368902 0.5387755607658122 -3.2709867620802147 12
1.9061965203538098 2.1835501482588446 -2.6338055269153138 -0.5275702623413037 12
0.708609312586332 -1.075502408584969 3.081037098819509 -3.4350005627581264 12
2.38544658675413 -4.038873954307013 3.7718266913319023 3.3970170874545316 12
3.7110267778849164 -0.5666129487623013 4.154908929034736 -1.5351760850134604 13
1.2235633129047119 2.8927871425841083 1.6779478574007003 -1.3878351675317169 13
-2.9141080778141175 0.4661234917698184 -0.4063188097883108 0.2784792644585081 13
0.4356594497904245 3.782952714580367 -2.742711600911983 -3.8743338262302505 13
2.9995820778454005 1.4401711787404416 -3.0688954514323554 -0.3044442053769417 13
1.7072882773956986 -1.9237881479793564 1.0747741320108632 -1.8729042959925593 14
3.6168199028614394 -4.002985348903397 -3.5353489696718903 -2.3102825946628247 14
-0.7101347955210262 2.582060278979292 4.470639120707784 -2.445088493766689 14
3.8455546333351207 -3.0830333634259524 -2.4564614009556713 3.3255931100662837 14
0.527258631722034 -0.43945418749681553 -0.7185067200797555 -2.2500647470660398 14
2.240868241255235 3.0532828824589444 -0.08913164125232542 3.070335533374804 15
-4.089828358513927 0.05078755577733873 -1.1766889188051164 3.8179760166496637 15
0.7993332696858269 -3.944085163607385 4.452230625367159 1.6117708781933087 15
-4.275699134276996 0.8333058709186977 -0.888254011384914 -1.0382432483752129 15
2.154400100234384 -4.4128444530901 2.4897800323931962 3.026111377652133 15
4.340636968413496 -4.086957576055801 -4.427558309650672 -1.2956955098046197 16
0.6012457434275515 -3.604929297597095 0.7331845306531877 1.2893643281525908 16
-1.3469672387743121 -0.9498288371112832 3.175820108463469 -0.26986456737762143 16
-1.0144542219242942 -0.8757074483929729 -0.35496734913312233 -1.0105220233664487 16
3.8692453106481337 3.9792392112046286 -1.0114303327708283 -0.2757225295371255 16
-2.8778364550531914 2.0746179756771777 -3.2255393400824324 0.10789601342088861 17
1.621631249331842 3.4550854676458513 3.7011536182421665 -0.5067697357589036 17
0.7278755867831284 1.7889704023346609 -4.325925119852609 -2.848914762384867 17
-2.238437548678929 2.816266837081914 -1.5139925162686168 -2.9144571505063457 17
0.5661742761122903 -1.7075559257152348 -2.3665657072165405 1.267856157944112 17
-1.1282892579125041 2.896346716793436 -0.13430137940389064 2.9967055980086013 18
3.64832627055504 3.7641483061944405 -0.42688782616412857 -2.1104757788721598 18
-2.4349448193529932 -3.152880843172908 -1.613573682560359 1.8456586113038909 18
2.382119920227951 -1.5305035138675316 -2.111400477561277 2.5672372315602807 18
3.7970394631460715 -0.9021785759619546 3.411466294902945 -4.2589728340086594 18
-2.897869882886283 -3.617653641110442 -4.254271582546308 -4.40717948434627 19
-3.3868012463788437 1.157913102732178 3.847597102181897 -4.090600916832416 19
-0.21907429708946657 1.8206015685653472 0.272286500990672 -3.458435587088422 19
-3.579634850943738 -3.6659056163027524 -1.724144100465724 2.015569650881174 19
2.0253337139815972 -1.1596802869558385 0.5170194400206389 -1.9952619326534382 19
-1.9224502224558802 3.414840462110978 1.647749898257532 3.5375048951229564 20
-4.188631200500955 -4.336153328050336 -0.7443059896856704 3.8253927030904635 20
-1.640559196800987 -1.1238451888458874 -1.8380554488751502 -3.41334789375015 20
4.472210644157979 2.8354694667540983 -0.41483076962486565 2.42045170435465 20
1.2735317430598871 -3.117683665974747 3.9434668776448847 1.2191754471370488 20
2.0975322966965373 -1.9134616668310247 4.372908814218298 -2.667381403319319 21
-1.1778042922224388 -4.349414256556445 -1.892772731288718 2.1821752150817506 21
3.176875788290567 -1.7145813719903789 -3.357852694003299 -1.5006244589169044 21
0.5663438704644441 -3.6816063717620624 -0.15912021581709945 2.4319691442196825 21
2.6334142309493975 -4.237114596139955 -3.0309462456723644 3.9634256457276944 21
-3.9984598665551383 1.983148517894635 2.8357548481796 -1.2437720895641644 22
-4.219473949003603 -0.15659140915979552 3.347497706590834 -2.6046659101333542 22
1.9037669068480043 -0.17545713196568835 0.9470776387521712 1.2192878497136093 22
2.7091446879896437 0.4398672534024626 3.7524134427234817 -3.1553917810475904 22
0.9261354030364803 2.333512546828981 -0.7016714539262369 1.7611295310065407 22
-4.395941740051684 3.8591824005435766 -1.5657006939775089 -4.2237953306902964 23
1.0665861936560361 2.708388236948127 1.4596636641457938 -3.876960346516078 23
-4.392425581728421 0.5703801944244742 -2.5452845478977206 0.7921923559170574 23
-2.6480557395982487 -2.063328224837461 -3.6099102179459406 3.226517812514093 23
-1.0698858861585572 4.492362041703479 2.456432924666828 -0.17824215949565592 23
4.411131951213534 2.3746880628063423 -3.9078694793975988 0.7300168466591249 24
-3.8534978796439896 4.266251264154959 -2.6254312599828005 -0.741865537900674 24
4.369785232345007 -2.3382516201294514 3.9488428271751985 -2.5180494055233185 24
0.009150311489177443 1.7607376692696175 -4.308480875336618 -4.445476466540295 24
-2.1133127447856968 4.188957170283454 1.5651720845355401 2.282452876282249 24
3.5873602307865804 0.22935892351260456 0.7046777432261334 -1.6742427611875796 25
0.06768054061811202 -0.5523004512420568 4.1783721290904605 3.5847870375931428 25
-4.409423049338686 3.169381884796329 2.1311879728850993 1.5269022687124298 25
1.631050138740561 4.096281406175713 0.849659218872645 -1.0497915128193798 25
-2.2822049501160784 -3.2523043986428095 0.18143387424334168 3.0505672937091326 25
1.596462749077083 1.2195302948148843 -3.475568314332196 -1.1228378850110947 26
1.021619564689963 3.8226843104324852 0.5939637556184645 -1.270614883615123 26
-3.9618249555507803 1.9962344928649354 -0.026962419273146576 -0.6146880943610895 26
4.263687954586067 -3.915517491801698 0.20204726258262196 3.9691686511305093 26
0.8456667197046223 -3.075161992978971 -0.5028325131872671 3.8256370708113527 26
4.4520457268041405 3.2506315763197864 -2.1058485842442565 -2.6549153028356134 27
-1.214791650530447 4.45554344653897 -0.7608570635639132 -2.9962845408580687 27
-1.5878752847744417 -0.7176800934420665 2.080555294379506 -1.8614476615944424 27
-4.06541655085243 -1.1937316293853752 -1.3888465056827684 4.409321935486284 27
-3.003600959493353 -3.059595387850529 -0.3878865185068374 -3.030637350030973 27
-1.113967550249677 -2.4636423703128587 2.3832479170172416 3.5394401446895065 28
-1.8670185695259187 -0.7325476865608217 -1.5783569074998904 1.0290023484092077 28
2.7526687728144363 -4.401047307219715 -1.6060222318578843 -1.873216312516737 28
-3.153506058116869 4.304443050680476 -0.324867130437972 3.6120662239839403 28
-4.13144449579423 -4.498031648048202 3.3637610469753008 -1.5080105265231154 28
3.314760113124372 -3.5394449183409256 -2.233353658058452 0.4815243485850451 29
3.4654909490591934 1.3740889129190408 4.270769630807681 -1.174701841907769 29
-2.9644980420671767 -4.353969521990543 0.7477107006167689 2.143794263427186 29
-3.2018688444508783 -2.9645085168165526 2.6955996680580196 3.355707632939315 29
3.535736815470119 -2.699789386531326 -1.5029556921570286 -0.9952047476896774 29
