150 5
3.5357413629240146 -1.512181752289405 -0.9250561803356923 -4.059840641696305 0
2.891062107520486 -4.1247303684727505 -3.768780575871951 -0.4438756060183867 0
-3.5310898805762885 0.8554685778561621 3.800874149659889 -2.399674922672437 0
0.26835625973539445 -0.7307331429901112 3.319733134295122 2.7560430585231384 0
-1.481329356540037 1.1026748897648115 -2.9326137706604296 -1.688602825400149 0
-0.5567271650201333 2.122938957138212 -0.6444247480692289 3.233463211914922 1
0.16232770799341878 0.7097274020354138 1.207403422115736 2.923147034313703 1
1.3081958630603443 4.412018442360748 -0.026531187287413327 0.7421466621765322 1
2.8787237722965724 -0.7811915866543727 -0.41478989532968114 -2.175554941646242 1
3.386408896859647 2.913834893134692 1.0650296543329938 0.6787576884284551 1
-4.009729429598808 1.9677351290777487 3.30671959317952 3.821189358865264 2
2.7195350618202783 2.1276597943029505 0.667370265443227 1.7467430831316415 2
1.8821857570305056 0.3684316887227532 -0.9702289353277929 1.5879658809563753 2
-3.376582430574512 4.118825659227015 4.483908545982142 3.9634399336676513 2
-0.8706933113857213 -2.547439557087959 -3.228866429896678 3.9435148753246017 2
1.9554826180798748 4.447866945797438 -4.152081802781434 -4.273337999297727 3
-2.1994734995924845 1.5417848874535234 -2.899810960672598 -1.7545687026499355 3
0.891053218252049 1.9559893099996175 4.362725650061828 3.9911530304711498 3
3.936145811804141 -1.3337120831426819 2.375600111219445 1.1078107414815244 3
-2.217293122757436 -0.8777474186690429 4.219952220357416 0.6571464196712011 3
2.2185964546648647 2.016635106705195 -2.5810240874804267 -3.298916142514744 4
-0.8450298354744962 4.404418634520021 2.3738348201748902 0.24586474117673818 4
-0.4455064732935061 -1.1357240930968238 2.8565514109737467 2.64465950234141 4
1.8866574555228188 -3.7578730201946238 1.5315930338178307 2.490823627652799 4
-0.914643730698451 2.4379286967709177 1.6933035789748705 -0.6411171380199895 4
2.382758851504204 -1.945265547980724 2.9713048914362634 3.743010574576779 5
-2.794120286666575 -0.25874131738216477 2.4969761469203258 -3.7273530824487233 5
-1.4867455994763883 2.1126153934228586 4.047115326974305 -0.20586869090600957 5
-2.798035960186221 -1.520063332910211 3.4694121304799435 -3.7354017254689547 5
3.09805578740312 1.0352163089013846 3.944088685241584 -1.6662876764489434 5
3.467376717636345 4.288977183669102 -0.7104421637197933 1.6680463946275919 6
3.032177336164643 -2.872578365226546 -3.6826717773680198 -2.6278645969271475 6
1.065694576091295 -0.21502014053990248 0.7471000284768402 -1.0327354933865216 6
-0.8625901079454471 2.1769531879410824 -3.542404399201452 -4.409235214651368 6
2.9333996025226527 1.6490684743887747 3.5652601834614495 1.5122284397113945 6
-3.2465555505812485 1.8254255165857005 -1.5846143882494124 3.4746015240136674 7
-3.9704643885227573 -2.766010727239057 4.205000740963863 -3.76612980003735 7
3.8231438845967665 -0.8540778837240752 -2.1556772796507326 0.26704395516989043 7
-3.165376206591511 1.640584176071254 3.7858338362660935 -2.4024926343989677 7
-3.028601243118434 1.3340271695985952 3.9181572103895688 3.6101518814721847 7
-2.2354727114656976 -4.1276204882918845 -1.4561449469619412 -2.472880525275899 8
4.128503402843764 -3.9040156726791158 -2.84979461435346 -4.0052025784241465 8
0.11646167477074565 -1.4283306790207115 4.1047195446862 -3.178692956922164 8
1.4400883678085799 3.0998460340691034 4.119959626151591 -1.4478518898470016 8
0.9347990103639509 0.7849232187816175 -3.9661916528366294 2.8730820528486514 8
-3.4467026801882232 1.8940530189849922 2.7306226439115817 -0.33008016841416077 9
-2.6592906793938047 -0.08668986068556339 2.4511916462847725 2.239372943735265 9
-4.170523226075903 -1.6613678197010613 -0.4437706039827324 -1.9496570445972132 9
3.267273663894077 0.5261995640175199 -3.2175944765399858 3.690754269333752 9
0.4203704364883706 -1.18957806959299 -3.788048271397608 2.030947454605068 9
2.9534101658905243 -2.012845865106249 -3.8008587946465573 1.5295989022517116 10
-3.3690749250003837 0.5650297154340858 -3.9573575512601833 -3.498714209700712 10
-2.0939489516345056 2.475314354757225 -0.221913027537035 -3.771378934341113 10
-2.8853428901441487 2.54931004203746 -4.212422910255593 1.2565557740428703 10
0.971966887508634 -4.1242601146180204 3.556568452875071 -0.15090654134469028 10
0.5514761897244117 1.5132396134424786 3.0389446668681255 1.8808864197949935 11
3.9455334599992598 2.5740527293076694 3.8972693662007303 4.269202408443813 11
2.2538742436875365 -0.026541217489020608 0.7934120201363491 4.0146780218033875 11
-4.115407485124101 2.8518074680116907 1.848106634747837 -0.3179333568613474 11
-4.3773863022734485 0.45037067143594467 3.735230050996289 0.7163558495633824 11
0.6011709419254612 -3.483734986915682 -2.3472039149304553 -0.9944913319385768 12
-3.935013841518622 0.6725180247032152 -0.7009568919301633 -3.0234554156214215 12
-0.13063260788379238 -1.787201125783742 -4.2750018273434245 -4.026497840338916 12
-4.141839977580344 1.2050472282670177 1.6052986810607042 -2.2151199868548503 12
-3.380978851195107 -4.395547400261513 -3.131505207979922 -2.7217526981550666 12
-2.010000701893218 -1.7860901391525488 2.864549697552861 3.525853415369833 13
-2.877141316469902 -3.8971983322667962 -0.4111265649149092 2.167581753957087 13
2.513105581734243 -0.8932637319451545 0.6752833544161603 -0.10336364002716236 13
-2.2876663382392244 0.21394969070400993 1.2995959531387706 4.0347790025860055 13
-2.205128754961065 3.1671761562398455 2.7219870441386838 -0.8061393658585421 13
-0.1484677971870504 1.1083495602246756 -2.237310387647778 -4.476386232647009 14
4.2576525439133945 -1.3072722341232703 -1.8784975775653785 4.312833041980728 14
-2.4781892920136506 4.308424250638238 -0.6850355690589843 0.36075466446102966 14
0.7836697890073148 4.335132498637506 -3.9269728567329922 -3.2201010486485644 14
4.217994722838997 1.8459354214924928 4.370354167502872 0.32154588485289015 14
-4.325527719171021 1.015473505068891 -2.5095664131044595 1.2774365381052146 15
-2.253967478641593 -3.335078634713762 2.041636285670136 0.03702088391833225 15
-1.2036497858727548 -2.6991584539720193 -1.5405518443973962 1.9997878674272083 15
2.398332723081033 3.907630485745363 -3.3281821675547376 1.9844385069123223 15
-4.26237841746955 -2.1954275612308374 -0.4702822027923719 0.1490986980206922 15
-2.1042175932525646 -3.219050579398979 1.1412489308233653 3.236343211378785 16
4.063493797467002 -2.2714924266903296 -1.6625069066430624 1.7650403753571648 16
-1.29432451642277 -4.059548207408218 -3.4507198601656914 -0.5529097940882695 16
-2.356823959106356 3.445422800064346 1.954596518264664 3.509300481339112 16
4.179897144963068 1.4042504170305858 0.5143851094450925 1.2004445872782579 16
-1.828250038522398 -3.9659762457179775 0.2901664630777704 -1.3881674546174776 17
3.2799283643907984 -3.1037319232132283 3.111916981772714 0.6682859521687444 17
-2.0740671898518634 0.4338418563984394 -2.151458784563107 2.6740048172400828 17
-2.229503039599138 3.10210277071161 3.0105960084425303 -0.4240347159800236 17
0.019933942918518355 -0.13779546085865169 1.6165274298821202 -3.6605915133138005 17
3.6473276782248734 3.737415471682831 2.0031326675856547 -1.4717331446842672 18
-2.3253506657542156 -4.331097969919811 -4.2971179175356635 1.8460346492052713 18
1.5326072655729508 -2.0649293245213807 0.4342442292276202 2.954412247091948 18
-4.3712419361372925 -3.6258264776671143 -3.463050591584121 4.438865276726025 18
-0.7304606512292487 -3.415065956842076 -1.5073149244338893 -3.29448415091982 18
-2.636199022067576 2.205499192081856 -4.118630073661357 -1.6123104127124093 19
-0.3988080399398446 -3.478413288708701 -2.6110030078897264 0.6688813642652253 19
-2.5620870152533954 3.87218928750574 4.125483478723781 -2.548819964215574 19
-4.428947268531345 1.2768465548077832 -1.5378945085999125 -2.10494854016505 19
1.3019627487781822 1.6222615233911954 -2.0604350658779462 1.6838422828952408 19
0.7033811798372775 2.5607539320455786 3.5390294011478844 0.7582635091305806 20
2.8966246402472198 1.321464018071007 -0.8939084717244657 -0.6682392147080048 20
-2.8832433224380045 2.0364570324437703 0.47687818816083094 -1.750778270131988 20
-1.9375912101341517 3.0732889638773564 -2.180758014646809 3.6892684114643135 20
0.6315043145131891 -3.7325914031965346 0.10354489408036782 -3.4237199211870624 20
3.698569767187533 -0.33789679916265125 0.6352739105738698 -2.2503204526629523 21
3.986133311305423 -4.1355694610591005 -4.451444608993192 0.6489253192664419 21
-3.5329052736027187 2.301476289363131 -1.2762054460212773 1.6495449199316141 21
-4.124001741944504 -0.43593160640000417 1.025951723656598 -2.9365470087546317 21
2.844772487642947 -0.7272203476401047 -1.7877607962729778 1.942824062669249 21
-2.7903678979019793 3.0906952692697995 -0.6238332030443539 -3.287495539462169 22
-3.5347831322227456 -1.907832704084632 -2.9343989264297456 2.031084609868081 22
-2.547280904373915 -0.3215949898447249 1.1200710569050711 0.49865074629001616 22
-1.6236865173990451 3.681847580884323 -3.997944921358692 -1.0036685873886886 22
2.5706463998811993 1.851756161010186 -0.488400067754716 0.759128498948661 22
-3.240868946933286 1.0063920164586553 1.7647855104879375 1.9609700112170962 23
3.1634552428404468 3.813916186291232 0.8279215463945206 -2.063498901996584 23
1.4598952838221215 -2.169184736080264 -0.8252190395566397 2.480741650743554 23
-2.0088029289807796 1.2193019267327267 -0.30980074617354014 -0.8646139916050612 23
2.019654979718815 -1.749714714250247 3.190770378833134 4.45586987755881 23
1.6016632919455274 0.05844097674841231 -0.7184137253430473 1.2077440683645297 24
2.9644717781924896 1.649682533687161 3.7016587368044895 -3.1097652808225322 24
3.690910948091303 -3.420543413786257 -1.87927221450188 1.3253402046779401 24
3.057598196778231 4.034428701346289 -2.8946661152820043 -1.9790708545673117 24
0.6625883872152455 -4.462694753602288 3.925826587753484 -1.6659676383466788 24
-4.198389442909743 -0.7878058722738284 -3.6354716034623866 -0.006029989691347604 25
-0.37550477642250946 -0.20113364712698212 -3.815827081956967 -2.2411942864596486 25
1.6327876902345624 2.294022911016901 4.0965475098090085 3.073749879639613 25
2.8870624775542217 -1.3832176185650447 -3.1614237298836176 -2.2842137565898106 25
1.0345510346331812 -0.9641938825635753 -4.007163444064837 -2.7014604495602 25
2.0281108822635714 0.5712537582631161 2.7811964825665525 3.7340792597867947 26
0.8530068221557 -1.0103704441757535 1.1247394702072686 -3.7308537337186403 26
1.210143023571792 3.3101322879218826 0.011669372141464351 1.5072613798408478 26
1.3652439825893374 -3.342653822140802 -3.5409314496655484 0.7399366482039587 26
-3.7013554836491807 1.5971974031010872 2.3007106793024117 -1.0294455218843024 26
-1.299653134310931 -1.6674628819878161 2.930599974652989 -2.9720500570517925 27
3.5104827593123247 3.2752383983644835 -2.124896895876978 2.7446237383200205 27
2.7509608953855382 -1.2840906450385985 1.6608745797575646 2.5379786624314633 27
1.2670312997482451 0.8894929262411563 -2.8921981908075955 4.080673240209547 27
-2.3801187973803204 0.8072663630127874 -2.9074228921517395 1.7724931949338978 27
4.473059692192948 -4.027728267034613 -1.7231509081985692 0.08243032936504169 28
-2.3623160950195743 -1.5211190976769458 3.7304477757496435 2.4997759198604106 28
2.708407712142586 -0.5068850341866249 2.241286495969916 -3.502442764477353 28
-3.9354883825106453 -1.6356889461078796 3.719056222720274 3.627694128081 28
2.9746736691323843 2.146025266912923 4.3570360332158655 -3.482865175988661 28
-1.990485854504235 2.0574013770532376 -1.0547760490369638 -2.0253443599859344 29
-1.6227590396152367 -3.12712755274479 3.1383893852617573 3.592275715749657 29
4.363905535705996 -2.145329573397789 0.04673577590559319 -2.508457929704792 29
0.9776448840521725 3.7582642022807793 -4.065734175600076 3.428676180007053 29
1.2869132211881609 -0.6589842275051565 4.035728149382764 2.292089059821439 29
