150 5
-4.061476072717855 -1.8980130618916484 -4.455290836762833 0.7668114353807188 0
1.9886971214810685 -4.305453750756452 -1.353174571501861 -0.4149105503626548 0
-2.646695112593049 -4.043040689741609 -1.8672165071285431 1.3999999819075175 0
-1.7795529543184485 1.4751926516222997 -0.07491913973420461 2.851181083428025 0
-1.7269704608680905 0.7523214859673887 -1.228118137721177 -2.3135176979930314 0
-3.873861408486595 3.306640355937795 0.28309435778545855 2.4105779953429685 1
-3.3008353267342705 -2.896878045964515 3.9188871326690644 -2.1377238306232234 1
-0.03663405156459798 3.273296801024012 -3.8833844068644425 -1.0476411804976744 1
2.3304945196090285 4.234366128142419 2.1952144756989482 0.9300662065881533 1
2.3337229750699753 -1.0417497111888352 2.394049086884924 0.1297963401757044 1
-0.8215350350064071 1.9202438509603086 -1.5003130686795652 1.0954916866100382 2
-2.0639720459417963 3.1869258479220965 2.252486360331067 1.1828805334180421 2
3.71847572650625 2.3468046269814558 -4.3061605714230105 -1.537425882846322 2
0.15001683982259584 -2.989478113006434 -0.4046789269003731 -1.4418649909812928 2
-1.811769375520209 -1.9445125947242956 -3.117612169372506 1.5806589915644476 2
-1.5550868104404214 -0.3587369958632157 -4.357751545299075 -0.157140153028684 3
0.39931523511873857 -2.5433921721625024 -4.221769065064634 -1.745348153256707 3
2.698814942450788 2.040160043668819 4.1561220846878175 3.908174027854095 3
3.1436344205209523 -2.092303758761349 -0.7139416997828933 -3.4056174156702657 3
1.0334224003359116 1.374804658745902 4.041190871132085 4.017330456984241 3
-1.01865209279143 -0.8068123928446312 -1.1899836535681612 -4.021744032967686 4
2.791417945433735 0.9033233884392138 -3.383640077654019 3.5763833669558895 4
3.5850630472622487 -0.089709974558838 -3.7565945877814237 -0.6730368559810795 4
2.9548631899465363 3.23000524051415 -1.9826700519262594 -2.4715252835319483 4
2.596006292769837 3.4888989348648267 -3.679542236834635 -4.490628584345773 4
1.7897471005723933 -0.4104872315032535 -2.991042740758054 0.9460700487940467 5
-1.7467635169003004 2.8807596443333416 -1.5356420943641325 1.8287308576370025 5
-3.2430181011838206 -0.8883315136738026 -0.4069471577413427 1.9553385295809966 5
-2.419089165536979 0.814119871890209 -2.77207722131018 -2.458955867928521 5
3.4764125214163126 -1.5503256862872896 3.9970386011529313 3.7037432257396237 5
2.7414868681768305 2.6770755552118337 0.6527239671631785 4.310289063165552 6
1.4912428299677534 -2.302987529495039 3.2938230730764753 3.3863532105561562 6
2.874206211791073 -0.2915892859669591 0.24450178717614413 -3.451090521522285 6
2.151978542856804 -0.35418178509717324 1.1519520034075366 4.172799956602263 6
3.276771746156768 1.819478628037019 -0.5375513412878992 0.2535969825417964 6
-2.988224339103388 -2.8867817418734827 -3.568402850944917 -1.5213026224649076 7
3.149145256950818 -1.2139897784221314 -3.2238314080089974 3.6502006243605307 7
-1.0706837453021092 -4.129132587604733 4.457845727170456 3.545156817853659 7
1.2074676922326855 2.7376050820061737 1.7737090640765865 0.37157577378205264 7
3.57581607876904 -2.7471286572411904 -1.1527305106255916 -1.8604200090990652 7
3.2160812436344224 -2.9094339354234737 2.2905543592820172 -4.188008262660673 8
-1.138310112146881 -1.0594911504865305 3.426345473754754 -1.0836823874523578 8
0.6358051981397073 0.1002304488706448 -1.802992196705199 2.4350172674957022 8
0.26169577868515315 0.20882429109874445 -0.3457048746330488 3.762643738777326 8
3.8868980183370594 -2.280816593937514 0.25840195170080615 3.4681645870965845 8
-2.6252725409729276 2.8442735108140216 0.157465688318015 4.169478086717778 9
-1.7651970475618075 1.5785315182158366 -2.1832663944218074 -2.0489274003708715 9
3.8129224341977777 -3.870275222733652 4.437328843628665 3.0743126980696993 9
2.5359249834224773 -4.184073098824383 -3.064643703729786 2.135428051464169 9
0.08171696375515025 -0.5508749391785399 -0.7351640379609357 -3.40622967210755 9
1.7146960462246543 2.5132196632576855 2.137195415600689 4.422698172055062 10
-4.074937829949368 -3.8289491894660275 3.1004660167522626 2.2465132854733185 10
0.9436008501227588 1.9111500240590191 -0.8412881360932539 -3.876681972649779 10
-3.1430290664553553 1.032872170507075 -2.8119355729790527 2.4788323954152807 10
-3.1423411078556867 -0.34441002675006926 0.5870941801883267 3.4837765318920515 10
4.322369509625331 3.0916724202612618 4.252866177216236 3.765104189325775 11
1.7272330519762513 -0.33480964955087245 1.7130549626562954 -2.672011961004922 11
3.7509625850941206 2.093107385774485 2.3222611288380666 -0.41720939516687283 11
-4.481095491964437 1.556363249790245 2.4744272329397567 -0.2418986403284067 11
0.7087143655619995 -0.1889502696315729 0.280838534391218 1.0625413173060716 11
-0.574927762421484 -1.2302149013354224 -2.123713219385882 3.4624562284466416 12
-1.9427105503663378 2.4482295047728186 3.6861917513647806 0.6644704300266708 12
1.942368620598593 -3.0345217672799283 0.5583334601949782 0.8959278388766369 12
2.3463699569475622 2.572453517740884 2.1668531175082064 -1.2593625071940013 12
2.1474593718192563 -2.4407861718340356 -3.231774840879873 -3.5548773342862114 12
-1.528096667879852 -2.0148100123028088 1.5966445237062699 -0.5668018720103319 13
3.578385671775083 3.8261033335992503 1.1308631873933326 2.59086240829546 13
1.0671800870614918 -3.246267747024315 1.396600372291823 -2.472159529168641 13
-3.262238321250779 -1.2071880776217592 3.316375023942931 3.614759938250815 13
-3.460774160352576 0.10649411131777942 -2.670449082571789 -2.3774029272922137 13
-2.1657945465507886 -3.50569897002575 -2.3641540640333942 -0.13952767099755992 14
-2.8069735223562615 -1.584367504109084 4.216102140699916 0.9917025394952151 14
1.489852289484568 -1.6923674519929426 -1.8831376985561732 2.8055111029678 14
0.21553879153342437 -1.4960842442972506 2.533333801941754 -0.906850368292716 14
-3.70498621782679 -3.705428206690986 -1.2106752978499544 0.901047500949625 14
-2.229364124232811 -2.53566949381086 2.822819463219889 1.5731846092968396 15
-3.9357972953881273 2.499993633927693 -3.6877796547283306 -3.9983573649189927 15
-0.03481081699038657 -2.031744412051473 2.55383273336282 -1.7964893627339806 15
2.7884997438074044 -1.4609149213102877 -3.577705122943928 -2.3350863938847675 15
-2.739506475339483 -1.4222704204103795 2.6490277117863106 4.453312488859298 15
1.5549286092540724 -1.951970008032127 3.7631156445674163 -3.707468231068064 16
-2.1090990574393125 3.4302705614594196 1.4558205719381598 -1.323499981296157 16
0.3521693632948514 2.1938862149396927 -0.2213823953017674 -0.06742524818307216 16
3.5802765673680232 -2.034350171198181 -1.0523011915889278 -1.9203457869300768 16
0.30091968164982474 -3.301259022551815 1.1834773369784433 -1.2327181327714953 16
4.156696716970251 2.812103348164057 -1.4930323544107693 -2.669310379039166 17
1.3626809845740175 -2.679682944806017 4.1653206759587444 -0.626689459325172 17
4.237405226174325 -4.180175655423018 -0.7519411763786545 -0.5979491605633772 17
-0.6908919634270677 3.9997281841327457 1.0862573495546277 -2.9521417367830827 17
-1.6271122873056578 2.492228673708909 -3.622375924426377 2.8715557218969057 17
4.275824400088824 1.8174113148226065 2.9369408154822914 -2.8124635074028657 18
-1.7772383424068847 4.217975142304282 2.0956801163194663 -2.2274339893360233 18
-0.9385812631921906 4.061781570019748 -1.3308494215056712 4.262588929258446 18
-3.3353456608010528 3.9335775349744826 2.15235644708606 3.655424820329371 18
2.3139722769129776 -4.084926465563518 -2.3958430052780986 0.24322908259223397 18
1.4658493035904496 -2.4608589376799146 -2.7744842166279673 3.4104619436587527 19
0.1750557201289592 0.09607766851767574 -4.070536082199622 3.022019075400072 19
-3.532122651283496 2.8355708266116624 1.958787340454172 3.799772069259217 19
4.16207715374083 0.7999415369962161 2.876581420310837 -2.911176097565883 19
-0.8617315440174738 1.4028929314313476 0.78955200671976 2.209670201859072 19
-0.9383263515608493 0.856971622387473 4.278712733504808 1.3028860071638226 20
-0.6059415950472311 -3.124172607127689 -1.6210198171290677 2.613083561492866 20
3.190460978226685 -1.2659933665832266 -4.341711105224923 0.46681734005520925 20
-3.5792052325020567 -4.16475163977071 1.0923393017017047 -2.0244431700040755 20
-0.3966088852082994 -3.3466644741264227 -1.0086043642357705 3.3910572582022835 20
1.833615288807143 -3.9294331964357343 4.37394642251537 -3.2441502158543223 21
-4.472721675301413 -3.6976551108702926 3.969780350336143 -0.7621845452846379 21
2.7527605195848057 1.810713999881497 -0.039955512671250415 1.9989512554521451 21
3.2404518128708073 2.71482157381585 0.590358203974901 0.8235648375163191 21
-2.4422352448201665 0.07824915215215411 -0.06818578871916503 -1.9987226196310446 21
0.3651282706333301 -1.8566404682779134 -1.4098072990326356 3.8833624389993266 22
-1.1770636826311782 -2.0676241143045053 1.1146924326537528 2.988806035828592 22
-3.6601794904139933 2.278188389490486 -1.192804588270492 3.9276329350196466 22
2.074776281203945 -4.46737117056269 0.47142529079687945 -2.023727242946594 22
-2.343335183697435 -2.0725439457307537 1.8350372557013621 -2.2376181543621954 22
2.624901700228436 0.06690859236348934 0.5357856552654398 0.048010122551934376 23
-0.3088209801895373 -2.1340336649781824 -4.013790768666472 2.6125616161082545 23
0.9283647741185702 3.3846713799015795 -2.579128369458898 -4.010296120861178 23
4.4396354371581745 -4.257846104848293 -1.9471980726839169 0.45252318882943743 23
0.22184500990919398 -4.107878483789285 0.2642920755959969 1.097890034341494 23
3.0929733621172852 1.2447954845928444 -3.2165188895343855 4.388997779544942 24
-0.9364135778623619 -1.737416153848532 1.3940777106800786 1.166557400735038 24
-3.947901092943205 3.5689099446240546 -3.441105102846272 -4.179651252905544 24
3.696155330243576 4.058503293628314 4.364525941228898 -2.7138280102326173 24
3.7773834800911033 -4.213769445158724 -2.183460178887348 -2.006169008017719 24
3.385291496192008 -4.120199604076966 -2.213489553683445 1.8725773054150174 25
4.325663025196311 2.329637048998568 2.0376261179546744 4.273420297292975 25
3.551785096446443 2.264785444945278 -3.7255876604561777 2.5978464151002116 25
3.655397085779022 2.1677913137574607 -0.626363914783608 -1.7329508298891434 25
3.645692542316606 -4.24935011401017 3.8569530448301728 -0.9910655934278467 25
1.6210064637420836 3.1170167915650326 -3.1752153246807184 -2.1322792051383748 26
3.4873512920478063 -4.123751522275163 3.6433569096577463 3.243149206192024 26
-0.1955592530859176 0.745474145601148 1.3610188100708842 4.053423013131671 26
-2.499008635222095 -0.6149496129304535 -2.2237837859343212 1.4276592449716037 26
3.033163222146926 4.309358675799946 4.048718929081044 -2.2920669984437785 26
1.5189227975923294 3.7638127901942817 -3.174639448459724 4.262214034174768 27
-3.1900917357987524 -0.4372886021983067 4.306418977867773 -2.40719056167497 27
-3.7111596857589717 -2.8539522524271606 -0.5422136428234379 0.9938076308705233 27
0.34223125895353324 1.6055390741605566 1.7281396258894168 2.000013855835483 27
-2.056837393220934 1.2636727947428112 -0.25811858707612245 -3.91874973532839 27
3.4184250309959316 2.281874737012714 4.352368140403185 1.1922417166507084 28
0.6332874617204955 1.856156000888256 3.0692131844604376 -2.1964872246735325 28
-1.521290458882655 1.04721824610853 0.13585506995644236 3.535432830764237 28
1.7310708585403014 -4.092019710990462 -3.598159352304227 -3.039679465522825 28
-4.170249453628781 -1.4004989469493307 -2.37164128437229 -4.398946008844723 28
2.7932912658711677 -0.671635507605761 -3.693450743832609 1.5110529857647075 29
3.2588370597766225 -1.8611673673616664 4.262541316766871 2.0300077446466105 29
-1.7584676192809794 3.442967331380852 3.1762948575749412 -4.392134277790964 29
-1.0878883803355661 0.0646531715178782 2.3261907150451555 2.5165735267154146 29
2.6604618493994976 -1.4758102929681298 -3.552694118334508 -0.645192394329206 29
