150 5
-0.668507305329938 2.8312536644509736 0.5627795714881318 2.941209293734189 0
2.1185756117971164 3.3120287989176216 2.113517077792583 -2.5502401938598687 0
-1.0495730441464184 4.3151096893006855 -4.491175862373111 -0.7481570424931119 0
3.5387491204362176 -2.612563472210621 -2.7795270815257416 1.3559698270127158 0
2.176448826714667 1.468289872167686 4.452006983683637 0.6242029555846965 0
3.4812131534274338 3.2221144092199157 -2.9733757622066066 -3.1276284185958625 1
2.2433599236916697 3.331302480497292 -4.3489152132257285 -3.379215744193817 1
-2.8191974087572826 -1.569899547051759 1.5672864693491313 0.18160013035461975 1
-1.1435630854098213 2.643417225753088 1.8714302083033665 4.3085060482947775 1
-3.1404575740671956 -2.970515708659712 0.9070255676906763 -4.216830724679745 1
-3.769478163451389 -1.7534219249718572 -3.483376290861687 4.131863540414845 2
2.549608216369868 -3.03384436218948 2.811572749135708 -4.205964669359398 2
-3.8642283370320625 1.8096405560238418 -4.444905323301657 -3.587688527360962 2
-2.8711810880966793 0.8902552534088268 -2.753969429021307 -0.3517634461676775 2
-0.7626271572414436 0.12215024156941334 1.900684163513146 3.568509391239042 2
-2.51409444348454 2.030157068716164 0.4129104010896987 3.652560371081707 3
3.1449145347857064 3.8600354521225264 1.1401607532765246 3.1458580427616902 3
2.1234603560914156 -0.21071483333712104 2.9630774029955935 4.115167764435337 3
-0.06396324066380865 0.850682445913682 3.629535840182146 3.4433400076069054 3
-3.8156673116547797 -3.4427077258902554 1.3407231725986852 3.3900957916715075 3
4.198190994216615 0.7499006138973396 1.0299920132064995 -3.8606488915525903 4
-3.6682027750998154 -4.37733448532097 -0.6333575251741104 -3.0907381908544727 4
3.0323709762109616 3.733091094557876 -3.748739288889122 3.822323219450539 4
1.8412763463326507 -1.016940620752465 -0.29925560234735304 -1.098880031818107 4
1.8512451447552634 3.809800408883019 -2.2172664788452874 1.4304166440574515 4
-1.9066239490669061 1.6561786119378714 2.027900447786471 -4.161945380606381 5
0.18263249792909397 3.396291977237021 3.8755701158878804 0.023120668157062263 5
3.8150037998386206 -0.09692859122324726 -0.6125886679182225 0.6222435048327207 5
0.8659256648774895 -2.1215212579405205 1.6522945878244224 1.8581700743905016 5
4.425398071767461 -2.6064183295039696 -2.8625575223044346 -0.1719532226057986 5
0.7503307330017698 1.3400995600539587 -2.899736268696398 0.7395786705541326 6
3.6987408917213314 -3.40507862779289 -2.8663355460459163 3.2874811713907097 6
1.5823919678938299 2.292762649566824 -2.595305351516554 3.980631932798847 6
3.694818328704221 -2.324808630505969 -1.2312832921510886 1.860321640841058 6
4.280359794789855 -1.7664328783995182 -0.4628484113754008 -0.7530240294855564 6
3.6054026974699163 -3.5580593520548978 -0.5148217018427211 -1.2250402616722087 7
1.5580786158779365 3.325885714636456 1.6899371419946156 0.18567257350271826 7
0.549248262085227 -0.29143394991260174 3.8711118691027036 2.230569106241192 7
-4.364208706330044 -0.9610743945949601 -3.211780720223101 -3.9097408414423938 7
-2.607051868174583 -2.614339055724271 -3.723396571460146 -1.651148908200304 7
-0.9402855054110779 4.326327123699556 2.3136595823943593 -0.48785168804788603 8
-2.7530268193775056 3.146675188464904 2.8935178254634915 -0.5141008832656033 8
-0.3631950207622562 -2.7667279505122715 -1.4936425064225873 1.3781312224822861 8
-2.958620206798959 -0.35520284676253655 -4.1628683916412506 0.2880441207217084 8
-2.5084072370548087 0.12933015122485458 2.180341862950783 -2.3764166275592222 8
1.9903713934236422 4.0635714052132235 2.256619443176665 -2.6653499655275863 9
-4.18124621071679 4.345245307427186 -1.1027927604308752 -3.1990466600036878 9
2.154698821067342 -2.8512694062429715 -0.38695208937949443 -0.8271991050394548 9
2.9732685800282876 0.09659145233074895 1.361936330736941 3.9325373650280877 9
1.886840749873894 2.0492381405105933 -0.8415359494509423 -0.8870884012294452 9
3.9847302340123782 -0.9731910761754055 3.357657745267029 -4.3276959050432975 10
3.953162729928466 -0.2054475746311003 3.2344697467892534 2.809748561485034 10
3.6335404908802627 2.3729249711976466 -1.7018592633335703 0.8965782675789278 10
-0.891262225523464 -3.8524198721234457 -1.524501799732934 -3.967792938240885 10
-0.8677687075220079 0.5244620720860333 0.8007647693754187 1.1465132110810132 10
0.49556950767421204 -2.6088528489471967 -2.8239562157445244 -2.1751287615694093 11
3.984764559580874 1.095634325221999 -3.357025424570044 -1.2408165860242062 11
1.8634195229728596 2.0018008915261767 0.3544788739968534 3.376184803486768 11
4.023858575367672 -1.6949131896164644 1.1993653715836774 1.7509479154123087 11
-3.5004593713417402 2.049411778874037 -1.2788918445979842 1.4715562619755254 11
-1.6722112846056936 -1.5114214807865958 2.68186702946539 -0.940832078439531 12
-3.962282409394734 -2.8576323327085804 1.8724095679160988 -3.1864259524796457 12
-2.42283127535113 -4.186611161547948 0.9773090820549217 -0.5636649315797532 12
1.1810126351499886 -2.4823428645085617 -0.35736470544584 2.7221992217107878 12
1.5181578871364687 1.1099237435020075 -3.864146130999761 -1.375176924273281 12
2.052204984013206 3.0051069084133744 -1.0106261293656011 -3.699399733428582 13
-3.480890965375409 -3.113419969263239 2.2800124428363278 0.2521093040645397 13
-3.6315189665737035 -3.4920818304920545 1.7271443129819755 -4.2307941873003765 13
-0.47018127054971115 3.9140022448739105 -2.413454068433164 -1.7726880055489334 13
3.0667969050295762 3.361538780185873 -4.496100580456011 3.143233554698815 13
3.1063479068622453 -3.0951788519748993 -3.4166820650707286 -1.2955370617990796 14
3.8775258742243466 3.67673652941423 -0.10266271164712293 -1.042046988719608 14
-1.2872299284225637 0.2800143537299634 -3.4745147887459904 1.9402993686344336 14
0.6667591130579698 -2.912163125201311 -1.5173051965883948 3.33223577417189 14
0.8195354057543773 4.235901926776273 -3.76434078396701 4.04231669061438 14
4.473790070195666 -3.6511249033936495 -2.999983499209948 -3.8557248216056315 15
-4.241715454836924 -2.4310824131490487 -3.071495465838126 3.029462339189164 15
1.5280588353470206 -2.5333852306922555 3.0455931374009 -4.126311484187012 15
2.8234502334171743 -2.0905783613222493 -4.281485856094776 4.216145137505958 15
1.7608452521245832 2.258158447050956 -2.9879009168452555 -1.2431932512058894 15
0.7003664560199725 -0.8554351869489589 1.729330948171076 0.9975934831428628 16
1.794741833133815 0.18482981922023467 3.4216256738452464 -3.7467084161118156 16
2.3233164053682214 4.08177504035644 -4.131733997087986 4.254955503123622 16
4.097598015114619 0.2593698380667977 -4.454746752267351 -2.843643750446221 16
-4.183579884514329 1.348685886257568 -0.8727193874250202 -2.229223138204883 16
2.582552169453517 3.398675642731434 -3.327824970211031 1.9398902398061129 17
-3.8216236756077833 -3.065037296852047 1.1237158958706464 -1.0867672674332094 17
0.39142361079919596 -3.402019343222269 0.740831412065147 -0.7359359806338822 17
0.2624871131842875 0.3113554269445771 -0.5741767098153419 -1.960203492591433 17
3.9976300121522055 0.8555712197150165 -2.4613708995936103 0.8037848614757669 17
-0.3510972042365522 -2.034448222410292 -2.8811922907025878 -3.895335188111715 18
1.4966614623584051 2.9705250164923966 -2.853752669410661 1.5728411617964093 18
-2.6946822955764245 -4.09684684861938 -1.608569692088611 -2.52063611159818 18
1.4041764980546838 -4.393962413837647 0.10682991637351569 1.7407791955835399 18
3.9211285310233883 1.2504886151509913 -2.1184548480115457 2.213900064211175 18
-0.05868345108491757 2.6499125512421986 -0.20101643083870147 3.021166050337575 19
4.162395168931701 2.2910410204684397 0.6815052850358851 -2.47726284800999 19
3.9038143620417607 3.249604165618228 1.0183234405308137 3.221465956053103 19
-0.23810816093338216 -3.2501178806289936 -0.620566520224458 1.3244318338196317 19
-3.365617993946623 -3.8757483235862753 -4.213586966147634 0.11151803349999834 19
-0.9487001208635063 4.187885928707617 2.968132852135797 1.7171923107373122 20
2.189214547238883 -0.7520646938265553 -2.3432115593061282 0.3013542638052916 20
4.36102431775649 3.871476404345577 -0.9583640265913128 0.9081074240460179 20
-0.7021910871441546 -1.165408278354281 0.5997755174508056 3.906683611391271 20
2.334429444540497 -1.877873602349072 4.023036556369483 2.1841496796313056 20
3.5639812031063527 -4.0650682855939655 3.7626806170292575 -1.2337024732278623 21
-3.2670357942956625 0.3073861525148859 -3.2356262740435566 3.106324326351074 21
-2.8878254267733934 -3.750123914885935 -2.12412752287549 2.524650904580767 21
-0.8267122966244699 0.12764728941127146 -4.437173757127936 -2.629982812608308 21
-0.4299687753747189 3.6591915310518535 1.262474530740614 2.890454779230887 21
3.729054269394746 -2.9707937459660654 0.7679827545503201 -3.5262722213042994 22
-2.8711676895143237 1.0341461390770061 -0.7678407358291479 -0.9399513201326329 22
3.5413161871815024 -1.8554909392952919 4.288238227084672 -4.167039789271905 22
4.444282897611618 -4.285846708462951 -1.2472199484441568 -0.6161949568687705 22
3.908349081936933 1.9377904007398563 0.6595690542340759 0.004261991447249036 22
2.833236881834811 -0.5701202980168342 -3.9167755939014803 -1.6832683210663233 23
3.3204493052887356 2.650400744796158 -3.902241339679587 0.9855103713586253 23
0.5042288654309532 3.261613030271408 1.2990459607174896 2.0714312929335197 23
-1.9976812812592915 0.12911742118947145 3.072161698303465 3.3988370332535807 23
-4.137335563301129 3.347101916074341 3.46621270423497 4.1204169082104 23
-0.03533017734469257 -0.2597186330872908 2.897963243493532 -1.0667344570422763 24
-3.6086492862288577 2.26645653105953 3.048226614386724 -4.163276550670594 24
-0.7528217074615989 -1.6980743225224613 -1.3994531387767188 -0.5691819884797856 24
-0.6719548779695279 3.698128823717653 -4.092173350240009 -4.158616467360955 24
4.457213664970483 -2.668042101592019 3.230638989918906 -0.8824263890161866 24
-0.810602165152366 -2.3984397306682754 0.24217345171255755 2.5795885406483716 25
0.41462164258336576 1.8121976385307375 3.7858417739106818 0.575542445334991 25
-2.7636103364257405 2.023265058208276 1.5453455249845889 3.86188311678937 25
-3.5417119291778585 -2.069565943687694 0.18112595533975784 4.390752827786047 25
-4.054227927724444 -3.4563465101863033 -3.94666013894569 3.5652752263681586 25
-1.5851970998780316 2.9270830951824416 -1.6314598452233051 -3.3674905909865225 26
-3.9805122665540553 -4.389534834787916 3.7647682319856717 -4.395837787007105 26
1.0786274616890166 -1.211296281032218 1.5611986160423634 -0.9664497943520228 26
2.517681734498691 1.3025595289375191 -1.4547574661475882 -2.436979447583053 26
3.8443932456631797 -2.363232876938353 2.1261138311019723 -0.21298471563177146 26
-0.06661036837704559 0.347526687421607 -3.367703132265089 0.6387628852199969 27
-0.3652775062352792 -0.6970201799751548 -0.6297167230372006 2.1804282204483707 27
0.38360871170647426 1.3441124812924121 -3.211709653606853 2.491507368762856 27
3.10744850501122 -2.506547549189282 2.2537355582191623 1.4744012637222517 27
-2.532969638400653 -0.7971363555423727 -1.1916814620863243 -3.723422172324031 27
0.32026372990035834 -1.9394129586353133 -1.1803323260373446 -3.6398596163752597 28
4.238743051677655 -1.4553633625732558 2.6794243444822823 -4.343347380665075 28
1.5589426558929076 4.017284989419437 3.704905135644052 -1.587744374781364 28
-1.2555395991528044 3.6651995292502275 0.7262700396229727 1.7040727711517039 28
-0.3831768766244311 3.3084677922496604 -2.71656155607865 -0.359787212245117 28
3.3835484602887296 -0.11961416123270663 0.5222940061162131 1.3515812421458646 29
1.3119852015015894 -2.6649046367798355 2.9651905367300015 -1.0161467432989355 29
-1.8859218095453765 -0.1573504578827214 -2.1883425777504417 -0.03379294014044065 29
2.003557419082932 2.762221797122821 -3.842564705376522 -1.1957690951444475 29
-1.6645833551713376 -3.0973413505465412 1.032179238886743 2.8825761857463457 29
