150 5
2.4418857894007138 -4.3132324557653865 1.7259714681881992 -2.798734924299282 0
1.2028341143364787 2.2392349428475065 2.7270678304520803 0.13287374871041524 0
-0.013436889276686181 -2.476830190222371 2.3155743628405325 -2.899901262446119 0
-2.717434217163384 2.3447764097906285 -3.756417378340565 -0.16135227249427364 0
-2.978002470937181 -3.7049416724339075 0.2596849142591352 1.7667744462809731 0
1.668238365310175 4.080540115754429 -2.6571454737282343 1.5423509696162707 1
-4.46446560304877 0.10973037047198952 2.639423927937785 -4.124359687347351 1
2.8135886548690214 1.0127346014644933 4.170217551493418 4.278534454559995 1
1.9957978568861958 -1.8731153864643015 0.4559470579963357 -3.9158371583405134 1
3.759967102616491 1.9311820505792152 -1.3928688912432827 -4.316130280696543 1
0.3828993121013514 -3.2204695715862575 2.707666288052544 -2.6286561168106375 2
-1.1399331595367772 1.5672025355971075 -3.210727401853362 1.7990458607632749 2
-0.5235014301930353 -0.5938740600003566 -3.9784517459095072 -2.190531898359031 2
1.0599028062238545 0.118244182989518 0.09298606093960482 4.4573290633823035 2
1.353574637383205 0.9093505806408995 -3.181358886148785 -0.45436700161191224 2
2.747008771494718 0.19482437154270715 0.9129633856452559 -3.6245475527410784 3
3.677839927278014 -1.6268751991030925 -1.9013860751222227 1.9871991171666634 3
-3.6858658565618336 -1.7936994902741699 0.45725457636853906 3.0471931354849855 3
-3.474140743228052 2.9581319367690897 0.7229821632117889 -2.838854370513365 3
-4.077933125496752 1.1365843348025328 1.0395190535268668 3.4825957962174936 3
0.4282754032731918 2.873582961030618 0.15110350038397735 1.1352930221378106 4
-2.7094721428906894 3.2116527221195987 0.04553205800815041 3.6869631892789894 4
-1.335126245111209 2.291829223768715 -0.7802580999188673 0.3192184466255069 4
-1.8363446380828916 3.4554283160506762 -1.4162118699192607 -3.333809005710659 4
-1.5703952595097608 -3.014856920527664 1.465395762599899 3.9210300179608457 4
-0.9672368044807145 -3.6588566289721474 1.014562637361486 3.084646495047879 5
2.889950920532356 -3.1396318232169254 -2.5388240741744155 3.628545657569293 5
-1.0429699617702037 3.9983464101492103 -4.412070205922828 -2.467685460029087 5
4.38862927411685 -0.39325907614694333 -3.311503854552118 3.6678865186444596 5
2.9351055945846585 -2.237632792136466 3.692075729937867 0.7295211642141441 5
0.8763448340779586 3.6254858429846464 -3.7125625272848515 -3.4480850438304165 6
0.3110215392163356 0.8118122668688063 2.4396412977706903 2.0951574191686984 6
-4.146464094971514 -1.2853641722891735 -3.71584478760739 -1.2828312169210379 6
-3.7834821885963223 -1.7508607349146357 2.458904595770354 -3.316755585494195 6
-1.523526192160812 2.4644726658953626 0.3404919046857665 2.2925120960425422 6
-4.140367121790205 -0.634570394115255 -2.0472644160797837 0.5986529631659546 7
-1.6656581534158053 1.2284202876079016 -0.20983526355004256 0.5095862328765549 7
-1.3828756492797027 -4.11212379415505 -0.5333664832757902 1.7436362783572052 7
3.419236570661244 2.3691652842931292 1.964134622876825 2.3074412210603863 7
3.402869784523725 -0.7424177054465974 -4.1641019188979485 1.6095185720368321 7
0.9501980795438109 0.1211996466745957 -0.20501279182859045 -3.5984575109616106 8
0.8805298316667628 -2.1400590498124474 1.0277661034322132 3.041230580695765 8
-1.792158219533635 -4.271401961549046 2.105046338929501 -1.6059097555928346 8
-1.7724369541406872 -2.3213171213682537 -3.8893022002178967 -4.164027866421547 8
0.5182036979637977 0.5895631789935079 0.5321277356443389 -3.0523257065830696 8
-0.223809773264545 -1.8648182133944182 -2.0890063286811733 -2.3785923920760275 9
-3.92174045374658 4.309372311818784 -4.325872845439554 -3.1348221804451875 9
-1.442629407259227 -0.04456232205791111 -4.194877381806944 4.336513722790904 9
4.293726533304136 -0.5330355758940013 -1.2556322086134717 2.9291807570581523 9
-1.6355447506894392 0.17817287287842132 -0.7898633233429025 -2.221387683210541 9
0.7032278689422075 3.185403754504377 -2.369602111678556 2.4580403934904242 10
-3.88712453815845 -0.3192227299860072 1.5413121461306847 1.856977966806003 10
2.5375420675723355 1.9674252934402525 3.178398718713619 0.19844610152407105 10
0.7741978204785827 -4.166150280890329 -0.5150731201069388 0.4837359712995334 10
-1.3440924784518034 0.5687161604347051 1.36795363565499 2.5969848702771623 10
-1.8024311481789344 0.11100737946194328 3.530425065234191 -1.7180535718885164 11
1.5612023275624847 -3.0672563995971585 -3.2795120495963763 2.2583398665976855 11
-4.045700968614021 -1.4596570164178848 0.24149899383368212 2.562647226844267 11
-3.527426044984927 -2.889874722860186 -0.6306650742908494 3.0496192885217344 11
3.4724438655093515 -1.2117152590729576 0.3361862288126658 -2.246184601648431 11
-2.5310758573841694 2.272465531967425 -3.969953897033036 -3.672456435831171 12
-3.5380837404578775 2.2014291669800454 -2.9322005117269825 -0.546710844615522 12
-0.2719323590355498 0.8843010415119825 2.7984080256759523 3.6936191124570117 12
-3.171418269432321 -2.8436866011616386 0.6848164081078892 -1.879610131976857 12
1.3056491382141768 -4.06234794362935 1.36607734603094 1.2412863068001125 12
-2.262487429775075 0.3816766460520381 0.032172657455975195 4.189974440596166 13
-2.459039910569917 -1.0672961858583112 2.760220346494412 3.8566742076325546 13
3.800095082131916 3.8282118558099913 1.0254161399799415 4.3380352470879116 13
0.6007493211749996 0.3012379649010237 1.9348916026079355 -4.4220665572443805 13
-4.366259778300947 4.3010933706180445 -1.9066897710556996 3.072587917516391 13
0.6572601362986726 2.625812966489616 -0.5114062167538737 -2.942552488710567 14
0.5540162424873204 3.3960171740844123 -3.469255989963628 2.6809253641910766 14
0.7577624567760798 1.879648437320597 1.3401463630105241 0.015713983322964475 14
-3.163198937791873 -0.6439433492889322 -1.9292381259105134 1.2302624563685247 14
1.7450105970817051 -3.5584222992943215 -1.1849228520279886 0.3558468901702674 14
-0.5435528600286856 -3.004180670659197 2.3586012178188827 3.0589873303894244 15
0.06280766337642618 2.871322777225913 -3.5553832918048083 0.09568177511324172 15
-3.689039387480053 2.7006187562473065 1.3093979646975815 -3.122398671726068 15
0.5861371856202408 0.8041294051254666 -4.484163158060762 4.203411779070453 15
-2.7170940850535796 -0.5749357019504913 2.7707987993858305 -2.0333916957287563 15
-1.8368661400124637 -4.161980916524901 -1.9881935363508667 -3.4138832272021964 16
-4.2238364366434835 -0.4220549981888989 -0.17380561508228665 3.8907178088630623 16
2.2037766925506097 0.5156586561275726 3.7343468319144173 -2.305124136217701 16
-1.0339776039106212 -2.9873448222064325 -0.946275332257135 4.2321557720393015 16
3.044351886333236 0.8914661771534336 -2.0194232975661475 3.9406449677977236 16
2.5444333642047403 3.136582637052431 2.421109413211558 3.462468192954545 17
0.9284667827583134 2.529545555612539 3.339044777196003 -3.181761366958664 17
1.0416318843021237 -4.309513279450605 2.602699091326587 3.6830002110435878 17
2.254181494387419 -2.9156208004467548 3.0435349367763456 1.908280677484461 17
-0.37337214386454287 0.11810436959020598 -1.7335852331628203 -1.315939007061096 17
-0.1438119874185676 3.0994721508541283 -2.3728194429859952 -3.69169524843097 18
-2.9266749466009254 -4.368286124070751 -2.7496964311016563 1.042270878304051 18
3.1388766463010893 2.184071195694907 3.8887530800859835 1.7197555480479876 18
-0.3897221821184501 -0.7479143365556002 0.565623420338307 -2.12619784128712 18
-3.4494344014773306 -1.4518878030959426 0.24432192796469876 2.7394462323817597 18
-3.6480686333071226 1.9424778547618278 -1.844316954846012 -2.849953044964492 19
-3.8062313602556523 -2.6464476746792474 -4.3224078644404145 2.1898910877529465 19
0.6639860830608194 -1.8555160031660878 -4.155359362327471 -0.5968829792353628 19
1.4015406844313838 2.7321151296889763 2.988762851814738 -4.3788729735021805 19
-1.3390784730323213 -3.6590366075060965 0.08401852362724782 -0.18406169872872447 19
2.819844753037237 2.563800464492522 -4.233105532820446 -4.397143258583403 20
-0.9592279880713614 3.2803127442175795 -1.5134039978895508 -3.9471202925523454 20
-1.043723086958408 -2.1842740151549656 0.8835615725082696 3.4732822817036095 20
2.964617278445123 2.1274443345470706 -0.7907960217245338 -4.155550209880239 20
0.06840817249463449 1.2989395353727526 -3.772418365882749 -3.7627691192833628 20
-2.581320911592167 3.561380538332023 2.784306004393814 2.7062460259649814 21
4.193516263570336 -1.646985939247907 -4.34781169780763 3.2516489270755597 21
3.2899735640455483 -1.7074466375389292 3.7017020191720356 -0.8921098382835408 21
-4.272624491113646 -4.057243580036443 -1.9179837149606302 3.0874039673745473 21
-2.8383584578716103 -3.8786999254447134 1.053400976796748 -3.234611458931452 21
-2.1827211893591123 3.722235584136071 -2.441199476556757 3.0734817405767636 22
-0.37935439223030565 -3.3280938946836462 3.0992262615737833 -2.518686059574252 22
2.789024988601608 -0.8687714356740057 2.800238757769458 0.32358180500204037 22
-4.280106195151523 3.211479383649773 0.9938560408418988 0.2148289481365352 22
-2.031346628861434 1.881953676647915 1.2566623364600638 -4.453592867694747 22
-1.2980489145870302 2.6487815564388075 -4.277350949259424 1.7102374678414112 23
3.101569750294655 0.3433276542596261 -2.9556628239400795 1.745376063197908 23
0.5317786476293251 -3.3974101670632213 -1.9326093919036849 -4.004046712964804 23
-1.1012227328332778 -0.6412740378386159 0.7400061232740845 -1.8376314609096407 23
0.10087781656918826 3.525863129421248 -1.5946547798222581 4.2029044906949675 23
-1.7981044956538823 -0.9320230900939455 -2.7455880169522193 -1.3734314536894736 24
2.639459097248527 -0.789515303819394 -3.563873414003618 -0.8839633277295995 24
-2.8361920500817885 3.062225844795515 -3.6643711942143797 0.043594258155293164 24
0.6234425973115963 -3.9595481500426235 2.183316668502667 -4.452385417475554 24
4.40025276776581 -2.4409590011823123 -3.688549480394813 -3.994344171792537 24
1.0323154168215267 -1.1877598724808651 3.458930970297901 4.370272709875655 25
2.7249834271342177 1.1480566743506602 0.1815721706474882 -2.7142431342048385 25
2.8909482857843427 -1.9057217508700526 3.900134844747172 1.3913838300792323 25
-2.0268438156650816 0.9094670201925901 2.6261257244407834 0.10094110750241059 25
3.9466277748840373 1.8656667840729355 2.5939070314129826 -1.486829414926195 25
-2.1293715153891823 -3.3989767099649546 -3.480721790243493 3.6433257903254224 26
-0.371481937291227 4.273312494570022 -4.461984778424337 -3.8384650745391564 26
1.6251693700000023 -2.7607164094218506 -3.309377724401739 3.9793492734723004 26
-4.079346955547445 4.073795430935615 -1.7736328238163983 -2.5801825393772715 26
3.2278411392158386 2.951128581737141 -2.1990370273602684 -3.636719398850581 26
4.175104705544546 0.8904280416540736 -0.8838190530081298 2.079248763201295 27
3.8782425226297637 -3.179080671491459 1.3338894171743179 -2.2423897724893287 27
-3.4743572212077702 -1.15173988043549 -2.4530497744335467 -0.03765457493578206 27
2.399041139138161 -1.6097217168153648 3.282884701046808 1.2065737781056183 27
1.2423157321016405 -4.41701008497109 2.2904322741743828 -0.5658912785904138 27
0.39118534627424406 -1.4602081780333482 -0.8980911878149637 2.006246825507289 28
3.582218779645638 3.9663633463490093 -1.1486827852891686 0.473382273593704 28
-1.0429033576178754 -0.9349398689346273 -3.775827443785277 0.8484801039318062 28
3.5755195033741325 -3.9705986870833767 -1.9717067976011353 2.182028276829607 28
-0.8515864041338785 -3.3284201343217883 -1.810555230125852 2.3178301575404543 28
-3.717275319678442 2.55567858263089 -2.4627587578304397 -4.460331195692376 29
-1.758839801880419 0.7565028529974213 -3.2419774711152374 -1.8381266798385667 29
3.406195605839968 3.4271285455218647 -2.73965565374319 0.4399383405860242 29
0.9085878652110875 1.3070497111562986 -2.610070469189587 2.506429532508319 29
-3.990346174457044 -1.8226431272167036 -0.13788087261951765 1.2540635345095512 29
