150 10
3.331117229644907 0.7404923580530378 0.03997695490993203 -4.310786738823419 0
-1.9904495336903785 -2.826798911188387 -0.4193987916782991 -0.47308298644445645 0
-0.8000988486739813 -3.4436200757875604 1.4419330460401252 -3.055712192936603 0
1.6647186993672152 -0.5615004630631463 2.766848224248207 -0.22091237832038402 0
0.5060639265477319 -1.1962771054260848 -1.7696296420444673 -1.7585839282801063 0
-0.8787084406721744 -3.482633693750433 0.5565351794176416 4.0734444386868205 0
-0.4767223835925959 0.7690060485993213 0.3856209599188517 2.1284482171157157 0
-3.0421340653955555 0.1864690924741521 2.183744526425819 4.285079573654457 0
-1.5655398647595704 1.7926761414999692 -1.1768771436190533 3.919385111605441 0
-1.2024490597534472 3.0273705743944967 0.7761248459264737 3.8390885530893315 0
-0.16791351077234373 0.14852068192674883 3.7519957364537686 -2.3149310723605403 1
-1.0525668464756786 4.477868062898227 -3.502848241300546 -2.4372080591815504 1
0.12820039426601038 0.5314794689562367 2.3513820298963846 0.5175616727688028 1
-4.189952087022856 1.9793702373060116 2.4749262102604526 1.1019277067402116 1
-0.7109680715348189 -0.5675838723697602 -4.006486109162663 -4.154309579554522 1
-1.9646932158991743 3.6024690425104158 3.6672327744205053 3.3991097183207613 1
1.5265105029648183 -0.3953812456033048 2.1098606222680423 4.114805804395013 1
-1.8917608970498756 0.2323706711824971 -3.7659681327438648 0.38885665762854993 1
0.5331785535140557 2.2075544860243754 -2.562491056566854 1.6858378389146456 1
2.9551162821597305 2.9132500673254427 0.29303111017150396 -3.284571365383435 1
-3.805737121087272 1.303758633247225 -0.28123807775001375 -0.8526154864759536 2
-1.7166817292710757 0.2182834428874023 1.4277364351545891 -0.42240950045551373 2
4.122831037807276 3.448808602956488 2.7606258250156808 4.4334615727407165 2
-1.8411129887787907 0.11138389615511579 -3.660500400598883 2.9441968519159403 2
-3.701678240841455 1.27545057979047 -1.2070132249916314 3.819184482800688 2
-3.3082150165954323 2.398372331218507 1.0462744165620939 -0.8261697789677462 2
-3.809319838184549 -1.5206055957216578 -1.7518324280903006 -0.3738196738695303 2
1.6186642846485966 0.08291771514642332 0.4421065110590485 1.4457632893583519 2
1.3963152622192772 0.9190832203121468 3.108231840696462 0.513626467281375 2
1.9714910179379979 -0.7630268812351594 3.5610773171460153 0.41561267348908604 2
-0.9311253372120551 2.926250674723554 2.8724279516511664 0.34368641347592366 3
1.9129657829292297 -3.618565630679088 0.0971081986392871 2.7553925398430263 3
3.079388327137934 -0.5326102107936086 -1.0303667166196568 -3.0278026492379078 3
-1.134096801588767 3.723082377432809 -0.5130744830866738 0.6840766033534931 3
0.43000215083201776 -2.2325646342545578 -3.655230094947803 1.5651991656374222 3
-4.252734527630579 -2.6436843034763373 -3.153327812793325 -3.1138980060093093 3
0.8179682532977981 -3.0271362478925234 0.3667719639780129 4.390531763042518 3
3.032353475288719 2.47682854018382 -0.5282312472166313 2.7972399823812717 3
-2.9786268924192925 2.40294896355253 -2.1347547891952856 -2.1493521872104138 3
-1.481707358385984 -0.24841840691249784 4.00392594805131 -2.9839879654732115 3
-2.564420660339686 3.708845994134019 -1.414600716208777 0.0156816292001416 4
2.3328688629756824 1.5890522190531966 3.3382081064568645 1.1299343504792083 4
-4.307613467704085 1.4478689420446915 0.4278916815878674 -1.8839747908547801 4
-3.650043686626935 2.9804631280735765 1.0527964951979651 2.214285502641907 4
-3.4852586183999894 0.6014664842398935 3.8803386687378465 -2.4821432673364385 4
-2.9283652189959612 2.615459661477768 -3.770279930693781 -2.8428316989838733 4
-4.196854810973439 2.6637406412327778 -3.253599981772936 -0.18270174183644894 4
1.704935456103959 -0.07338902678682413 0.10200341672687918 4.055552824835823 4
-3.7030160726945547 3.937952363064602 2.6626609757857067 2.719087474230964 4
-3.740739963430078 -0.2754569700817048 -2.3855372147260994 -3.8947052672648814 4
2.750513836068812 -3.7291819221848312 -4.216539080224726 0.6969585994656831 5
-2.3005843557808054 3.5352502776998236 -3.0595417961255578 4.219754902613556 5
-0.19250027402702619 -2.786393913678455 -3.3293501128433634 0.09895191254238123 5
-2.2226019039096303 2.3610532292247655 3.64021359325805 3.626763799763783 5
4.126862149687824 2.3608577100032906 2.387851829585279 1.600441122209013 5
-1.6199358619059008 2.6242326499103217 -3.5435349555720177 -0.9482606523803889 5
-0.09431056513456548 -1.83284383950454 -3.629407809049232 1.0406532349136728 5
0.9176508690054761 -2.502442106447996 3.6153045020397854 0.9377459439304451 5
-1.025346411680627 -4.440621022188058 -0.8304400915262753 -0.20224616028640696 5
-1.2764282616526597 -2.729571008794702 0.6280670800367117 2.884721229495577 5
-0.813404077582145 -3.5139452189897793 -2.5865454460772628 -1.315087780602036 6
-3.7286718896594575 2.228359533580667 2.6881007179555243 -0.5765979865278454 6
-2.852911384584477 -4.364213481853504 0.4514634184087011 -3.0638878131898744 6
3.7237606849850864 3.8334648390842943 -3.947439671837574 -2.2758239045304505 6
0.7458333938420694 -1.6864240522729461 -0.07242610422988638 3.9244003486967953 6
4.484408112107909 -3.149873542585336 0.6186759177696806 -0.2845661795704211 6
4.450333250617491 -3.3753240883728193 4.23754947840636 4.288027414414859 6
-1.3405082273593338 0.27952492206998525 0.2522087487255006 3.2866616363262304 6
-1.587567253285383 2.7577563099621027 3.3288772261557424 2.6695367690034675 6
4.142873336677139 0.35526987875349647 2.7476953011488927 -1.3511953596954553 6
-0.006072502868924912 2.710115164245321 -0.2274848804941243 2.6110529401963296 7
2.6738905674597855 -3.4212034173240258 4.258152979176425 -0.13665586921290862 7
-2.2861272906029333 1.1410477944267872 0.15342920952779027 -4.175409796680098 7
-1.1047476855973737 -3.9288831666050985 -2.403401699662954 4.399415538688827 7
-1.1412123238693912 -3.8329573299686897 -0.8817040855974732 0.2570255564200552 7
-4.100022116393428 -1.8628930697878188 3.213420346441688 -2.5689122514527583 7
2.290882690664688 4.079226792651746 -3.605180063472848 3.270699917145107 7
0.7987367045264319 4.3914624036035 -0.6914756103345345 -1.890507803185175 7
-2.717329519181351 -4.113280960361044 0.021631781710826692 0.10898160446646121 7
-1.0466621850700184 2.5284728566385084 -1.1806361829849907 3.409549476882852 7
2.3680569895595482 3.278177758001636 -1.6931565281962186 3.01355560797442 8
0.33515913558116894 0.24009026155558333 0.27571012958121444 -0.5602249454455921 8
2.8436127312344803 -3.337909753830668 -3.9156086158680323 2.3258106992961363 8
1.9825158210511105 -3.898518016896693 -2.7511567184045775 -2.4743704269975004 8
-4.361931848442599 0.4158363145499393 0.9407101533350973 3.5152459596950747 8
-3.6702998223037695 -2.9546605847885035 1.4544596057148076 0.6410611181868572 8
-1.4975644547991682 -3.4495274867325305 -0.3450101364569518 3.5052429508834515 8
0.5632803318552934 -0.8016177069532083 -1.632283649702651 -3.560697560447866 8
-1.9274247708279448 -0.9166751559196963 4.245825723719513 -0.6022295514378101 8
-0.6550880131411226 3.472430685138188 -3.2865877724598063 3.0278475098963726 8
-0.5665379102322137 1.0535427905911996 -4.459494874202109 -0.07673216741251554 9
-4.002106787957465 3.856893992238906 3.033674031246422 2.4547691909909126 9
2.3153344171517958 4.282926472323462 -4.492112473285401 -3.0481425500170594 9
-2.2350703622160584 4.2133443402117035 4.195692883567942 3.6288284195425784 9
-3.2402813205408125 1.906318991935253 4.472514511403062 -1.301718008012379 9
-3.8774105855972865 0.9453521637064481 2.5006829864267583 1.8361137951547 9
-3.9642759955494893 -1.234015915580658 -4.180784112938349 -4.240269906304738 9
-2.1737383688819842 -4.2648571398540955 3.9861961821050773 -4.368370792856252 9
2.0932176768849837 -0.4368730636015178 -4.0768176515909005 -3.2022676954260536 9
3.2687101384805093 0.269315622035347 -4.102400182401191 3.0507363763057533 9
3.140692562703616 -1.6250795542940657 -4.200066119583481 -1.999630812604614 10
-1.6236156262191708 -2.157098897587831 3.4728310035926304 -0.763529398859086 10
-0.6751050252844758 3.5313064497953315 -3.7283687289536926 2.4903328512427607 10
-0.1826443466869918 -1.3628578108721197 2.6340917699090887 -3.7291464591686387 10
1.639379511915001 -3.041901399002498 1.2205246808556174 2.988890702331891 10
4.039523490818063 -0.26107408528353615 -0.5851768648982415 -1.4440658795063437 10
2.877629840247247 -3.8623006234100936 -2.0202115597637884 0.7237885085104936 10
-3.5422773899776097 0.0692821415413265 -1.0128577286830902 -1.6331638963979 10
-0.6152508923465785 -0.9586689455587142 -1.067809992045349 1.5683440928688206 10
-0.3252985459535096 -0.10676207680721017 3.7971080921534606 0.6262054035310632 10
-1.6437191072592725 0.33317743067848493 -2.335047548322742 3.244045729943374 11
2.342718921938156 3.2952683389323307 0.5933685310667753 -0.5536776558486911 11
2.6885414834007815 -4.246673423437862 -0.7726648050890176 0.5130034470286 11
0.23123223945758242 1.5354027990304522 0.9155047723624896 1.8406432013300211 11
-1.123066433936325 -3.8231686312770865 4.18653774669335 0.8208444466861671 11
1.5215805462043699 0.8129731024995615 2.5825946598774814 0.37036996157895496 11
2.111670152055801 -1.19748526196872 3.4390037894245875 -3.6311960841950857 11
-4.432228601895229 -1.8962966163294661 3.5097752444412986 2.683468953619012 11
-0.878754988625677 1.1603466130461504 -1.6215080693407709 0.5668809592646774 11
-0.44547664417553245 -0.4171412264476434 4.268209750262082 1.9011563678286652 11
-4.319103765686021 4.162612720228887 -2.8159519777510633 -2.7388031023641464 12
1.6774321895226803 -0.34455420669779513 1.0966492010213558 4.405110359960441 12
-2.1899428079310868 -0.7078898573212754 1.6286859552579243 -1.0193922186775244 12
-0.7272826546003379 0.4626573396182745 -1.6287421757473521 4.264350818770837 12
1.422431564425966 -1.9949025652570591 -3.227504239678916 0.674469248762395 12
-2.2795387572720633 1.3332926323830163 -4.079101305706418 -3.9444528523578515 12
-4.201102156219309 3.420824599566214 3.0486786413303286 -2.554967808226302 12
-0.886847975263657 2.899951125892163 -4.296069841713146 -0.991440451943496 12
2.150501709101288 2.2390746567707485 -2.669282350648224 -3.758438049920541 12
-3.9526817947346187 4.188283833811474 0.14760480865841819 2.94813127629861 12
1.3287906615803486 1.6098922253652532 -0.3597608035846416 1.425924983699709 13
-1.3009045275754798 -3.016551537336512 -0.198411389759918 4.266519294841821 13
-4.132584238661955 0.42169243642109666 3.527981367143995 1.0043260108899736 13
4.464684256779215 0.11572726835914926 0.7991687532329691 2.148265337428603 13
1.3195290236791464 0.6859015682238129 -3.5223424222382143 -0.7016827750656998 13
3.9775901277016263 0.7443302513348131 -3.97236530456384 3.232978326733585 13
-0.1426195924315241 -0.8277473740253334 1.352652805519662 -1.239548521180589 13
-3.2742469280482913 -3.073078011889813 2.2516331752229743 0.837953961082486 13
2.968472155917821 -2.9031427921252213 -0.604810676224236 3.0474847765228987 13
-2.3109532361951146 -2.6476633651277455 2.8367858690281795 0.7941749949491692 13
2.6987743084356546 -0.31969839029319724 -1.915762742503243 3.336153303314397 14
-4.307131872541577 -2.033706970712931 -2.9227525059961073 2.1618832826326138 14
-3.3512522337455577 0.8780907130330977 2.5512610114616927 -0.8776821387667911 14
-0.7217284219058686 -2.1164532343523863 -1.3425715002022338 -0.04624704636487076 14
-3.085039485841324 -0.7067942369986869 -2.2283126384953498 -3.709677870650496 14
3.34198310870579 -0.4634076374248498 -0.8780080630761303 1.2760295779937572 14
2.398118050169459 0.9495841955012623 1.1193482790053841 3.698357402705 14
2.335563381511122 -0.4248497017651657 4.266056027675156 3.5354544881312697 14
1.9479369613856106 2.3243284741916326 2.3159863401975027 2.7469829262720733 14
-2.8686242804951583 -1.7481790116004197 -2.3696458661814033 3.0840203747949144 14
