150 10
4.20326855112309 0.42509024258150097 2.013592596739535 -1.5587570756000648 0
4.254159239683959 1.933343943069282 -0.20832420751965952 4.032520247894931 0
1.7795594213754373 -2.5551945397766125 3.3117149621556554 -2.042134410257127 0
4.286470092986176 -4.443927703158691 -0.8975546749059731 0.6411078349665009 0
-2.2231587385490044 -0.5868762083599879 -3.4246627401185505 2.6656594069607245 0
2.514446296143772 -2.7208343285977223 -1.5862323592582879 -3.4593421151979458 0
3.2669391203930003 4.350606094577815 1.8647986365810207 0.13417414276346995 0
-3.0254198273577115 0.8760054953957329 -4.25609639135604 0.5650525182247654 0
-4.419125120992005 -1.0208584562073355 2.3778796000283835 -4.220615987985315 0
-4.102559478616504 4.109876709428123 1.4182885863426846 -2.24872279976412 0
-0.5746801780818211 4.040795761034065 -0.5825132262874354 -3.8504932193916948 1
2.576753873415549 3.296603687235286 0.2900567062351809 3.949460177900619 1
-2.9415112065364664 -3.8254627168820368 -1.7566586307608123 -3.9281635886230295 1
0.9066844923999237 -2.9882503465343655 3.1340369460060713 4.028342087422539 1
2.100421507595129 -0.8240052586318675 -0.08036324466909628 3.6765853599771945 1
0.25117941076128303 3.938144255558478 3.677763713119368 2.110672619964686 1
0.195265102004622 -3.5262595540149237 2.981945989356294 -3.0419618948635403 1
-3.0759893353368053 0.40682386532891524 3.1098519037434516 -0.759219082581032 1
0.2196367206162605 1.2384921971339429 -1.9198166724724328 0.5567604273241714 1
-0.886541007687544 1.3482459811740806 3.217439113412066 -0.6014821157204934 1
-0.927899973884406 1.1152450219340078 -3.8000810886673975 -1.9144954778191385 2
2.4066447038111147 -2.8892348096298224 -1.932201612604916 1.7734629409352598 2
-1.1198180827121185 0.022797533942409354 4.095593439058493 0.45132684829246417 2
1.6800037192471122 -2.2168831620475515 -2.2174872680974906 1.8281689204653466 2
0.4926677664830268 1.1243775965768794 -3.170456894944978 -3.945338154660435 2
3.5595104945053144 -1.234317704101862 1.3410696065735443 -1.118229115319246 2
1.2380136571686298 -2.7769823809293297 -0.44273044050942767 -3.8341579790141456 2
-0.019852968444248553 -2.8579913588591386 -0.18280962389786715 0.95529791734369 2
3.7654473522578646 -0.6136013579289513 4.342606811550907 -4.306770996916369 2
2.9716929188851164 -0.7490132578947368 0.15072087493382358 -0.11909597821888074 2
3.6420082986903024 -0.8565730442018457 1.126270753022108 3.178560898096598 3
-1.5194294721798953 0.6492489324547376 -0.017703817985920467 0.6532305068196651 3
3.1089928418470194 3.249128805777648 0.022990660046766975 2.6679783055581767 3
0.8611930536150102 -3.7380455008163076 3.6624160264287067 -1.596050876926181 3
0.8753994658725742 -2.290916622752081 2.0195730534382674 1.3928035357187616 3
2.09334103730971 3.551861630850649 -1.1404095106462604 2.731463994234563 3
0.1326057382183059 0.9320715932418575 1.7554830949515048 -0.07314057396064655 3
-3.914389688554734 0.36067256678525705 0.6473025926055003 4.040454880943635 3
-3.337318946966061 1.0310656171529877 1.2615308367625016 1.2140201215150397 3
-1.2271468765964588 2.409822308976712 -1.0742409752820763 2.537140397590637 3
-4.063192772224028 -3.5116369369394036 3.3514558578582543 -1.7145811995168394 4
1.6562089361126486 0.13188327375290843 -1.562294059758985 1.5587682526849893 4
0.6447723445327423 3.0933629459158984 -1.9003056808118661 -3.764573770200298 4
-0.11036124765293154 2.791299799135304 -1.9071083554062058 1.7737070169402052 4
0.09219266365446044 3.840486239162261 0.02398937548339386 0.7205714502445538 4
1.5023499438566341 -3.1614584450934875 1.136137809572317 0.3159384514201641 4
-1.2190214220681976 3.2919742434968935 4.151734173473565 2.7959706788643763 4
-1.347433102300359 -2.7987681648946063 4.1704395162158425 1.7401004164558247 4
-0.24640821750804254 -0.9649694266008306 2.715426806118792 2.2624510713935915 4
1.0703693397968426 -0.569103372544381 3.9698776254553203 -1.4359263771516702 4
-2.1517005843495403 -0.7877500950351886 -1.5802057040228386 -4.392708047600732 5
-0.7286936890292967 3.621796702885268 -3.8897265637494325 4.155071274791316 5
4.316546358364368 1.112119554662225 -0.22565634887592645 -3.405261279029231 5
-3.7513428968622495 2.096988458363955 -3.529041968742578 0.1584011105003712 5
1.6081686223108562 2.934205803226976 1.3635125020942205 3.0070560809295235 5
-1.372937969600499 -3.9700791525768917 0.6430079060595918 -1.49487702130933 5
1.006396348097629 -3.383868435180552 1.8072650726075623 -2.8107655340038558 5
2.3357657624699826 2.64980985818978 -1.5048755704842325 -3.411618653546973 5
-0.8223589192509185 3.99417755294741 1.6262013085149936 0.3568648812335061 5
-2.9359818562025173 3.983272647542822 -0.5447323331868412 -2.427604360359598 5
-0.31059292664217897 2.3669427714782953 3.0932267873722816 -0.9318174591029457 6
2.2753817593237162 4.330889272181347 3.7106975087217213 -2.0538592416761454 6
4.259501947160376 -4.139179878229484 1.2352690196902156 2.137335018373544 6
-4.356258502215954 0.3896128352118068 -2.9765379182136154 -2.8613249305493387 6
-4.1951014389143175 1.4173617225174526 2.3819083047030762 -3.695259096716371 6
0.31412341498007323 1.4990255649023412 -0.19484524864281483 -3.7545882920052582 6
-0.5279336606459697 -2.0477568714863748 4.173744979178846 3.0167932018963715 6
4.047020459530596 2.054424961739222 -2.408631279720132 3.0907674771432907 6
-4.443084564610655 -3.6060501159524296 2.2276969121822923 -3.5239801600514618 6
1.185230206124816 -1.9076685570206267 -2.0978793287530775 1.2766042650461842 6
-0.8314049043750811 2.5337801150793875 1.8643196580456425 -1.4074175633427377 7
-1.3126901563857118 3.832277375513331 -3.3391459662892435 -0.046172536473616854 7
1.9840690928215472 0.4673379665823718 2.3759284237986953 0.19008299772739157 7
-2.8713164757740786 -0.8136774929911553 -2.750409855508308 -1.7609262285343577 7
2.365936108589911 4.417171366653514 2.316387533494014 -0.35369574293916617 7
-3.8371286329143603 -3.2872265369840044 2.38719056877553 -2.9158786396818055 7
2.1604025700173333 3.0040323292925217 1.664359638731639 2.6962339003547457 7
-3.7010442834881756 2.964761547489051 3.487161066877174 -1.8150570369883083 7
2.5805908299157605 1.6939914588371345 3.7093980816696277 0.7711504283963014 7
-1.4406622516606045 -0.4991340191912963 -1.8524964840265423 -4.221387833764531 7
-1.2029747467361913 3.06419458249964 1.482038683939833 4.0446134780986345 8
-1.5451007680718265 -1.5968252137206986 0.6705001102904069 -1.7974686087843943 8
3.917617715103187 3.7798861292810804 -1.5321408171026398 -0.08395279237638453 8
4.218067128394637 2.7679405789314067 4.355691441865844 -0.6250813941642913 8
-3.717759441215113 -3.681805035411808 -1.0151470470655888 -0.04917974947594894 8
0.5137386773868363 3.2056539383503586 -2.5045586065162277 -1.8832921184557936 8
3.457780775777414 1.2316380557994075 2.7907404039757213 3.5358821570444507 8
4.102241345855239 -3.1330295889057247 -1.1679828391538039 -0.16111937656650555 8
-2.505771630175023 -1.5075434971125317 3.6315693231024904 1.920756896914157 8
-2.1887557120659857 -1.6901547094795326 -0.3801671732962415 4.123069114984992 8
-3.433990352997737 -1.1219387099729787 3.4691211743012964 -0.3371701293465301 9
-4.232034029405347 0.3400349955799201 -2.7592292309321076 3.024512085067214 9
4.012454652078991 -0.4938732624575871 3.5786122872524655 1.5476076716765959 9
1.1173791989729183 1.0063111374155616 2.7484966667497015 -4.328830075492908 9
3.9004125127293623 2.1106714770778434 1.0856113895045252 2.7631848117170184 9
2.9233883538542194 -1.4773553108778896 -1.927289019688509 -3.1016552121602015 9
3.667181817852731 -2.833116892440185 3.514120547814308 2.5410586253539305 9
-0.8281595799544424 2.1370677607320863 -1.2760375822717547 0.6990348541278528 9
-1.4988925641258501 3.4752080821871942 -2.4487425483392915 -1.5181718870365737 9
3.245902759222931 -3.013936916401015 1.6793935596175524 2.3506699952116112 9
-2.4232865244500155 -4.028086091822376 3.4165659229414067 1.4300915841101585 10
3.228487636403565 -1.4469758259829302 2.6948367905738997 -2.7939880956869336 10
-0.9607794447009995 -2.06671065985528 1.9718864448538391 4.327736686205573 10
-3.3909490014352937 -0.38754682414141284 3.6790043355945086 2.558587373312148 10
-2.3875465222544254 0.5683791143693318 3.536991270899367 -0.4042538379933266 10
-2.6751145703448707 0.1024855392217382 -1.6404386924642758 1.2497803089298758 10
4.0349329554859725 -1.1534966427342594 0.7693859456357282 -4.136777139015075 10
4.0879718039941215 -3.985146753699178 -2.0708479923557874 0.7600561601080069 10
0.43924606453874104 0.898177420702797 -3.915905756983973 -3.935233682760313 10
4.155779859712737 3.8266661810558045 -1.1126194077055502 -3.409435737244875 10
0.09815516566249727 2.3353752614875276 -0.7675402772076322 1.5739264720170287 11
4.283147534467639 2.1285023756694197 -0.24989272522704842 -4.332861948842239 11
4.085603765588544 3.950045813873394 3.8566291459031907 -2.241574293446439 11
-0.1640955474006207 1.4390480779219632 -4.433498129439937 -0.5169631016394417 11
-2.8813533037389156 -0.5667887482607589 3.1554401856867336 3.902735743183456 11
3.295117699563542 0.6950886322719335 -3.3013070788353667 -3.878124292614042 11
-1.9849175622845385 -3.3948967251058564 3.01232299523272 3.098148533560434 11
-2.4133031836348073 -3.3750669169194847 3.7339409062434896 2.6143391156336677 11
-2.3959761279507017 -1.0477799096371005 3.0273894556187626 2.8597295191803584 11
-4.113913222047837 3.048396271852253 -4.1417147688764295 -2.915143377147138 11
-0.8657076446351918 0.6063206804668242 -4.107762739854472 -4.491839968062399 12
1.22520613287729 -3.304421941805194 4.289373058732503 4.494276356716176 12
-3.755631493684292 -3.091210085414221 0.49977253806241895 -3.1681297791022187 12
4.376022509970474 -3.559362822150575 -3.2744317384298665 3.7035550781055573 12
-0.6960967068095606 3.3755611242061176 3.7596721036095375 0.7628610038981972 12
0.7584808743790891 -4.3421969576539 2.000770250493212 0.8965012144916091 12
3.498323229327706 -1.0426710310611695 1.9165168369325996 4.304892922315772 12
-2.990428130214723 -1.4653815240945942 -0.5867302325168207 -3.805132750092365 12
0.8473331868692849 -4.160293379674525 -3.798814749248753 1.3872318198321594 12
1.289776691830523 0.9909576028666973 -3.9700334297834354 -3.5279007402052613 12
-2.4408547009467902 -0.6658401579719031 3.447545101028892 3.9420364232628815 13
-2.758365328819022 -4.308031444486011 -3.478165266848014 -2.511640286827819 13
0.7552788655198921 -0.49178659925378176 4.416010317629831 3.7768519294139593 13
3.0785098323781797 -2.708499114326215 1.15374084059011 -0.23432323908936703 13
-0.5346085755473013 1.5070907927529464 2.6086720848694407 -0.11007048277401343 13
-3.884988329846437 -1.301970340051847 4.281028191524678 2.414359737687286 13
1.674326728298393 -2.294352926602623 1.2334596650537533 -3.491290676928252 13
-1.2242040978056083 0.6962732891188134 1.9835529798143332 -3.4427910879957597 13
-0.8150796695065674 3.3910335240457914 -3.183195530630285 3.262240100798974 13
3.238931502539109 3.00579203416229 0.6603543424437311 0.5668077435397146 13
-0.663559499792728 -2.788830039668566 1.7858521102587495 3.1078923793016804 14
1.2497679282923575 -0.6466051670201971 4.020925774502653 -3.918399317047729 14
0.052263637004316355 1.3594640253098276 -4.138219417151762 -3.801967479161899 14
3.959473810817979 2.774247539705465 4.301965583694623 0.3068109659099916 14
-3.3910503007596713 3.667159881177107 -1.1199157277534302 0.98337193205803 14
1.5936059943794731 -1.6251732434747472 -3.40865517788164 -1.0008929834007416 14
2.0699368969612446 -0.22532472744426035 -1.8353622555397413 1.5734522656091534 14
0.5492930743390537 0.6464222427904636 -3.090845970796917 4.257418659232067 14
-3.136596756796642 -1.2421609354701395 -4.1296209331966995 -3.573712985078942 14
-0.5783873288040028 -3.9804741074791576 -3.012650561810703 4.408373311791607 14
