150 10
-2.4903802876181502 0.20847007260608497 -1.1805488206341832 4.1527521778779075 0
0.45631310923062973 -4.089582448804743 -4.266859422040894 -0.7663377396917609 0
-1.253440481870046 -2.492271524778401 -2.288240074663854 -3.632193336380335 0
1.6985354563922084 -3.026417174991907 1.0912946825713865 -3.2858790707365144 0
-3.867076198750497 3.969097742212524 -3.9648904108589234 -2.6573662698010243 0
0.5731324221134275 -3.798068945490116 -2.9704606501671966 2.552770869535479 0
2.0037646001235587 -3.073930438291502 4.185897802799521 -3.3201840310421256 0
-2.2474682393037897 -1.8586146950802225 -2.3401475676063286 -3.0164590345607696 0
1.769496427877354 -0.3216232076386344 0.7320697703023878 -3.9045848208933935 0
-2.5644407065709443 -0.4785636412830817 -2.244165620281035 4.114401268574052 0
-3.4120912361493883 3.759183069702525 4.451065311361675 0.7901715146263251 1
0.5980169584727598 -0.25182615832265487 2.3159768323181207 3.1552960230196665 1
-1.6689021781750963 -4.111058432370365 -2.3704614822939063 1.9387934267048204 1
2.2720042526397575 0.3894213948418622 -1.2751099742575032 3.4783293616450104 1
2.4047138314323058 2.6140388959420817 3.5552645229461124 3.0293599554447774 1
-3.8500075856283287 1.4374425096706278 -4.123283202881613 -0.024469383679573742 1
-4.020305954901777 1.6652200745043066 -1.783404765418981 -3.199977911128898 1
-0.5098413418806164 -0.2880346735803502 4.024026482462528 -3.581344750252747 1
1.4495340128846355 1.7096996873395072 -1.9850739351018354 -2.095197242179346 1
-2.1300346399899257 -4.396689596158426 -1.9482869530015863 -4.125652563434761 1
2.441650019622887 2.8452809365996448 -1.5529177318679115 4.4877168492036335 2
-3.2432255662653375 0.70206071017357 1.0188016335758814 -1.6993014442253016 2
-1.4339315516022062 -2.4100606127784014 0.11104803352233639 2.7501338664222064 2
-2.712206217734058 -2.056583040401874 4.185134529887101 1.870512001877024 2
4.291674876096237 -2.5611391954677463 0.1158165631795881 -2.627237312023771 2
-1.292333246441134 -4.334400480324454 -1.1486309071417806 1.461408414310275 2
1.0511124263551275 -2.42635150997024 0.7999912513217783 2.49120327046556 2
2.181165624592646 0.7582518755539785 -3.877832605936015 2.7579300129096045 2
-0.7190680086921869 1.8832754897537591 0.24769754117782516 -1.177901405285442 2
4.248409733130325 2.790352058915504 -3.7315874245554874 2.181858369351507 2
-0.6241033830448232 4.119557398303057 -0.7721330666763903 -2.194642416908671 3
-4.070177090055937 2.0950362080251947 4.055102596389732 3.3682361168463553 3
1.5809980435325517 0.24304651014740364 -0.7368551968627902 1.9799772265302669 3
0.6028870668514218 2.0065072432242688 0.6345843605678334 -2.3774183834366993 3
1.6434301514873657 2.6578141208936064 -3.8883766298339406 0.2520157029215193 3
-3.484390300183856 -2.7075363104576624 -3.038412225120214 2.1673407279476513 3
1.991873060754782 -0.9551940976545124 -3.283139785054924 -1.2292117724909604 3
-1.4473313719396224 -3.1189888253554097 -0.30728231188683264 3.4473305219253123 3
-3.5948338684990335 -0.8347760383043007 1.703042020821441 -1.153843119735508 3
0.746239180198534 2.1664846886551294 -2.0191895319066546 3.7779492754065758 3
3.333247575981199 4.198735443624101 -2.397276270572217 2.1396620839338043 4
-0.3999163018300488 -0.896193008354852 -3.3772884180194414 -2.6170229663329394 4
-1.8095433213292949 2.9552406006880654 -1.214186176376682 3.509104440169944 4
3.6885705299168023 2.3952300772616555 1.3756834106417966 4.054864491312886 4
-3.885166941174675 0.9542386797823192 -4.011402902260963 0.4616849441136275 4
3.952945191855407 -3.5807160802943927 -1.614775149329219 0.35792401003573715 4
4.29785564795957 -1.2898014806295914 -1.6641301394957937 -0.7298777259330167 4
1.3876845150515429 -3.394928643478243 2.612729426972151 -3.8962318913340876 4
4.152169740722237 1.3606328445445417 2.6091599696078482 2.313644052176051 4
3.930100289048913 3.679445747469681 0.8408181215114121 -3.207812075991824 4
-0.5669296988928288 3.8993486344866097 2.1364277360251687 -2.042037227912074 5
1.855955235981219 -2.095770323314327 1.5199160841653727 -0.43129270096928796 5
-2.882102387256343 1.3999801937296281 1.9771715087821924 1.7691789753488156 5
2.8982503464029326 3.67117980377068 -1.8492365408293936 -0.4914563437023166 5
1.1355814939781514 -3.03504716205547 -1.352195926124119 -3.8451603290709713 5
-1.9651842617914572 0.7938816565375751 -3.6331189607500622 -1.5472421534189076 5
-3.494255315658841 -2.0742994579166987 -2.5450426148823793 -2.1530512121148346 5
-4.482140390587915 3.5690703664230314 -0.35909504852904217 1.4513364653016436 5
3.8729471239690123 -1.4378944244634462 -0.508440995521307 -0.09881202739276651 5
-0.6967705422897694 1.531767268315849 1.0622314386277794 4.425186317201536 5
1.0011473236825275 1.448307055154996 -1.0485242761591205 3.7276116750775197 6
0.06356523604473552 1.2147592945272363 -2.7889276076235316 -2.3410066990372718 6
-3.5258287364081706 4.060806440181054 2.3624378204211176 -1.3128378198856834 6
-4.19911637106725 -3.6269193024369173 -4.198630192507751 -3.3409645603184615 6
3.122520913537735 1.0113187856220653 1.8319150223313905 -0.4594585400916642 6
1.8013630857020035 0.4523411505256565 -0.4510894085592452 3.0549925814515864 6
2.8026127383735293 1.2994386803903561 1.6319597524847735 -1.963460179590399 6
-2.722705329879337 2.4599039578640065 -3.9620832645098036 -1.8368782379638364 6
-1.3985620112547423 3.153692103799279 2.0122786193937863 0.6306788407876939 6
-1.4283166937057392 4.245899715153582 1.4078471294707033 4.326672135678457 6
-2.4891338350387713 1.2455993951530782 3.5113030900523845 2.9437046556454782 7
-3.2637857274071544 -3.3354082836200325 -0.4816857530217601 -0.823031563366986 7
1.3614815754548442 1.9567477134509241 1.9192056969702826 -1.3214573451782385 7
-3.604608257508085 0.6977309772808838 3.055454980581848 -1.0261986570084662 7
-0.7692045481596271 -3.2833261748309934 -0.7536768729283149 2.1973624529827327 7
0.15852472876778567 -3.9174770825857386 2.6932622631009617 -3.576627127408778 7
3.5838722759356254 -3.6500644106195352 -1.3089720892465628 4.101048534510516 7
3.2656822279955753 2.1462487242621684 -1.7003115548182561 0.2824968094570933 7
-3.4693962652111456 0.3841878682834956 2.814036258980663 3.7166054671287103 7
4.231356050657404 -2.2763048283624614 -2.274977507444605 -1.2931637853869673 7
0.660831869148089 0.6123161075359586 -1.9918689158257603 2.812863877794106 8
-1.4265672474125624 -3.440460060262711 -1.1168227641974364 -3.4490402851475 8
0.4005327726406861 0.6107845913549518 1.975263610404471 1.0493465672456002 8
3.730857882565523 1.1376056357272575 -3.674074147740389 -3.679620069918691 8
-0.039384790302719686 -2.8309992120705716 4.464778774890803 1.9966128127340572 8
-1.0009878847706832 0.6543386124143138 -0.7927029331729508 -3.1671161167309636 8
2.0456270119611726 4.389601196986597 -1.5876399895202562 2.8324872305142272 8
-2.7739025825765586 1.5568560181736877 -0.38933245357142165 2.8550128395444423 8
-0.7619956689925943 1.2285735789541181 1.274996614346553 1.736143115126154 8
-4.446266710932089 2.0996604214385592 -2.313880095559731 -3.958978067424395 8
2.9223040947942174 -4.0876941716159125 -3.626705521828204 2.1345196081706708 9
-1.2929169218986571 -2.5161872275589294 -0.3990627070666912 -3.120590136166921 9
1.339598424699544 -3.722333883807133 -0.7010473637253658 0.9933207989738707 9
-1.4482764055791626 1.4271729873465973 -1.5319872132889205 4.069864487245328 9
2.9737326332218488 -2.7993720741935606 -1.9926997011593728 3.653548088576527 9
-4.368304179866763 -2.5085598125592963 -4.018734896081972 2.336082829544855 9
2.5203900824192482 -4.463240761973301 -4.1030091858944875 1.2713673681658801 9
1.7092873935121613 -2.6118682961401274 -1.5237101921930816 2.604720150122621 9
2.9586735345172075 2.7712705844894896 3.615918038710129 4.327634989597985 9
3.9735063471842413 -0.04756918060953941 1.9069853974070563 -0.8893013731006458 9
-0.16863940391293097 2.8631531921235616 3.4577266015230754 -2.488897152888331 10
0.5382119600272662 2.990354345658606 -1.8699913382984725 -2.3231587537537237 10
1.0007266350177644 -1.1564297305743423 3.0245880037145607 4.334888167793251 10
2.608941915962403 0.7302574974347998 -3.6790039060890085 0.34150330731055245 10
1.7861777670708303 -3.9623246193632746 -3.122234797505136 -1.4045837228314062 10
-2.7966141271464156 -0.9163256991778245 -3.3620846343567328 -0.9717087813146663 10
2.133474858999279 0.469952113894056 -1.508197477368074 0.07340242612523695 10
-2.333643892773315 3.6855831764960305 2.893812917277141 3.17879421960129 10
-4.273128225148509 -1.8839709337971158 3.585490440907823 3.6614156187234244 10
-2.694457722871817 -1.2171876838361257 1.7804438349972451 -0.20120995215042392 10
3.461718948931199 1.6751163990702085 2.8645057792238875 0.7115734185500814 11
-3.24234894440624 -2.812011283442493 -0.10263762718634839 3.6110179376414084 11
-4.140158761905642 -2.7807664008145254 -1.9320015501269228 -3.0835156064109155 11
-2.8891412386360784 -1.6913935764767982 -3.8266026126925095 -0.1896565090610256 11
1.1369676103728672 1.9560998508903475 3.3965670837784003 -2.943419224185154 11
-3.3233536416527607 0.3707917673810016 0.8034911547550246 -3.5634425320358014 11
3.0207060195465343 -1.2261857529378115 1.988191546368267 -0.9737768504344662 11
0.543982342381889 0.20327602789707022 0.8199528491700169 -3.57532043761343 11
0.6153745999730381 3.6257475447913965 -0.5718475634497517 -0.10061592923430618 11
-2.0116981832272014 0.010624384761906192 -4.362953579134688 4.12614481186745 11
-4.499959950835869 -4.12069987462218 -0.8884123745227293 -2.5767167097137236 12
-1.6600874250695465 0.8310003885689254 1.9693489417013892 -1.2048806813891857 12
-4.251791557227307 -1.001392622976217 2.3313350612334327 -3.3321722912181864 12
2.443356047414097 -4.450813364297665 2.8676572289254247 -3.75221344783436 12
2.992258592453636 2.1973028967622596 -4.456406190764862 -0.3665555154638189 12
2.0884761782439076 2.5424241130455854 4.255996029047835 -0.3397707486086038 12
3.8182859293721574 0.7127239707301196 -3.2240152668656425 1.1388912420843234 12
-3.1276475766178535 1.921272606932007 -4.151934177336827 -0.7330111401151093 12
-1.2663856539568807 3.5998111057304243 -4.314518885733978 0.47110902536754606 12
3.065677274208998 1.8429642424424895 -3.458968690996178 -4.299313648419335 12
-3.362167715164739 -1.0800316044446894 -2.6197604675536033 0.901423788896047 13
-0.9214960825835206 3.2484193927105824 1.9884426507573396 -1.5893043737233388 13
3.6775780520549954 -0.06924825130362633 3.0546002632633553 0.25411122763756366 13
0.49708623592590573 -4.107982275067212 -1.9178458782633632 3.622909909462152 13
-2.984502865397598 1.3030342599327598 0.05299908187235358 3.466218214687652 13
-0.3049472819362423 -3.8839390677564873 2.784574752072462 -0.7551884548101703 13
-3.568526669575511 -3.587804856931996 2.44052656237955 -1.8152558098723137 13
-1.566232862826436 0.8415191928943151 -2.870026343067996 0.5554532660080068 13
2.7506595588435854 2.1661560398961317 -3.281986782130825 0.01012786658078113 13
-1.5049301103994956 -3.8428702668304844 0.5457644724360388 -3.9897617725498815 13
-3.8702632289101113 -3.070684951540786 -1.286263222440098 0.8350803179796887 14
0.7265973278779553 -1.8208217281207786 1.6373497572053917 3.3632060459958826 14
1.1300244725521136 -3.8196750908604464 2.720633533876952 2.8299211320256794 14
1.3364681860973033 -1.99196197770847 -3.5050346006641213 4.020029192427769 14
-3.1606461992754378 4.150777932919364 4.405812151500847 2.091798810036866 14
3.063222118519239 -3.4873881496230634 1.1126549636555527 1.7286075785775759 14
-0.9092873648739034 -3.8584547591800886 4.3762278688043 -2.567591009223658 14
3.9263985123527108 2.8545642898356336 -4.1998678673675265 3.6957124266280044 14
0.7075544184264317 3.878474448727936 -1.4802347999978491 0.057883714470793435 14
-0.16766943344428298 -3.5978122401639423 4.459605816877672 4.45115879216901 14
