150 10
2.061123680602072 0.5511564209487703 -0.9896201574806509 -4.210422083564816 0
-3.3752961719168315 -0.9216686816989456 -4.218111466684139 2.161790266982273 0
2.531773856461285 0.09893683487801819 0.9585363922796002 -1.3588552176495996 0
-2.855759774257575 3.181615877239675 1.273804498515208 4.090571494072738 0
4.098347033713283 4.35792121426601 -1.2329244239878256 -3.866057446165375 0
-2.7656912355536853 4.237155912331954 1.9438482212649175 -1.671778897985996 0
-2.386724808587014 -4.262815363411164 4.016610033398317 0.07581868412582149 0
4.0145430878726005 3.795523668188521 -3.348626974525958 -2.185561881932693 0
-1.8542180896921752 -3.0035366802087817 1.649678876389768 1.6092426186766975 0
-0.9411944415081641 0.09602761279616501 -1.2900480987681493 -1.2340960420810647 0
-1.727664943583434 -0.6338804976725612 3.3816682345592453 4.347592037249133 1
2.970624650859833 0.5615421432550421 3.709032086191894 1.987559264110538 1
2.9779947919157523 4.472363619761691 -2.807592010116375 -3.588061532913588 1
-1.5067907532564155 -3.6809268625168694 -2.75797681951802 2.075742697632092 1
2.464484027299679 -3.155546425496613 3.1491354872496586 -3.934293975017364 1
2.0281955368312863 4.096317908858282 -0.4180576669644832 -3.8452009770420013 1
-3.842138027106359 -0.47553524164032956 -2.248169395398728 3.9351453777093623 1
3.0700626099972 -3.1901429911265864 -0.3642182804791473 1.973559822300908 1
2.387443824133701 2.5360642625804752 3.7281505920345337 -3.542410718645421 1
1.5757069075057784 -3.314680326130733 -2.7194095525476554 -4.403309836123739 1
-4.146271360476964 1.4042076929141463 0.33426712737361586 2.8383518240649703 2
-2.2393564746688503 4.39576545628461 3.145630871995759 3.4716561617914397 2
0.30044740137145454 -3.9674228080605793 0.7708060474089313 -1.9271961619328843 2
1.7887978267361733 1.1445728982533447 3.9881366126509388 0.26896826694240805 2
3.5620068487834255 -3.0426779623510085 -2.9366228642009045 -4.364733957530677 2
0.9934342056539115 -1.647134120095694 0.05833007551024749 -2.233615808660427 2
2.369391029211163 -3.0934612657469023 1.6895178450599158 4.229314192509993 2
3.868988176520943 -0.019705320785944003 1.7492065583776966 -3.9451891147847022 2
2.999105727151972 -2.4302751535620493 2.2180879721945312 -1.491239635528765 2
-3.5387098984804544 1.5633034279307538 -3.0247304576021397 -3.0899427464013876 2
0.7108492691968726 3.3826443644521147 3.071295961501546 4.269286018256402 3
4.4741487680685195 -2.022242923761362 -2.976585485357763 -3.256535289013894 3
2.1837263630259396 -1.9374124272012896 4.323659604662124 2.4678627919960716 3
2.0362380346620412 -0.08036689715985212 3.2388465750593602 -2.713792725255521 3
3.3121448316708992 -3.039644669899614 3.297007824577844 3.3958374899009103 3
4.241925896601867 -4.060028757387884 0.19295240779074185 2.4450873528244013 3
1.8049131906940308 1.3675041867706381 -0.16047726656272265 3.764328837043875 3
-4.081868188683742 -2.7242921129190156 -2.986089525926302 -4.2461714517444795 3
-1.524536947261049 2.273804521275609 -2.141142855373057 3.077974695914744 3
-1.214868764612596 0.2769390577531642 -4.306553487247442 -3.1782214449276065 3
-1.31236813913425 0.13206655173010629 2.5559784537668238 -4.1873100110984005 4
-2.144705652632487 3.1656553700380186 3.1413331038689467 0.8111981985969269 4
1.1091713466845592 -1.7597722462719403 -0.05792372683274716 1.2778845597370763 4
2.47930701795031 3.5599678474873526 0.5761065357310156 -3.736197848270831 4
2.1366693167875503 3.199971698760044 0.22857499049929642 -1.1683676950827793 4
2.881128002581715 3.286988512656748 -1.9132078097254253 -1.204038055760183 4
-1.0608334365543053 1.0026635367929635 -1.9944205535918667 3.9192493154692873 4
-0.7604464275960462 -2.320786784796424 -1.5216975419857999 2.2643165622008197 4
-3.948740512191498 2.857644964621594 -1.9256239486310673 3.6196873496590367 4
-1.0473110441860363 4.309564328777642 1.6516121049015158 -1.5096337284723056 4
-1.0631472995232483 1.1713471563978453 -3.9609334734863344 -0.1612567277089082 5
-0.5098337407237804 -4.270299953349495 3.2004982529110553 -4.444985072473206 5
-2.4010627921498875 2.5132360990120692 -1.4901719383198957 2.308912203240751 5
-2.9702769148956794 -0.7688600256223762 -1.0008596679936845 2.677309948961377 5
0.8532005573242427 3.6978307011027622 2.894402210243415 3.8374905344311836 5
0.05752411689556258 -0.5523011866882798 1.2878165760520655 -1.228937692763064 5
-4.209370655765927 -2.444317009153017 1.5704466389273772 1.0361251982636868 5
-2.8655602850163504 -2.316994035082897 -2.4528855770320463 0.029163055421964623 5
2.7851004233174486 0.1735962135819641 -0.07052148784184409 -3.8069347931321222 5
-1.1824423171499614 -0.33881697271027256 -3.441871529705357 -0.4847094825446394 5
0.9439515911307841 0.5164077543581064 -2.9627598593402444 0.20164812664706633 6
-4.202506900125887 -0.9088184024781558 -4.007279851706391 2.8977025153752076 6
-3.7501098683747136 -0.15150280842202524 4.069538030433155 1.537518699012529 6
3.2088388525327805 3.129808878572476 -3.3832284568329696 -2.152636785000655 6
-1.1668452388296835 1.9630825399717726 -2.7396062019383107 2.5107187187900863 6
-4.458504207256792 2.377695683123437 -2.405561448599956 -3.389821853689636 6
2.2203008259572607 3.2302694131537777 3.574688061443491 4.0438665384725025 6
-0.38907935212349853 4.0299490417697 4.114308101884271 -0.04051981676762939 6
1.236361190905806 -0.021416466502035214 -4.4956313870195785 0.1510726722388297 6
-2.7978976846451715 2.33834443119653 -1.713952288452375 1.9199831790102624 6
-1.1592753873439405 -2.6165362904042864 -2.3462865821425862 3.732616873727285 7
-1.5969501769904357 -2.6444450424231842 2.73818566432126 4.38441635316627 7
-0.8111820031828001 -3.2806081085888086 -1.7616233703617348 0.23807968362135767 7
2.84764160293921 1.2445513927247545 -4.007562101999028 1.1361716080977082 7
1.582304784837861 -4.423145945862624 -4.185781657939609 3.695819700724399 7
2.1375341539234656 2.4045322898241195 0.1698356602698493 -3.182310943467464 7
-3.0398770152735737 4.146182096097194 -1.9465537846375467 1.9667731617679005 7
2.680795565896532 0.7570605592749979 0.27309491667683516 -2.676108409518679 7
-4.117296258748021 -1.4158018078400194 -3.477580938985309 -1.73416241266219 7
-1.1909138505954346 3.470408860863646 4.450157657852468 2.610104621984477 7
-3.37448021099372 -2.7113832786585936 0.8707484176893355 -2.6828789453027757 8
4.119319107118728 0.16460079590251608 -0.09265196930975372 2.2647528621976667 8
-0.04101189755584633 -2.370809701236961 -1.2618250629475352 1.216402278937439 8
3.7824756311288668 -3.933435508635361 1.208191276861358 0.6003218424030141 8
-3.229717372234524 -2.431812382544033 3.4429881659429595 3.8374219989400165 8
-3.8108081466870605 3.2659995405117987 -2.6742672167656756 -0.5665646223862594 8
0.7894525291122276 3.548818000333469 -1.6502967384244265 -0.49411696286479534 8
-0.024284304548862545 2.514666899442805 4.2050711757979675 2.060707317785031 8
-3.353951284965312 1.0048852577762248 -3.04947061750377 -0.6075770474445664 8
3.6963609149306573 0.07859632343632983 -4.445596597800836 0.45347358677277294 8
-0.34991726604725504 1.9841226524295368 1.1557091509971005 1.4058862343630454 9
-4.142712553017683 1.9842025799399998 -3.321745941251965 4.217683379052022 9
-1.9005655353807018 -0.0842333999448519 3.4990108456817994 -4.384771863062237 9
3.361124057086028 -2.8008752481796764 -0.7011588800069988 -3.0866443184916137 9
1.3110612621617381 -0.1609208621708248 0.0016104844994700995 -2.3669557154246212 9
2.581872900759156 0.5456985117774886 -3.8602800976417795 0.03908021884740642 9
-1.922583956448535 -2.851998557956972 -2.6480233435762353 -2.033977037356537 9
0.07637608801063533 1.365945787795242 1.4084442634864374 -0.22449127006059855 9
1.8945176220122386 -1.0420204261722286 -2.7232289766486852 3.0697199156478523 9
-2.069687461223101 -2.0079076410988073 3.0018648381517177 -3.445052698228603 9
3.543441931604128 3.488535693278636 3.6315410503804975 1.712912861320665 10
-3.9760634653854834 0.8628966429171468 1.8986189759010366 3.226780797006465 10
0.17136927203897712 -2.9044928070038507 -1.8812731792740416 -3.714598287722387 10
-0.32649171501411633 -2.797499242001366 1.8635104021955637 -4.380089866232747 10
1.5823322880852217 -2.978262930268106 -1.327609536349931 -1.4669460445405451 10
-0.009912378634791108 0.0770385048813812 -2.799839458093697 -1.761976447631652 10
-0.5676415407873494 -0.11436644312914401 3.753385480254617 -3.455466718599946 10
3.8513432962605965 3.635014698448778 1.0401427108536292 -3.158194773222431 10
-2.460999454235187 -0.3539592699376891 -2.8866809998281315 4.1715582224616155 10
1.667688248431454 3.013769082083188 -1.9692054936363907 2.4329906266376065 10
3.832376810098272 -4.27576325040827 -2.749550081505098 3.0577519223771823 11
1.4492756753753877 -2.256442506140875 -2.3791963525629445 1.229619299079752 11
4.374500386853495 3.991082644539116 1.0244873761103535 3.4945012276307765 11
1.6427554518502507 -0.3715622609156678 -1.9671629496276537 2.884361285034532 11
2.5362251393733537 -0.584964757302753 -1.7443806662798091 -4.171068606064639 11
-3.3129088772177617 -4.394130177086382 -4.254608034014856 4.151736881811887 11
2.1809265876589556 4.295306975623292 1.0958497483365957 3.6686080509564074 11
-2.6919377255268926 4.143384663259662 -1.7517397950559563 -1.6309546259037182 11
-0.37347872264521875 -0.4834532112971749 -0.1412986903127288 1.511867499571613 11
-0.11535173234033347 -2.8167170058756943 3.385647115029876 2.67388791005323 11
0.22794245617362496 0.2873389117900068 1.0205407775924704 2.8321642671436424 12
3.8583771091712458 3.5373085688390296 0.10308404466021959 -1.0972814751792939 12
-1.817003854590293 -1.8873828062876057 1.074469145645137 -1.2336777886503092 12
-3.0544902556975337 -1.5454641408899317 -0.421463151774065 1.6626124900218995 12
-3.5330374908322235 1.7809219720906193 -0.33208614761384425 -1.6776158399040004 12
0.4155371903178895 -2.38733437776576 3.5656721893479792 1.89918965647536 12
3.8878862580467652 1.774476729051892 2.4687419912070374 4.156117769090072 12
-0.6990249408546055 2.7838350600357153 -1.1961199482322962 -1.4718739530688065 12
-3.1942043032642484 -0.8602600632024275 4.3034065072624035 -2.4446377070981966 12
-4.1973521808322865 -2.2321545439458137 0.8969726445298281 -2.8415720085921343 12
-4.309543862786447 2.086026108918687 -1.035045554077413 1.9618904487355537 13
4.143361211519371 -3.942220624006984 -4.023531773403751 -3.5829140076969126 13
-3.922917077118164 -1.05698427479509 -0.3052890687272657 3.932516091132214 13
-1.5749379428681962 -3.588026285927743 3.99860639694673 -2.9927817307222995 13
1.0124687057139719 -1.3235600735814268 3.54540130644183 -0.950693429721489 13
-3.579686840699314 4.427184873786476 -3.3809577237587174 0.011518131647137109 13
0.37507834300015586 3.7897099481568155 0.4741517823352791 -1.0919194588547245 13
-3.5603917822108095 2.5717097725397515 -2.348937944339557 4.052212647456577 13
-3.904209134252524 -0.31833386373213235 -3.947055912046215 3.6868374244437945 13
3.834768678169113 2.4149815106674337 -1.0244058028053487 -4.067137809833337 13
-0.944572077216263 -3.880458149995502 -4.03598244509025 -3.663962507294892 14
-1.6770891591767987 1.9903762287451834 -1.0521231618762639 -2.658900821968773 14
-0.8630470749124933 3.0060680251962117 2.2314030817970045 4.441470066124442 14
3.5483138207928384 -1.234129532462373 1.963397157265654 -2.6521261734989086 14
-1.5978121221029462 3.14815460782192 0.5067534324635019 -4.423921537242878 14
-0.6408822463894414 -0.2766633842585743 -2.454868362324282 2.412838170302463 14
3.338869272832352 -2.5490746329071867 -2.476654065794515 0.8022415969219915 14
3.5652305246656084 -1.7126027723006836 -2.488249450667979 -2.7477910995716326 14
0.03334196669573086 0.43928378947783164 -4.222567712454958 3.106301738814148 14
4.1248279421057035 0.5322741782965056 -0.20987243065493932 1.830573177737722 14
