150 10
2.4993216951643813 -2.3621290196857894 3.293799478483436 -0.3507909516880303 0
2.9185067939523166 4.1917427823869975 0.5557071715071535 -1.6897836075789765 0
4.25341002514404 -0.41895677324419034 -2.3122820874353867 -2.0098392543669084 0
0.9813821648515014 2.4797386314436203 -1.2606889484229682 0.6297510437921866 0
1.2745201028316226 1.9981640656525244 -4.223279174522206 -1.0282084690592441 0
-4.184671283087064 -1.8139547619973855 -1.4291356137890876 1.168557327295366 0
-3.973387573061327 3.2135484832847903 3.3173889639952994 2.453754958592152 0
-1.1443137491267326 1.6186315642028726 4.422338829208025 -0.7566078549957455 0
-2.193480456060329 -1.3717690636275723 -2.568188289799795 3.7969792913880953 0
-4.415285069271276 -1.2749959556552724 2.8303882257422623 3.7250818912805443 0
4.041847635103894 -2.5389089178148 -2.6036970671798554 -0.27718579349423966 1
-1.6254777025767186 3.7599514740052866 -1.5883481251635398 -0.438519088880836 1
-4.212867002040947 -3.9142391666173695 2.046825457135815 2.023941969378164 1
1.1684609919704068 3.364320989515848 1.2354279785257272 -1.4471863078499208 1
-4.421558409265936 2.219195132945438 -2.4825327688668613 -0.29060313244182523 1
2.8155705390236108 -3.8185429844495995 2.2384958754679958 -2.8491818211037594 1
1.4080980113726205 0.08335980075166372 -4.282569385963527 -3.5547345745490437 1
-0.18104947653255166 4.100167304379597 -3.339403312398524 -0.3194481651151434 1
-4.499891697874634 -2.277191691072753 -1.2932520025353416 3.7751366061748026 1
1.9100941012042516 -1.578761551919582 -2.626757726736144 -1.0732207687174382 1
-2.0070327925457145 1.759009072981271 -4.307420939281703 -3.9614021066774043 2
3.7669657333135387 -2.299718680218087 3.0399689024612115 1.8195244372783153 2
-0.37722764450912694 -2.223065854606442 -3.660581941511926 2.6220840808393238 2
-1.0860003766524047 0.9408494576853994 -0.9325390864952893 -3.1923470126142846 2
2.4514088371250224 -3.8887425288502695 4.36434544802585 -3.429013579099167 2
1.6747657126858209 0.43434087656242737 -3.2309616762010425 3.1852748289491557 2
-3.258125525175685 -3.611221027155734 2.047863996065259 -3.8778360744244544 2
-2.289968052078099 -3.1339200367397466 1.0928702625306446 -0.603090671952203 2
3.8339503154119607 1.620945140441779 3.4864285057719524 1.062089210818982 2
-2.3610697030828502 0.6199672730090438 1.4472943335345971 -0.22995008422005558 2
0.5096884629096238 -3.8453651020408697 -4.4539056936130255 -1.04095571234393 3
3.057376593744638 -0.8521245657168175 -1.832890443288567 0.44588338835252095 3
-3.196161098583074 -2.781719472000657 -0.17573213089330098 3.5046466215142207 3
-0.08423876641355232 1.9082193682477797 -3.172103917023947 -3.869808791102658 3
4.364446119309073 3.3730785156154 -0.18755580843663333 -3.377095801822773 3
-0.008624844891954142 -3.53898005405662 1.9897595602287415 -2.55986165853348 3
3.718915262906787 -1.2157563520234351 -2.3134017107419416 1.01032867273666 3
-2.4607091079051444 3.3518867611088563 2.5988118257978297 1.6362141609057057 3
-3.2727748341668583 -2.3725785586246175 0.2870555457449173 -0.5492509162547282 3
0.8585932081714128 0.5753034817084355 4.40262249977821 1.1054898093437633 3
4.1304125878496745 -0.42084600098760105 3.7682248599863737 -3.155650431123094 4
-3.3393773287931356 2.34510909090651 2.6556246529156313 2.1339455094036754 4
-2.685293323972963 -2.9184312310813656 -3.1137776225086364 3.819632924691853 4
-0.5659378861427004 -1.437652774369687 4.447185525204334 -2.54915169420475 4
4.2052779770451245 -3.212765306211856 -2.744618150902233 -4.068177969583531 4
3.1010267952550623 1.5246552598259662 -0.09222789293059075 2.7020622282488023 4
-3.5162558272840894 -3.705718139736534 1.4178568473461493 -3.3120657889703913 4
4.198158371496513 -2.7513226330829417 4.000894010778463 -1.4354089047946887 4
-3.7628994598348937 -2.0755377424812274 -0.19581558548532707 -1.0958055881301783 4
1.3511746621182004 0.4209952081019449 0.11590150289624834 0.8016328719760418 4
1.7705235946792586 4.167882699326358 1.0943565198465786 3.2254956053205626 5
-2.0005062324172145 -2.397361843368298 4.0515541002297075 2.749757156453977 5
3.1110484903123026 -2.48208776437697 3.3754494937885693 -1.3969101870751042 5
1.7001566960282037 -3.1185482671946456 -1.6296921362388108 3.4348881168728176 5
-2.6676167745997783 -3.891609957567807 3.832055681436135 -1.0858555988790566 5
2.245371258914772 -2.8792854412378612 -2.330026104954891 -2.2058822200838475 5
-3.3816536077506867 -2.4767345348208325 1.6060182242619723 1.638464212175439 5
-1.9848640171623824 -4.195604420605898 2.395287134792981 -0.2963146414790818 5
-2.2104073346276167 1.5196923577914878 1.5471942476288976 3.2392820029505573 5
2.3392717255866726 -2.4658702716004486 -2.7851242037626736 -4.290515191117031 5
1.00664630392987 3.7103047588675713 3.0338359434534734 -2.0005845032588043 6
0.37449565452012246 -1.134494193814236 4.269851072214346 2.323955101280674 6
-4.381194369915904 2.9638592506918937 -0.5529241503014677 -4.14855706699436 6
2.849053749422202 -3.782518940194022 2.5213227278718255 -1.2874576938922293 6
-2.9549223209055167 3.043341289988999 0.6271549777203608 4.4332270672794625 6
0.5774425097562997 -1.351960077590717 0.8213088627517013 0.22409533960371641 6
-3.194973334300799 -3.6133283167467596 -1.5618665168709702 1.0715845610990982 6
0.5416327648447263 1.890593010567574 4.447138333924297 0.57653595542017 6
4.0578392936353085 2.232461989135687 3.265363292633502 3.3038224728917247 6
-1.1497858881829377 2.3262957503838333 4.362451228438796 -1.8785949428930597 6
-3.860338387838327 1.0966083205588057 -2.8609871605804984 -1.667104774638149 7
1.9864262756083029 -4.123722427908934 -4.278450106180312 -2.5282173671047445 7
-0.9428236356273078 -3.0479505889032747 0.7636985951821881 1.685938906177741 7
-2.015252235201073 -2.461470090181699 1.326211663258702 3.197208912108974 7
-1.7578446272542618 -3.2738995699024387 1.8099638918267766 2.9831432004267775 7
1.7482505183869685 -4.024204182148277 -4.374609588591767 -3.461601575323175 7
0.732944707320369 -2.88244684230977 -2.8028002806263914 3.4232565625067584 7
0.06022215503206663 -1.9663304681841587 -1.858648806611702 -2.5510834367125246 7
-1.169308101156365 0.040760216773834124 -3.7024446607764507 -0.12881605064830692 7
-3.399019098379404 -3.3240222086451245 -3.3246080591789777 1.3175087910966088 7
3.0997283083894764 -0.9702130792673762 -2.061572830504979 1.1716350272295084 8
-2.973937692070052 2.710611615784507 2.8158381798305228 0.7269022232288439 8
3.691157670553941 2.9661972937788197 -4.444920451927759 -2.684728345790416 8
1.9264583343020092 -3.60569111410464 -1.7941598351273358 2.986642078470038 8
3.7197111962418976 0.7018141154918976 -2.612707017346294 4.384452305561996 8
3.602479065755025 0.572131546821522 0.0895466007486887 2.9075847274318463 8
-4.411391032802803 4.44815426516933 -0.5346353491600492 4.317348945762813 8
-3.3084194725613587 1.7337263196718569 0.6075499862880968 -1.8514440423250385 8
-1.4914057285743951 -2.878166181516813 3.2244476588719397 1.8481587120999827 8
-3.234621013454209 1.5232266957550253 1.923522881782389 -2.32728862259825 8
-1.7653115445206575 1.022890805083815 -2.522694805703402 -1.3896049613610488 9
3.920394467537253 -2.6738559640053605 0.6731963974784547 -3.3556137145599516 9
-3.4235086845979925 -0.9702840337837046 2.306309912381109 -0.604857597669787 9
1.7508530397811441 4.0047032982061745 2.2631584925472694 1.5783653122252392 9
-3.0295575503581857 -0.3715802484664986 4.489780176710429 -1.1167424305780576 9
-1.9902280382423025 -2.6585993340379934 -3.596427453050395 3.3495684612865855 9
-1.724975729995212 2.660486133702788 -3.311690665882648 -0.4999475205925006 9
-3.664385712840306 3.3211726032786006 -0.32201475991745143 -2.320791237279437 9
3.0034384297804557 1.636141978881311 4.493486126328618 3.7199718705665052 9
-1.8376716825564219 -3.0049218300843865 1.4175411835258944 1.4381990171919266 9
3.770471615443348 -3.8571737965323347 0.36836238221106854 -2.205802760208791 10
-0.22978736019441548 -1.2579352220780367 -2.5291501054678247 1.823956411324378 10
-3.0624202574480135 4.211241833667146 -3.951466718753342 0.09574350234768059 10
-2.529436693257514 1.9060236574447469 3.513591696077585 2.6917134145266775 10
3.4116794432697883 1.5201341378710724 -4.344350302112825 -2.5885014266338255 10
-3.208315064683229 2.635991828371477 -1.4228410394108881 -4.131955544784189 10
-2.5603857256342137 4.103550276191303 0.644000908044381 -3.9470499975525324 10
-3.7542779089142764 1.269270761851073 -4.369593055347824 -3.9899997725547647 10
1.021016208654161 -0.17935365564570305 0.047563209476618296 -0.31960910548446586 10
-3.013262130152038 -2.232133603113819 -1.7501132343227193 1.3759746861587256 10
2.0737559930389007 4.1283061326236705 -4.067198460238045 -3.399448423646291 11
3.8322188340619165 2.1365990895246183 3.8824313900623864 -1.2828610385345753 11
-2.3968632616080905 2.3805249947699973 -2.459220055434344 -2.5333124116692307 11
-1.8241900239268598 -1.967778519755025 3.9072688115724525 -0.3403290550760383 11
2.406613546068059 1.6720883910887636 0.45664018412364926 -2.7148860850556154 11
-2.0421543589395306 -3.0282022905108255 -2.444077893616371 0.9487931020178533 11
-3.573752704452721 -0.09556595444668325 2.6393810509580526 0.2714140814583368 11
2.9977619874670416 -1.5906899116376687 -4.4691027951406594 -0.14389092125740077 11
0.8634605922510994 -2.8652275786419876 -0.9240094613376355 2.2905710153471315 11
-1.6043452934634264 1.7578234765691807 2.8344998678024065 -0.34374877953981686 11
0.014064941669340913 3.3357705017596246 -0.807033591392057 1.3244531598375733 12
2.953445372249927 -1.820216337368711 3.909906027093945 -1.5486093772611629 12
-4.238153131861594 1.2886226005372032 0.9662123901413547 2.672574142849429 12
3.322700308779825 3.1548371061672102 2.813995428139574 -2.106175436657621 12
-4.366919382214121 -3.1366717737673664 0.08169810072031514 -1.2845194850956179 12
-2.8588325093980163 -1.9627044999008143 2.3947512659666734 1.598843094498907 12
-1.6430830792703575 -3.765078572661679 3.691165620404014 3.2725263150579287 12
-1.2044832042686076 3.635763473624297 -2.4469811812089413 0.7694172473937108 12
-3.395505813837082 2.5413910138748257 -3.5857892274959156 2.9863842074552633 12
-3.9883242996121773 -3.9307375732616165 -1.6563871305871707 2.917351564249826 12
-0.6394429825586325 4.199035064392882 2.8467893460813447 -1.134650627194115 13
-2.5492416509313096 4.032656564645641 1.458799553813281 4.472985749453426 13
-4.112310347148637 3.4935389099713627 0.36250126991776366 -0.32020049038629295 13
0.5878907090018437 2.9001762891102336 2.119446515159317 2.1457958893798184 13
-0.16366602382463913 -2.237291277065522 3.862541721390313 -0.8348416410102653 13
3.0969375289273944 -1.4313954804297069 1.4704984624801118 3.7609009351093503 13
2.0732143649110424 4.0961136746372695 0.6823569262009795 -2.3200891031813624 13
3.734435383597111 0.0864379453098657 -4.449563190907211 1.8657435554933743 13
-2.3363193930778894 2.621805855417075 3.427414184689907 0.9225165263991265 13
-4.090206189108556 3.5997188522293158 2.2955887028683657 3.5537900001860403 13
0.5914049131524314 -4.354568674802207 -1.6611349920921756 -4.346844365729065 14
0.17918457375132746 -0.05621209617071554 -2.550624470091521 0.28902516641189224 14
-2.5838822657501237 1.063053791698439 -0.11263343600752096 -1.8941424649666216 14
-4.485841572591017 -2.394536209200029 4.180315375836778 4.044894215566089 14
0.24265287024420423 -2.707713726582937 -3.547507372800557 -2.777013831795847 14
-2.3066772480631794 -0.5723708607947772 2.048312671424738 -3.1697608971530213 14
-3.99922012221562 -2.6262145751550525 3.319114546297599 4.435919644690856 14
-3.8372298524135187 2.6858317736533275 -1.2025279565542948 -2.5978252098438 14
0.022426651024460176 -2.1461117374440524 0.02837253838133713 3.9723977144898197 14
2.6710088034898622 -3.1042908992741944 1.8488204314273156 -2.9036814936308617 14
