150 10
1.3533681756563252 0.04908036361358603 -4.138156501889293 -0.45127798243986783 0
3.4074132382939677 -2.86343797165619 -1.1527187940818133 1.8830947095195958 0
3.1700976180713742 2.2512265749540963 0.37586555173382497 2.888639814048712 0
1.4949150073679036 4.39105903448366 3.422955277020785 -3.3766685853713407 0
-2.1872841965655287 -4.245246672547517 -1.547972027570085 1.7952418260481 0
1.221472039149015 3.125811487379636 -0.3973011220512438 -1.7463944842086736 0
2.1255716260440964 -4.312735992688586 2.4835071126315125 4.449291727880396 0
-3.495571824014705 -1.8204863232972617 -3.7379197916450844 2.6433940007838754 0
1.6827317220585933 3.254634504014816 2.147546865702423 -3.468414611840383 0
-2.712290767345972 1.4147012754938029 -2.6754438422337907 0.6177079824429945 0
1.796900660928856 -1.3284677811793837 1.3183066652787812 3.2076253437919524 1
2.609644930427759 2.826431443053436 0.31663443084687537 -4.289613521701292 1
-2.7232084394808025 4.045097647763842 2.262971333080638 -1.7491536819085751 1
-0.21059652613106428 1.4994031318340757 0.09597885009244711 2.7448972505743785 1
-2.598191664737398 2.767736914645307 -0.2807645493379891 3.8357959758269455 1
-1.6228249149831075 -1.854576227683904 -2.910452238675926 -2.6800319186621726 1
-1.7827364011477902 2.9510046163057546 -2.902940553882249 -4.208425528186392 1
0.4728031996699129 -2.7749033556060674 -1.3108986387141768 -2.175044061063778 1
1.9283106662697642 1.2588332149887786 2.3609460512740794 -4.422893060269775 1
0.2988344821196217 0.6527512202669212 0.8186855146249453 0.9170453654119423 1
-4.389007162653714 1.7571418047401868 -3.91743535827849 1.8423358295881034 2
0.31193289333447416 -3.7877875444492566 0.6065458917041403 4.3857274950561305 2
-4.377262484302674 -1.9993226395794563 -0.41869453647727195 -0.420626592834643 2
4.47646754231682 -2.469594258420922 -4.167681645598392 -4.195542203497922 2
-3.5548618210557796 -4.353292991482257 -0.3205003872486595 3.135282240864935 2
-1.42535292932483 2.7737825286612443 0.7805517773818413 -2.2776397518225444 2
-2.5441233938889 3.9114447107760695 4.120932703587115 3.8986869983922574 2
4.396480884395324 -4.4008497463140905 -0.46700907108270784 -0.46042441144393986 2
2.56412478526562 1.6682725693116993 -1.8534428804400165 -4.421989917036689 2
0.14079588894933526 -2.077981464786652 -4.136695428862259 3.1588391674065637 2
1.4830332371451762 2.4941200751669452 4.489660083174582 0.8378095222458518 3
-0.2190086524223075 4.390076176974168 -0.26760241331889423 2.60552739633271 3
-0.033791491012266195 1.5436987896176588 -0.13441684367773776 -1.3100575503476204 3
-0.6276664677017944 -2.1512003151376833 -4.05421617191531 4.426782716943975 3
3.997767257571537 1.6841817061465703 4.137719608567467 -3.086455977121606 3
1.4368985605086437 -4.181680026537329 -2.0865855587945643 -1.382643620750164 3
3.655788875852283 -0.7312921064421244 0.5323481622471274 -3.686519487239602 3
-0.21650854254952223 -3.2792965358594524 2.0488484701084575 -4.394299936826835 3
-1.2398142486886847 -1.5645268716177725 -0.3247600933530076 -1.756860037107422 3
-3.1678394363293574 2.66297133811669 1.2966261031001336 4.404952138877329 3
0.2091790208261115 3.5475688146192708 -3.197223826369471 1.1150220370987602 4
2.649741544533736 1.1641782052772474 -0.5967692537672871 4.412233935885397 4
-3.895857124656976 2.5854301181509514 3.2895530302130123 1.8969844322472227 4
-1.0896657657951856 -0.2643985195157923 1.4422364356188067 -2.1516851832267063 4
-3.788093943973831 -3.1192519125502285 -2.6329611218278552 -0.4776049166192061 4
-1.1053422798433683 -1.3387191913889172 -1.084975518321891 -1.8213216428176453 4
-4.072454144435508 -2.364073323113761 -3.0082191025459273 1.205176821921854 4
-2.731995476803626 -1.021944198762697 -1.855453216658195 -0.10658745355096622 4
3.0041171985775765 2.4745165191037697 -2.5624016742918085 1.84629229253768 4
2.73180812723714 -2.776654906203662 -1.7828415658750627 -2.1441749558235905 4
1.4285482053172038 0.3281858234534911 2.3227640812721075 3.084433690153942 5
-0.21576172350445777 1.3265145133065008 0.916368813631093 -2.66753658212977 5
-0.10558601784835486 0.3541058917748686 -2.448588914671802 -3.9588703635910174 5
3.772015559641331 -0.39999335120446344 -3.950603844042697 -0.3114250085162955 5
1.2306822515359706 0.930236975298223 0.8409897671412746 -4.146757995957949 5
-2.192820711793668 2.3326079754327846 -2.398693975470431 -3.140977481059834 5
0.369765356344781 -1.877013001536258 2.69911666317419 -3.7049522340508427 5
3.303839086302414 -4.395157808239295 -3.915218895749036 -3.590996718910887 5
-1.8613117133587873 4.399947649253525 0.12876747043356895 -4.168799141178961 5
-0.13271371774454133 0.7561833792838236 3.996783753262304 4.436295617875477 5
-4.336523493065551 3.5154306694668636 -3.1098285589060675 -3.9751718991386236 6
-3.408124021236808 1.225239666570621 -0.05592042441305234 3.064399523566514 6
3.4753906408384294 -3.143466526362879 -2.5674268287633257 -3.630271648086788 6
-0.9474561523144148 0.4402986755220135 -1.6030790738853544 2.8389269734850697 6
-0.24774678598533295 2.2172040056891635 -1.2607746396333765 -1.3834661882013788 6
0.697569142203162 0.35223375592590267 2.629131762614546 1.1554676486855935 6
-0.7630480183445701 -2.1285691529663695 -0.401147033371815 -2.0599408524435336 6
-4.135806144628453 2.8438891419292003 2.364579883749665 1.5599477679977718 6
1.434426291054539 -2.3142875722173457 -0.04168183369231826 -0.3848016578398463 6
1.4807481565915577 2.419933648651649 -1.5798345753283762 0.5454279305243892 6
0.26800677942895634 3.1131599198778424 -0.0172118133518655 0.07041151238761778 7
-1.5623028929504283 -3.1613275195449817 0.6965283259065749 2.9854890033917463 7
2.5517187157779406 3.4355921047072826 0.884846880652763 0.256636130161532 7
2.8745158566778453 -0.0063269990043245405 3.0744391872081036 -3.0938284090225987 7
-0.6082778815408401 -1.54952324815142 2.644479800138657 2.728388907735266 7
0.27634661325595267 4.222752967099978 2.524948591150277 1.4592626204365144 7
3.872052885042299 3.3580881532885853 -4.22757575823273 -1.141991566080096 7
-1.443490548803108 2.8189560454889566 0.6414120642982677 -0.7313496200370879 7
-1.080164989739964 -4.43057699414399 3.337546120219297 3.7128161594591855 7
-3.4753603634920056 1.7263771063688913 -2.450792465785095 1.1186351003563124 7
2.170000668967577 -0.9672708413243051 0.6650086941893445 0.7956472352265584 8
-1.8495131039822144 1.289124928475121 4.339252473509965 -3.606816012408372 8
3.6293781233940763 2.3950676823480768 3.944419072920956 -2.626260916408703 8
4.458445523560137 4.341957464228515 0.789411367072376 -1.52750642774531 8
3.3758525457771276 4.009826331376081 -2.802238248557125 -1.667111039410386 8
1.8537917647612985 3.180911395274652 0.691205036426039 -1.5370394319350553 8
-1.4896214646268056 0.14549824401340083 0.9880436805932602 -1.430721925698733 8
-1.067668191675594 3.3359880854544053 3.217961939310326 -4.18609763911382 8
-1.9540245191852015 4.490675263952463 3.0064308585649697 -4.34118932610532 8
1.577673917580373 3.9417203313668647 -1.7114119546393212 -4.453941972625347 8
1.8030108972627406 0.5674043123312692 2.1850868159887478 -0.13538543459782637 9
1.0717897836417898 -4.131449213014062 0.15538362537186245 -3.3737901786716575 9
2.6784547998512385 0.3361015818048867 2.4070913060732955 0.864343838202256 9
-1.6548158663690142 1.0458716634906273 0.10907334525993717 4.079697934583334 9
4.472614616108627 -1.029844498432058 -2.345426868281642 -1.8099461173682407 9
-0.48260571038170463 -3.3585466190885196 4.072260393574631 3.080357544832209 9
-1.051989906653147 3.729963877160814 2.519700121089107 -3.9174507479494007 9
-1.6084999296425133 -0.12166082502658171 0.4496735755456528 -3.8354523033899657 9
-2.8019970385279045 -1.915740501554872 2.559508899129903 1.116609024072686 9
-0.5193536176459869 4.035082550875748 -2.1957490347282147 3.9326049774972223 9
-3.6570506911200025 -2.5007667932225868 -1.2297719062726138 -1.815612084363128 10
0.6338431283783951 4.244188238166517 -4.364852906718539 0.8364536115916559 10
-3.459265905003362 1.8617700343927392 1.6775416364988611 -0.8965726597172298 10
2.3201537147622506 0.08834113639131425 -4.316730608655312 -0.5863919612092706 10
2.148728454132359 3.8661553147432177 1.6442090766572988 0.00960563691100691 10
-2.507059640557137 1.1540685878949117 -0.7475915747585751 3.2513123921120775 10
1.8000816861547548 -0.794684740864787 2.7868861811466066 -0.6283671212148306 10
4.186943363935272 -3.400458021525192 4.216284420337734 -4.186336846951475 10
-4.072181942151528 -0.15426308639674557 4.096505536880477 -3.9231958369824778 10
-2.455013422189018 4.219290541445557 -1.71830186749072 -0.6616800722457047 10
3.8959682169960224 -4.3022025425030215 2.215402610439292 -3.4174364840996203 11
-4.213240063184262 -1.489086851195307 -1.6308134200742312 3.1361267711516883 11
2.0802673968891545 -3.9051467818563954 -4.361803534551707 3.8202129437716983 11
-1.6449633273492141 -2.761149342221562 -0.9773433772685157 1.540780789699081 11
-1.854476302453366 0.194660059970309 1.5414204543555894 -3.517841923600976 11
-0.4965817960425605 -4.377650402613745 -1.956657902794908 -1.5093053019150786 11
0.900602412605602 -1.2163421581360678 3.140312384487663 3.676073942673903 11
-4.328905499993549 -4.413813545122332 -2.5969172498000956 -0.633172576512158 11
-3.221747361908852 3.4065834221402405 0.3345725383305943 -4.225116096942958 11
2.019766023356671 0.15105002814852586 -1.6900313238823164 -3.114901853860335 11
4.042883171754329 -2.48392850939423 -0.1949655337812225 3.749494713080489 12
0.719881461841186 -3.8129311000200614 -3.8537279111329514 4.039373749572666 12
2.5679463505521487 -0.057875143939558726 2.7804889676060527 -1.277550083196609 12
0.3778831843993887 2.069732801253516 3.017859333553004 -2.328804354368711 12
-4.318711135551662 4.109780254164405 -3.199078460940083 0.1801682404258259 12
1.4996124885648663 -3.6961341042883804 -3.8181359752560433 3.7593890975988886 12
1.565246744165036 2.363914599647006 3.948104231905983 -2.8265130333804684 12
2.0312651937041966 -2.711259792027339 -2.4679531381753943 2.2433162267065656 12
1.6194418502832275 3.744884453666283 1.6870475829542215 -0.17052129663913407 12
3.0291418763816322 0.5851733013672462 4.309049084253486 1.476873072853198 12
-1.6599087723963235 -1.5765364586368649 0.643040337407451 0.8598987526199646 13
1.8930959689935842 2.9400560412697745 -2.3859528407266533 -2.413726211409214 13
-3.139644743378099 -1.961587958904976 -1.566768649098071 -3.6233766216063947 13
1.4914563181781184 -1.2502368423514005 3.585271197853644 -1.8977964967051255 13
-1.8809070225138296 3.3778878726256134 1.6894202961498253 3.720806564654756 13
0.23961219164525127 1.7037717273365645 -4.063395469816406 -3.517844970834809 13
3.0830745712223298 -2.2832597757691713 2.6818025633499216 1.8191489483669714 13
-2.8865178604447363 -2.2709113000227568 -2.0751667736190504 3.281907864771928 13
-1.2080594758133056 3.5901880410980014 0.5016219808254615 2.3177217241866073 13
0.003090589325242865 4.00309565764502 -4.355647842215245 -3.787375007951699 13
0.8503172449802557 -2.5402333393111145 1.6331800693772698 -3.7705477670834098 14
-1.174697569402035 1.8407614498363918 2.7021228665829584 -3.9534677216828538 14
-3.537049276931993 0.3780164139267421 -0.46363089643354016 -2.858218646795849 14
1.3023454524574132 3.7484003703777535 -4.379221956351427 -1.1107222886814907 14
-2.7485117078702506 1.5154946107849532 2.6145939181444584 -0.8190566762992495 14
1.9836051014075387 -1.8461122905301606 1.1188812780028985 -3.1320342834150834 14
-2.748985942661138 0.12922154770976058 2.379555080968688 -3.8199872250718094 14
0.6953893448005516 0.9627179083588757 2.206963965397457 1.91048110967122 14
1.1945965353608967 3.0945440906496833 1.100282946871061 2.8425322310680863 14
-2.835580176851074 0.5361211790067613 -2.9852753071157685 3.335027138690535 14
