150 10
-3.112534418582949 2.160447268638643 0.23789487975701717 -2.3233013214064346 0
-2.130164863333788 0.3036545404226797 -0.39407298958373027 -3.4516618978777265 0
-4.368825337631223 3.7687230728989647 0.8982596526196519 3.029714034046827 0
3.6064336870531104 -4.199207151362899 3.7109872016430447 4.055643648360818 0
4.112544026476051 -3.265116107795312 0.733764323578625 0.1322127529282222 0
-1.9455448233784876 0.9547486592294602 2.490445907287789 1.5488759347386707 0
3.998026224477379 3.1746198699835646 -3.025912134029665 -0.6519748032668349 0
-4.479666898333378 0.19103424498263588 -3.110466054027465 0.6003143757391519 0
0.46833869938109907 -0.1316032770356127 0.08192780715126657 -0.41599335518951863 0
2.413207386579801 -3.053549221869869 4.419101447684721 3.6013189710173408 0
2.3810440530499086 -4.312711818431405 -3.1371679869371314 0.9690727665285539 1
-3.2831083946779485 -3.4535428433847914 -0.19616117955406553 2.9576200181324808 1
-1.710921739589737 1.5430738069080239 3.864829058567685 2.9588859734065194 1
-0.258931995749873 2.8455146824142417 -4.259096667728769 3.5124373641827495 1
-1.8937189482250179 2.0981337985140356 -3.021313680878339 -1.494249528549976 1
1.8236011972972168 -1.5518747136291928 -1.1042895648472864 2.864528407150174 1
-1.488172238045498 4.3025227111486695 -2.717522217723426 -2.9157655771955175 1
1.1212390056181714 4.052821722295728 4.431924476913532 -4.097711300903181 1
2.4072808555843985 2.925083278932961 -1.7023600278932411 -0.7957478593539729 1
-0.840237283740045 -0.43822429720817146 -2.4726307165592556 -2.06457407260692 1
-0.8943153537449379 4.456243443047026 -3.5350404596165284 2.7991859926470033 2
-2.901922416558996 4.1633721272506525 -2.286179210647697 1.2046654415129074 2
-0.726747567668044 -0.6835279810410115 -1.256058988624336 -4.4562358100284145 2
-0.3316601724538867 -1.136491660584762 -2.275011918528468 2.969164756797558 2
-0.31042709844740113 -4.183485646762757 -0.7995570993471464 -3.6907687441389943 2
-3.7415459724133893 2.092686283277551 4.272637498644445 1.3712603762877764 2
1.2257999444958076 -4.248829900246207 1.4054002768019487 3.847646437560095 2
-1.7984694615841206 -2.5123273125400303 3.897203568908881 3.4043092999811195 2
-4.004820059938199 0.20921463700462695 -0.8862721893411841 -1.9894530500736733 2
-0.7526730843485084 -4.066031251569866 -0.17167502999810258 2.311387482270054 2
0.6516406397664842 2.7316498560963867 0.0799432214833612 -1.1225413022151836 3
-3.4775845241416468 -2.005945070173234 0.8797649766269536 1.279468667866843 3
1.2751028251688061 -0.0653642510714294 4.306768611139937 1.0938437570900188 3
0.059004681012853166 -0.3470376594064034 -0.959396115619529 3.9135453453645708 3
3.5526876653510167 0.9519992382202644 2.086386716701535 -0.6248733139530179 3
0.9302004285079829 -0.5051532942785799 -0.3643458588718165 4.4891136798717515 3
-0.17957895005798807 3.496027745067236 4.172383657495861 -4.441323573583649 3
-2.623495603858379 4.001233159406924 3.1135965354866917 -1.237669794839853 3
-3.8387696045196105 0.8563721097248146 -0.9244204654090882 -1.8498631862013384 3
-4.219640362334102 1.4873168927771026 1.0331654998742439 -2.910279785068893 3
1.2364694562687248 3.2621864606785356 -2.6245633446539376 -2.5534059794544826 4
3.9747394110569116 -0.48935651930436874 0.5528414189484084 -3.5722140539939216 4
1.5296186919217951 3.818976296687925 -1.6980662078685276 2.761934133895921 4
1.0748112009097195 -1.5967284056206754 -0.1256844112764981 4.101608820882405 4
-1.6247132015977692 -1.876889834940124 1.9310130767874205 -3.4627919904026774 4
4.116756813651515 -0.8463749133632155 -0.4692438438276627 0.24092531870790967 4
4.019002401265228 3.2147150294874924 3.5670317671547718 3.7822783685944925 4
1.7003489942921184 -4.470408281228943 -4.02044716900422 3.6873060094809893 4
3.600931496912842 3.7787838386609103 1.7016611365757344 0.6699672364167484 4
-4.446815797183642 1.2863353359226104 3.764939486221521 -0.8547243706576607 4
-1.0330471778123327 0.8616770485821574 1.5520554009539191 2.929370370169989 5
0.9972634995396835 0.8965726955760397 2.844075289920098 0.5432629847109213 5
-1.6894440284107357 -3.871136927132208 0.5372067363201558 3.2221137484057603 5
2.706608107939747 3.702906451199872 -2.6501884407951306 1.9416682494437314 5
-2.7479283386171662 -2.6045312503240448 2.8428438835985888 -3.4265112895375593 5
-1.1030329587541976 -0.874375108445939 3.1380494570472988 -3.372999587169701 5
3.4665992498951543 -2.680610909669347 -4.016570825998407 -0.2643240781551386 5
-0.7288665526462453 1.331632560053352 3.9487558109957375 4.027844806739276 5
0.10478657513997947 -1.4955076303685721 0.7809570096526146 2.818220328516072 5
2.506260904734102 -3.281083788891503 -2.238708855687662 1.270184090310826 5
-2.774603049699998 -0.876697668936317 -3.0079767801850092 -2.2200957366303307 6
2.581600187229522 -2.2157262546507956 3.882199507025782 3.5759844272547765 6
-3.5146312080163304 3.8760841294369768 2.186156936046767 -0.23846972938209043 6
-3.3625144460286234 0.9450485132720724 3.4249527164495848 -2.9637107665063516 6
-1.8889025707095557 1.1387645273031326 0.07080953422130865 0.8926258255224758 6
1.4352835845673473 -3.890464545368747 -4.164804322546885 2.839844388498511 6
-1.3010136767907958 -1.4874833027090468 -1.9656875736412012 3.827709837735906 6
-2.9024426950493813 -4.42796994195947 3.897371171916255 2.590357540570183 6
-4.40605438114751 0.8771292417521094 2.942192804604554 -1.7724334338954928 6
-3.7382533168309076 -1.6589858676420102 -3.073047880868579 -1.2019526139480505 6
4.217564960729701 3.362242961133116 -0.9607005653842852 3.9225017189131934 7
3.715055947537419 -2.97091565161303 2.9689226874034262 3.0644098879649415 7
-1.6487288937985944 -2.3239778785734355 1.740556243720922 2.681259057328275 7
-0.08140527157515409 0.3954906861166225 -0.31887547485742007 3.5992098729498334 7
-0.8509105162349078 2.1816928185911424 4.233152912687665 -0.7992914851723976 7
1.2935971418868242 1.4340901564320359 3.6503084465640923 1.9132398526146153 7
-3.156986832590401 2.2192541082518034 1.277973184498168 0.23229984603556486 7
1.2730283605405484 -1.8159207369152688 3.997927741624226 -1.2372070561110111 7
-1.1175489421248606 4.397650786576326 -3.240985183774277 -3.957441255598548 7
-1.398645537480737 -1.4089949941385238 2.7729865719702618 0.34051674765742934 7
1.0228810893759288 1.0655344146540595 -2.346276337562457 -1.4203522362748426 8
-4.379819200278786 0.6698951534436199 1.4189010536458175 2.2375060253115615 8
2.499115068716595 4.048938694239752 -3.731763705066997 1.100077660134753 8
1.8268395579001018 -3.454148398969578 0.9369827536260644 2.6567197283879658 8
-2.2805866968921813 -0.7295518735418459 -2.4812887384680185 -3.0460414203015134 8
1.1882839204245559 -3.640767718816159 2.255105945557611 -1.0091184541512832 8
-0.9872171151918113 -1.6022917122234603 -3.406149162591954 -0.5607124493942207 8
4.241927645348202 4.222641416502971 2.684074179423993 -1.3875674619087333 8
2.190761714029625 0.1592036553192151 -2.7101882121279646 2.390580028103625 8
-3.0196803949298 4.0444341334647635 -3.9089938261529937 -3.639727467776154 8
3.7964335921549597 3.4431363030514563 -4.252507607540333 2.7151930551728105 9
-4.040652599774364 2.4744619389125613 -1.3191643471420433 -2.6434080866584653 9
-3.546943628188867 3.648562799666882 -4.4770122316884065 -2.089230445850859 9
0.7909783624044239 4.392807819254269 -3.2186539280395596 3.3712871764327774 9
-0.6420477913543992 1.1686498105602632 -3.493928227601038 2.3870585544592084 9
2.486532008387873 -2.1616426100914747 0.15211561034517673 -4.1460301419396535 9
1.2502176233594167 2.9411997764460804 -2.7075827229010696 -1.413362364443078 9
0.1917473248838646 -0.6796337501020249 -1.2175383374371962 -1.8263596024940933 9
0.27902734023853937 4.013803104030543 1.2786200135449413 -3.6715518812521872 9
4.493462959298186 1.5383122996343528 -3.7543430454725124 0.3520787443252812 9
2.606185233380544 4.334287992242731 -1.713220931298396 1.5447468650932308 10
-3.225974290626448 -4.263416821018925 -1.9633069052372254 1.613893733019638 10
2.217984851017326 1.049292666364231 3.419522437079706 -1.3807039439704307 10
-3.607157706515344 0.19712407821440459 -2.185604580731124 2.2101639045843697 10
0.06688783330795978 -1.9287627666965257 -3.266811380967591 0.2083672195121412 10
-2.2640535965267237 -2.876857378227526 3.825374178602819 -1.8720286069402743 10
0.7544076027760099 -3.114732533841315 2.257690145332562 -0.8419009904747581 10
1.9055482893474172 3.2287716490683174 3.047102609203705 2.2135581997494365 10
1.6779723371836641 -2.1138335206902754 -4.258842398182821 3.547075733929126 10
-0.9267056381938317 0.11714422691018989 -2.9829706354720167 3.4221070421477906 10
-1.4021620127568564 0.41042094298205234 -0.9391261920477348 -4.028361776531682 11
1.675050613473879 -1.802763945059283 3.443308256354218 1.1938807675416578 11
-2.561779588817637 2.594779109387216 -1.8918607496993816 3.307334618066925 11
2.4826405135266616 -4.124466444403176 -2.1682739593569393 -1.5362813495608396 11
1.3093683258985234 -3.3462620774452243 0.4866224318004825 0.91686277449263 11
0.42887252648076746 -1.876288980096481 -0.26552600211931043 2.623539487470635 11
2.9326060457757253 -3.623828652498732 0.3706005378472226 1.4610294121648906 11
3.577607202226993 -1.4220976861369548 -3.792080098317217 3.6406585931219078 11
-3.3112322546264217 -0.38175346426715706 -3.7720708500038866 1.7076671901372278 11
-3.7400597274263188 2.1620393392000175 1.0595847758308559 -2.1904184330999694 11
-1.2263596309696403 -1.49794954005391 4.4976773691458405 3.2335843010055254 12
-3.5421780280828266 -2.8246894193160568 -0.21814333836423727 4.488410803098512 12
0.17323924288224335 -3.4863994886077236 -0.8692447844065381 -0.5856276664288174 12
-0.1446696948225642 3.8833953930392626 1.696020456904555 -2.122725059518128 12
-0.9103032501456599 -2.876472139198068 -0.5298680721081509 1.5463974271395562 12
2.749428362574815 1.4466191579196792 -2.314396692769228 -0.48558932997337756 12
1.0209160308503038 -3.3850606056729147 -3.6339206481722384 4.044767527002354 12
-1.3361260790776015 -0.2421017855124672 1.0232984892196173 -3.2380327356160796 12
-1.094532294376354 -2.502687003994682 0.5056263523424461 -3.831958863377571 12
-2.4580773943246816 -3.2145466954258537 -0.4591407144716082 3.0163741755509674 12
2.06482609051662 -3.392895515310217 1.3199738207290963 -0.9203255812138701 13
-1.621998233349112 -0.975063414123268 1.3001549660770029 3.84740373607228 13
-4.158529024932492 -3.104898417852734 -2.458885075742239 3.573316007567821 13
-2.9641589440478815 2.4328098500562922 -2.204956274273996 1.0965242931148897 13
-2.347213130618943 2.2245307851055167 -3.169048901980726 -0.0560102716137757 13
-1.3725523382031422 1.4509203138007671 4.029940469249278 -0.4434757725268461 13
1.3909859984914723 -2.4032165139693045 2.055929761754922 -0.20102169805281034 13
-0.7112270699262235 1.5888916399495425 -3.989246482228567 -0.17634373550805704 13
0.948107576303169 0.9781245588749445 -2.1230775525847982 4.245097235319412 13
-4.144649204019012 3.6489235929746275 2.5896330502910576 3.458219649245653 13
3.5015074280953593 -2.8918684555851155 0.7091193306312409 4.3112185539205985 14
-1.0088682456832658 3.66871134734001 3.5731353364125638 -0.34215266063116667 14
-0.43081604843923305 -0.60036176887585 0.8555745001183954 -1.8314697518396788 14
1.886510424302382 -3.0518807593387263 -0.7246448797655477 -4.075536031771306 14
3.2737664325537987 -4.375236766967683 2.0332341251233474 -1.4110550194366178 14
-3.83316111510289 -1.116758312684242 -0.5486594801696475 -0.9196626078971709 14
-2.2557282938953183 0.11361010392066695 3.262035124134409 -2.001471230801974 14
-3.2086776877206145 1.274899512021494 1.0025296233364318 -2.527810952337567 14
0.3519495341867196 2.9692275819299185 -1.742268334702882 2.109673917504162 14
-2.077875828420524 -2.9604985053056003 0.21470514695674847 -0.7290404606946493 14
