150 10
3.2738398701307463 -1.9358463129513588 1.4686095873436198 -3.1098772024909374 0
-3.840692507246376 2.3691348389725646 -1.6791292216079603 0.9266160533612166 0
-0.425528481605298 0.3806718660789702 -3.1737127167094448 -3.8438053011727535 0
2.0397220454475655 3.140145968533399 -4.110700435519315 0.3346262667077876 0
2.41379980028084 2.0982935098801567 -0.7525252716919648 3.3795180126367916 0
-2.322122177665034 1.9827782329926484 -1.298420394120753 -3.2078924971946456 0
-3.9746042476945096 -0.8129796645799415 -0.8767573355284041 0.6974768971903638 0
0.9960504647189409 -2.196766128943005 0.7424273919104664 -2.4624324657791457 0
-1.9289526520830131 1.6601737212910601 0.21310140419602663 -1.6214532554286505 0
3.068277618497031 2.7823807809073924 1.8596219856001408 3.8671398143862263 0
-4.499428538208349 3.8124908524975707 -1.4749378512360325 -3.1098398475676436 1
2.7626864683108683 4.104111608588098 1.167755724334219 -4.274943810910671 1
-0.1374390908154105 1.4631660321526945 -2.4282153919028255 0.7533321567986219 1
2.1042599183101127 -0.30499085714357477 2.321133259214216 -0.2999941373688274 1
2.7490337875809447 -0.5581122402090065 0.32536731020261744 2.4460358837464433 1
-3.338642067208409 1.2793551501865972 -2.3671406170379488 4.083640712767652 1
-0.19220667253345192 1.4230869484139286 1.177431712202143 2.6270008109084393 1
-3.749823618417771 1.4735082446585377 -0.2879002902598198 -2.758430840607815 1
-0.08153923431316168 2.2978308737185813 4.35534209292238 -3.9913529676378197 1
-0.6491429950036971 -1.5317045831610672 -0.9198480896043553 -3.12866886971533 1
-0.20069983833592975 3.775831856860966 -2.7224511678544028 1.172638585997769 2
-1.7321630514364124 4.364273686941608 -2.0982962236916562 -2.0260422625882564 2
-3.476329169133483 4.234636666185037 -0.3371642565759163 -0.9789807960325505 2
3.3602549578428325 4.02535834170708 -0.283403545209547 -2.2051166242596696 2
-2.370872881959044 3.217824139030287 -1.3022344536890036 0.5327659897978247 2
2.7317788592395758 -3.0329569233827414 2.5640058636081937 2.55640597230943 2
-1.83576540813637 0.6038386444749648 -3.5038155040334025 -0.6203291754859681 2
3.405264574192941 -4.158867505319233 -3.1209696646164926 -2.1795248549225716 2
-1.2634036659979706 1.3823907990866973 1.040202608099932 1.6518309751506883 2
2.1913990164668347 4.153775719512664 -2.9671285408069674 -3.684590334754084 2
-3.385264563239028 -0.9007543299108476 -1.2226947000597799 0.9064651017254702 3
0.48030913947791354 -0.21718172063956975 -4.123788575288635 4.1395559584814805 3
0.02868018486464763 -0.9759877420541987 3.947486421492624 -0.6177579189603657 3
4.283653201818654 -4.165947456815245 -0.5197613005557079 -0.5592210272934448 3
-2.930214154260962 -1.043047345654789 -1.1666772973003123 -4.451949448657132 3
0.042302889525491216 -1.1642240854290833 -2.7635637843112955 2.169098983863019 3
2.53508237893097 2.1767920361698936 0.7976764344781732 -0.0769537312263624 3
-4.456442355625011 1.260413699462811 2.3289865614932475 1.7670185481507334 3
-0.6796209122195638 -2.1312514345495894 2.4019022016496576 1.4251221273457853 3
-2.0770248774800937 -4.4711966511555135 2.533317391033009 -1.430416406248343 3
-0.23954359982431916 0.3624692200219304 -2.9868080995229063 0.2565488163315458 4
2.7812350962666095 -1.1281351414699712 -1.981056435414319 -0.17463544455854896 4
3.5260567885073058 -0.024894520472933168 3.296457234385972 -3.707212422162172 4
-1.193857372652358 4.277818375822962 -3.0288449177041055 4.4857902080067245 4
-0.9290254960555148 -3.2302223238843286 0.1302791162213569 0.07852769744969346 4
3.320619325524525 1.4664118496080003 -3.1286340037534894 -3.5657393778616466 4
3.1010401783473878 -4.200339102576441 0.7310243045413642 -2.567089794938603 4
-1.1264254915253749 -2.9896171917153103 -3.257388435226686 -3.9236498801335555 4
1.4989204954972488 -1.991560387777095 2.02281030330559 3.4561491532726007 4
-3.763747139351924 1.3575108541046794 4.321449765305631 -3.0699141538854855 4
4.491993571652846 2.1016290545230563 -0.3353003455129956 4.001807610537976 5
2.295631346126224 0.4821606926706721 -0.23935181658410543 0.8947354480728271 5
0.7090002730195385 2.3150582540201627 4.130401067180116 0.980700229252302 5
0.010494830397826505 -0.20657323117219617 -2.9529416288055104 0.9706012680455123 5
3.7809054687873602 -0.17207090766795796 -1.840257649264793 -3.410412733873586 5
-2.636607271795833 -1.1088827340190384 0.5800144718177899 -3.0356765947197695 5
-3.236597508120407 0.6990477667035175 -3.280943688713531 4.104414860842771 5
-4.224496331992525 3.3507814215854017 -2.5883217894501933 1.1545740645023805 5
3.7252068485528618 1.357684244022642 -2.387172146203884 -1.5833047045138682 5
1.4035205487446818 1.8375395176739826 -2.248158321408685 4.201707643472799 5
-0.29729374196144687 1.7702062602504052 -4.272575129979553 2.505389636535906 6
-1.172719534849083 -0.0858998384023969 0.7277378182227136 -4.01565368932874 6
1.3693865023765284 -3.8868603653480367 0.6043673941202965 0.3559870198005648 6
0.3125242826734679 2.106163973436151 -3.0710563991304016 -3.2811045883377323 6
-0.657701730019274 1.3590412945004293 1.065075384965148 -3.163899787632782 6
0.6866692378751499 -2.0862929737530846 -4.3867686815613585 -3.8495631535032198 6
3.518714081408623 -3.034362957519572 1.4379717986377276 2.7691042720198284 6
-1.0495643194422952 -4.143534070938971 3.456951631323128 -2.6056575924715673 6
-0.3134160483493572 1.196963777265856 -3.736861024541301 2.0309669217804136 6
3.1517828622314026 0.8189074449554252 -0.5183706903127336 -0.48073309390293173 6
-2.091318727982804 -1.5574031131302957 3.3949702369712096 0.4018899523022622 7
-3.704294552489811 1.249292265395745 0.7098035140254384 2.0901070300092583 7
0.6786929920928313 1.748765985601536 -2.6510462458499267 0.9567810978853807 7
1.65309351188044 1.712348245357255 -3.9041804938542652 -2.037387638179451 7
3.4667744234634794 3.4918665743513353 2.91667803860596 1.3821047339768582 7
-3.822107018935757 2.0423977333946204 -2.1579139068781363 -2.483024793029167 7
3.9270766218208104 2.1079754212987196 0.5121678463427015 0.6370247772991589 7
-3.962332435605641 -3.916065195961327 3.3355472075284043 3.7323974029107285 7
-1.71510934596617 -4.212625798786291 -2.418272460978401 1.2162444937639032 7
4.366950387173864 -1.61523103572736 1.1978352424739436 3.023718442523964 7
1.1906234482287696 -3.7085240950657763 3.931909725679254 -0.13564215758426756 8
2.084898874296181 -1.4222343812440223 1.0149389197445045 -4.091204665393157 8
2.7992015650150304 -2.1152823405450016 0.9870950352770071 -2.227376865771661 8
-3.9447465550612915 -3.0407895263026044 3.767973255390914 2.7467041780279793 8
-4.07401869513077 -1.5625552966825684 -1.4332627313239021 -1.7288412588711974 8
4.1407970931619555 1.5136834104632262 3.865743198690581 1.3479924772195586 8
1.433717422562045 -2.931655050464109 -1.9223215468298618 3.294393798277105 8
-4.482653561475581 -2.5299761253683 -0.146408641025505 3.78388094855924 8
-2.732034815898502 3.0074295749004354 3.7321626665036685 3.3622524307677515 8
3.9866536735962064 2.847401365477109 -3.4159522403531506 3.944003826743162 8
3.405237389146342 2.0483991221959146 3.8771252632814437 2.757206873027086 9
-3.2248759671777028 -3.4747485056773533 -0.907625843918348 3.2791524270324257 9
3.1874219371000123 -3.6919294743046467 -1.7095207536881623 -1.8392222997348484 9
4.3237292733830825 2.8497112782452345 -2.9446929802085777 -0.5635636642414432 9
-1.6189379437510134 -2.2272751253510448 1.554055862170745 1.6527316185232444 9
-1.0529350309286882 -2.2569150757173158 -0.4965949021140955 -2.9404266674769275 9
4.304070188888899 -3.974765760752934 -3.6983701726975253 -2.1696957963369887 9
-1.5344642730656588 -3.82543945241139 -2.1335310572403756 3.41868559694363 9
-2.867320192563212 -2.089832093186829 3.1998334811841644 -1.5145260014981692 9
-3.7021024273060066 0.13219260731593285 -1.8059080772623772 3.7002764215046926 9
-1.7416175283506696 4.141589080210596 -1.8062300617887006 3.5933220016997853 10
-1.9650203739177572 0.8332015197704513 -4.345828357450448 -0.7184613490848334 10
-0.5212457844038474 4.386267154653268 3.707297918358023 -0.2585621967071744 10
3.139811233463908 0.38612240872761694 1.461782077147504 1.145813623185636 10
-3.8734223595208994 -0.41988089220956715 0.039138554090528466 1.3820073998878635 10
-0.1463230966903325 -0.7605947722646033 1.200056273398066 1.316680205333423 10
-2.2262885438805635 2.7158678665145173 -3.267228030340801 3.6975445823222106 10
-1.0772485215127472 -3.580192207927435 -2.0590381682988883 -0.2604725022539678 10
4.068456040739414 -0.5852703265357457 0.8694967832571248 -2.7491711607892744 10
3.37877137993738 -3.2717576572110163 -2.051832737881515 -3.3396187509667112 10
2.3133272309120994 0.879128552066392 3.1914496205036222 -2.1762461430244664 11
-4.1460435394236 2.3284391383456984 -4.392712109057062 2.8992259305775305 11
-4.273477317337169 1.0367706732311293 3.463788577292779 -0.3265402825939372 11
-3.8553881249493847 1.8870550210731887 -3.6815619397554533 -2.790694990061401 11
-3.183320138332046 1.9985331199416643 -1.9921104603751092 -3.43063460790059 11
-4.042935390293721 -3.78098094810024 -1.5585113533844859 0.5267314637265664 11
-2.5066008974191525 3.472021213854611 -3.647584624935244 -2.573610841477742 11
2.6551377396540516 0.0971964326612299 1.787899011111616 2.630340336960732 11
3.8331887000910214 -1.004245733552278 -2.19278956351743 2.2833794407902963 11
0.21082571570095776 4.374763416935645 2.919855836651059 1.7084384491487639 11
-0.7030619484579895 -1.6765228763671116 -1.7667666396246537 -0.8115425717401407 12
-1.7691819212543132 0.7052668799103894 -0.926535929869752 0.3419635395002949 12
0.2792004124363716 -4.160186737715739 -2.886960945078873 1.3146313412871695 12
2.7286795970785223 -2.6592301581612814 -2.3891434500453865 2.9469330291180578 12
-1.8298052737262147 -3.91412265647093 2.6806655267030837 -3.9189434977106785 12
0.09707242637991242 1.0641281965475455 -3.710386180882276 0.13290122335020849 12
2.662703293755811 -2.2477103583079403 -1.7251073397193917 -1.3784116122430046 12
0.5249293381246861 3.4733343406320136 0.0331268098496843 1.9490500900377992 12
3.250990873839574 2.6622417910016627 2.9478228869034773 -0.9043242260076609 12
0.7681330461062964 2.397227570840456 -1.0020883431779075 -2.6129402527540133 12
-2.5616492033625393 3.4508164323151567 -3.3942156695451065 -0.7154661648714622 13
-1.8452896336792788 -3.1059881257013418 -3.677566645130041 -2.6525583798108725 13
-1.5177924795441764 -1.0392929115268186 2.590547176102653 1.336635134668585 13
-1.6492687974077396 -2.7141801623333293 0.6785297065025084 3.0299109673662397 13
0.30740204869330146 -0.6321595189969114 -0.5637018815680582 -3.8001452450623816 13
-1.8692518244563567 -1.3255204965477736 -3.7748424858156087 1.7191614858633049 13
3.7310727557765664 -2.335261029210137 -3.0961715991013934 3.740699690259993 13
2.3504591599428517 2.7054609689165874 1.5911261685246272 -2.4105735859622888 13
-2.897693884611568 0.49234945817144904 -2.7958128852452315 2.9033309700616785 13
-0.3401297386407508 -2.6672007959878288 3.72511902511223 2.277397212423856 13
-2.376136827162596 -4.4520179598521326 -0.7530074172080897 1.1619059258712297 14
2.967059167521591 3.4416905544528937 -4.02033284244602 0.6007916938639162 14
3.0666015292053572 -2.2812584388949637 1.0856701083993456 0.2509702711050089 14
1.1808454400166961 -1.8099400963582082 -1.0040657909980641 2.567661785919383 14
-4.472861752745372 3.707092637367402 -3.014712935276028 3.842384231355906 14
-2.5115050559118806 -0.16922814094119165 3.024610818580211 -4.1700693356879945 14
-2.754762910398414 2.946050062911009 0.09416783798685291 0.8058881893946052 14
0.7358582337536794 1.7173417488001874 1.6332249573290243 1.0076702114070777 14
1.1726549275902132 1.3867327782934362 2.4513232455263374 1.3569393460024335 14
0.6307485759868541 3.068039931129674 3.880905084864555 -3.7463629583537568 14
