150 10
-0.5760458807219662 -4.266663913548978 -4.237656139372394 -1.1439640438944645 0
0.4469623009083823 -0.5820984664355081 -3.6371401677650503 -2.7273211168496534 0
-0.7166897812125987 -1.5269866109651329 3.981785511574288 -1.1585594549889326 0
-2.6581622936594176 1.0734386971559733 2.0610072163932927 -3.3645590223388067 0
-1.8031079369292917 -2.0985545240742 -2.238453704635116 3.4311176740910834 0
1.090204494923654 0.2622788484933516 3.6296653544011392 -1.911282676057008 0
-3.288780491895598 0.12220309139171781 4.204018183610667 1.5128940206267187 0
-2.8400412091777625 2.568016330350061 0.02706096180893891 -1.0979783221630006 0
3.185777633755399 -0.051868463562649736 -1.463685351331875 4.06809634574701 0
3.119053368217212 -3.783190706918451 1.740004457303006 0.30691530066003514 0
0.04721481109533565 -3.912421460518097 -4.108592718573503 -2.272042119397135 1
-0.646899051623495 -3.631221759054487 3.988536504004874 0.5117414961892797 1
-3.355560254688503 0.8707077808073621 -1.2823359088029114 -4.414946632758906 1
-2.4658919945618774 -3.5374888412101533 -2.2180655949756933 -2.211959788645169 1
-2.5172441363649627 -1.3515634349703065 -2.9638302656937654 -1.3951803629052792 1
-0.28991263875929785 -2.684310963615312 -2.6761585378704855 -3.9338861383724306 1
1.2636605269342334 -0.15237148003423517 -3.6183564370236727 -0.029452479172964008 1
0.04713048016694221 -1.0179661399329663 -3.873054686287991 3.916382070163395 1
2.6427370899741938 0.7200376099002598 -2.6451212834647473 -0.3220888503685807 1
-3.0393126134791753 1.8067711194644063 -0.7679856860402678 -1.8779605341031593 1
4.180959720803297 7.525053195067688e-05 -1.5882433666196023 -2.595621749254742 2
3.505680575515304 -1.425477125960013 -1.9775854100682113 -3.4460546787306936 2
0.6042971486493834 -0.6520863303350095 1.7032668729978961 1.3007357043701164 2
-0.569274632758809 2.4890326649739025 -1.6962353699131385 3.422690605417471 2
0.3204375614789069 4.0836800425038 -1.0226184741489521 0.9998037028698169 2
0.39787344133291924 -3.7611456995247767 0.20852393557675664 -1.5744887675088308 2
-1.2029183849248164 3.157654536040515 3.868113807586464 3.1338126809667344 2
-0.8435246125684427 -4.255178706946354 3.0701065321791714 4.088597729006949 2
-2.27540484902382 -3.895700663367408 -4.477658163587131 -0.07092809792435706 2
4.444668102791456 4.235222820394561 3.9412180715814333 -3.290159161591749 2
2.7023251601932814 0.9163540926492065 -2.2950527542724726 0.04555728519426949 3
2.3846387440651338 -2.9769709807423985 1.6057935883969439 -1.5051603814474572 3
-1.8627909136250418 0.216601877703278 -1.7427179556899348 2.4821812009939404 3
-1.2903814698951699 -4.0888893127914 -4.204314555943972 2.5721807626955613 3
4.348381008214915 -0.5278057258063795 -0.6431374668581165 1.1610851145170433 3
0.036003954412373584 -1.5881281421877105 1.8495272241611975 -3.613782335207241 3
-2.1622972252757666 -1.0179910321131382 3.6346154838739793 2.9008122175597126 3
2.988152096710508 2.130723506584016 -1.1215670647162514 -2.746851043537267 3
-1.0871048975252628 -4.382843969749044 -3.9347510574974454 -1.7225196647380674 3
2.6766444512933423 -2.0755008216332893 1.9187276454185043 2.818635445619037 3
0.744163996761311 -4.2700415233527655 -1.5607052890448447 -2.517391020529611 4
1.459818173414932 -1.0122891671404668 -1.5534523471811326 4.179301526751736 4
-0.026335811389386343 -0.765847463627815 -3.635183698406722 -3.040348971204549 4
-1.3421528882852356 0.45880114791977333 1.7481520705748443 -3.2421285085701093 4
4.2561962088734235 -3.4850140628573567 -2.1003669663318485 2.728582852122691 4
-1.6806732441325778 -4.123820611662209 -1.7944939452747035 0.8731489398412929 4
2.1455978275881034 1.4176114889313958 0.6553105898882108 -2.1110087557919783 4
-2.568278282400417 -0.749219038241966 -2.2613913999663273 -1.8929205840418537 4
1.294577407333755 1.4533319404389722 3.3834606518162813 -4.331176679063117 4
-2.9657057986460638 3.434870121736937 -3.675272290989274 -1.429110367611731 4
2.5020734382762146 -3.2944121264547808 -2.5172851039231414 0.5657165902414816 5
3.320249637888709 2.2390009044916903 0.35514985116894005 -0.041741974761068334 5
2.687270886891728 0.39010707525512445 -1.7932223699698127 0.10303852804382863 5
-2.5124587644468432 3.766127819306405 2.5760566507639813 2.8125502334299215 5
0.8287611989973871 -1.3838588149036821 0.29556798746261914 2.7570169296946534 5
-2.125993236479822 3.725239294486188 -4.191520683513193 -3.113404911904411 5
-0.7223808482386136 0.36172364100417775 2.233665249018083 -1.0361709249994537 5
0.9759794202454466 2.9362484559074216 -1.638913588241907 0.6480793167028722 5
1.112068661059177 -2.9095905457401656 -1.1482153637725883 3.685769189923159 5
0.8213161738819126 -0.09660449704626772 -1.017258974793286 3.0262427587554717 5
0.43117002081338995 1.7956855781149332 0.9158734808479897 3.708168996980692 6
-2.2876995248628234 -2.820355689721678 -0.14351783080792402 4.1266265993611535 6
-3.50475166983455 -2.033466727175517 0.6903869440765612 -4.250301318125212 6
-4.4077496454036815 1.1642375054662397 2.149837642959042 3.2526071692409775 6
-1.8434492530223179 -2.8144210976829203 -3.6130499153689426 4.170987367601156 6
-3.6424075296527665 -1.9461977328127082 0.570834324914735 2.166317198439468 6
-2.565680542823743 -1.929566394801879 -2.4839881378856803 3.9706424611872433 6
-0.25731128277288895 0.44547138979567225 1.289956133662853 0.3898677413970545 6
3.106018040172314 4.396587307057479 4.152511774581058 0.5127185939999263 6
-4.060187223935838 -2.4109357370745244 0.2850155275098185 -4.097097341522776 6
1.2898028452341168 -3.0468009339749096 0.41750072967862084 2.199248003955981 7
3.3313130403210134 -2.5433781632547667 -1.1843709297118896 1.613934122230987 7
2.1757953499510405 1.37718461907991 0.5769703069556947 -2.6282248525527514 7
2.6899696035416665 -4.218771939612646 0.42132530809417956 -0.2161013320867088 7
-2.4338337413008935 1.8416474920841326 -1.4605234136445877 1.4637168057139311 7
-3.7119374189898946 -4.224694651251126 -3.949616082660024 -1.1450571694269556 7
-1.2857855967039535 0.8080379232458742 -0.5930158780308061 4.264808593114566 7
-4.029995453542558 -3.9090270041426023 1.7837941911331778 1.1320975811649934 7
-4.108489325462559 -0.9436431737924658 -3.0964993878508706 -0.5841681624840147 7
1.5158434141445196 -2.7177559936544737 -1.158884109950612 3.96357795166152 7
3.3863980653374317 -0.6084981409963736 -0.42464131936130833 3.195899882302024 8
1.076773173389682 -1.8861593135851047 1.3825066627170552 3.4135825987543895 8
1.0372911611784863 4.0829396614409035 -4.469980996808305 3.823094126490461 8
-0.46786755128319324 -2.6365514557201717 4.061643788518286 -3.1055803497598315 8
-0.6716943728515218 -0.4988316171261805 -3.9086039154691643 -1.6444497825805744 8
0.06855738004765244 0.23159924829862133 0.7699990488982071 0.2171821054039531 8
-4.118137273057085 -3.02022822446892 -0.583896431293451 3.714094372627887 8
-0.44795538344364083 1.8717405355702872 0.6297898679329519 3.907230738248532 8
2.4982911747498022 2.493926995226802 0.6853891865046197 -2.8333782526542057 8
0.025008772582992944 4.110728339765228 4.3387083799801935 4.486529343699933 8
-1.5131365871411173 -0.16687653888570098 -0.48178702499803605 2.361875024724481 9
2.235365994069327 3.220555665955625 1.2290707636612346 -2.8328042257821164 9
-0.7698595038037964 3.1381606284059105 0.7128176406141249 1.3881774116797523 9
-0.49886152424361707 1.9417237585771883 0.8436633317605439 0.37328975094150463 9
-4.423964727790622 -4.273187186963259 0.8269116168220528 1.8809205506422009 9
3.9640544418787966 -3.5807584659192586 2.4388017629518 -3.698548233320211 9
1.457710113957369 -1.9506713056099128 3.7214594137195185 -0.4533749544802905 9
-2.6924189060209915 -1.0049923609671678 1.7695900423007522 -1.0112485574995251 9
3.833114368576493 0.6324678877564717 -4.040485661207159 1.4727713185732636 9
3.7504315076209425 1.8203781673775246 -1.2090549226602096 0.47501964118300133 9
0.010948065183782552 0.054781501613749506 -2.1006914349844994 -2.6651152739528463 10
-2.5306129230356453 -4.458028295384551 -1.834155415687229 3.0768086933279966 10
-0.7394738039755578 0.5703849930513161 3.8161367250655718 4.307252288402728 10
3.3890568158099437 1.598263562051185 -0.771021473703996 2.458679124871898 10
3.0809974149312414 3.8354515823242794 -2.9875219146856313 2.1983030204074083 10
3.9700428627026003 2.844172367319546 -0.6821431338047351 3.096828802519891 10
-3.3174485506850058 -1.380329865087624 -2.7268176684624494 2.8702398725305986 10
-2.6234775492702975 3.306433834408711 -3.8490720919783956 3.114969405769535 10
2.630971973756321 -1.3589852338452653 -0.6871595720553606 -3.2333278012468476 10
0.6222647885007188 2.746183862301314 -1.7467456419292153 1.8842574013544162 10
2.998451202605786 -2.647856907449352 -0.4834352929156933 -2.4006207705970377 11
2.0761218047350405 2.7307274774350407 -2.3511105439518003 1.7385592770267944 11
-4.111838672819736 -3.535313361915781 1.3299253010490784 -3.924674135280047 11
-0.5842471512705513 -2.512069003253303 2.8126592948004103 -3.2383423514935137 11
3.4255985954911266 1.9771878395197016 -2.334921800295936 -4.374865573337844 11
1.9170656419228291 2.4287369129343177 0.05629351805400418 3.158388439459247 11
-1.523276764475357 -2.4425077335021097 3.8676337572515997 -0.3302120300115339 11
1.1370956328092374 -0.7696867542714975 -3.575256520616147 -0.23125395820725514 11
3.9310296501076736 1.2820717701251303 -1.8858755604323991 -1.715424475155861 11
-1.0178969128886863 3.196076947237715 -2.313368189064613 4.083223940219119 11
-1.0728667465541275 -2.895211550000518 -0.9233070365301351 -4.467839098814378 12
2.5349348309947324 -0.25012271325778734 -0.04264053787010402 1.8017797243297646 12
-2.164676360361506 1.7315932129310792 2.837432846113826 2.280481464078748 12
4.324365710989007 -2.2837176992898915 1.8194603935478266 -2.7171393466550957 12
2.6121942233464073 2.3610171980165298 -1.3490516031651396 -0.36475143577849256 12
-3.419641870403274 3.0501233510310057 -3.267338863619191 -0.6536027752384094 12
-0.3443498571912149 -3.3679675570222116 -3.5866065910853577 -3.714699463145074 12
0.327091257864617 -1.8313852428483388 3.0256715492814266 -2.9794719742385483 12
-2.9184822606894247 -3.7868564636928035 -0.24418429118797091 1.1242115834483273 12
-2.7099081735345076 -0.6337024284922761 3.9507199557342356 -1.7430909704787598 12
1.2763058726594847 -3.713587390891832 -2.8699069651597773 3.378792089036221 13
1.9415752899386869 -3.5842967013295617 -1.7677278202584716 -2.0011223467125907 13
-2.919608361820603 1.9198940594166953 -3.148848932760932 -0.49786359981966355 13
3.4673730696944025 4.3482452493876504 -2.4167274669328402 -1.2702456292956148 13
1.3761625563109305 -0.20037282294262138 -1.4971808090232717 1.123988128045378 13
-3.70991200603505 0.5305571522754904 -0.48868022621884566 1.601490991311527 13
-2.869647935322182 0.1296185442409855 -1.7922881789031417 -1.5985638354004161 13
0.9803713404095241 2.998912411103438 4.484515771545915 -2.3555348296270884 13
-1.5862447596946816 4.399758839877359 2.365753309141527 1.7962801474802683 13
4.454552339710139 2.9353573749581705 1.3305658603780097 -3.4059456067348104 13
1.74737290882665 2.10302818287279 -4.449849144601808 2.2099793249830704 14
3.3774192882419634 4.063591335111591 -3.7527435099686954 -2.315527916907791 14
3.170366339377961 1.2684477580097782 4.40304868586047 4.195027578474562 14
-3.8385145375700707 1.1104624286625477 3.791922748362839 0.7493803149110295 14
-1.3210749739303331 -3.0169923909813328 -0.39391166965581026 -0.33896158189453474 14
3.5384956791033906 2.9240143308601145 -1.4423476657511365 4.206179719485504 14
0.23974581467549994 -0.3289566946178478 2.843815937152384 4.42732713669911 14
-0.0962884068558697 -2.153519822524932 -1.7920645795530983 0.7186565282083437 14
-0.8762586918016735 -0.5699710824567302 1.6386107504022087 -1.0473376091112767 14
-4.3644947917646695 3.536152947708442 0.7576020011157003 -2.7313450352480575 14
