150 10
-0.746801957676834 1.9829204409794228 2.806728279484858 3.3746548046030833 0
-4.498970626643896 -1.779006846313442 1.6957192714734899 0.6254497147083814 0
-3.1791969826459825 -3.66895264708082 -3.0512570686595213 -0.2980797951302432 0
-2.823658097600962 -1.3899534566125702 -1.3934515396030651 -2.4746403796732386 0
-0.9290927319239706 0.3493506060302125 0.8326068188921708 -1.6895714606827474 0
-0.7272493703703468 1.6669755035708356 3.7467499812151566 3.6867197245640138 0
-2.659929752416343 3.4030569275185085 -2.1859353559602344 -3.501978293303737 0
-4.253511661218664 1.53420759160562 -2.7633354118279843 -0.003742463890025527 0
-0.7442567786958573 0.5282084560117649 2.057271011771366 -2.6262500543208764 0
-3.236517552642896 -2.717086598236091 -2.2676979746049235 3.165046874427303 0
2.70670111807983 4.214354181474578 -0.7573615355922539 1.0501656043971257 1
-1.6791823965668145 1.7309035410238267 -2.3970047468467497 -3.582294665167823 1
3.387502370664345 3.551459971534626 0.14271315271676832 -0.20573111655195875 1
-3.7346020976719987 -4.148506950904059 -3.1259552031615305 1.0962560856637396 1
-2.9715262239188798 3.4032825308647183 0.39609106932544313 1.387236122736699 1
-3.6148784955025492 -0.7100313749545305 -3.199090138878062 2.2637503542171946 1
4.121005771354517 0.29848756475715366 -2.5015577418006956 0.174166419294297 1
1.7268940255542602 -1.6603593209454335 2.5676642539945704 -4.299026148073745 1
1.678508349134253 3.011631047076356 -1.5807378624643216 3.3563013876009995 1
-4.335405503902273 2.2512988345047074 3.102386468418626 0.3459653333508932 1
4.399749800158452 2.2334908894185546 3.2994744674986167 4.048253922182639 2
-1.9760040714203533 2.603513956063397 2.937662978664072 3.1870389945288484 2
-3.570965940801222 -0.4689582644168535 -3.611309383616865 1.3617389910689195 2
3.67735952783786 -1.8574726646368847 1.8316528933738767 0.9921673138196669 2
-1.9100219527228615 -3.329742850935501 2.6965373556242525 -4.188859021155292 2
-4.325697379167327 1.6095197964590187 2.4321486109948194 2.0855574066557425 2
-2.5953469559994686 -2.110080065649964 -2.162714460314822 -2.18637631060068 2
-0.07584156647695539 -4.019737093946277 1.1907298568711502 -1.392322845680266 2
0.6670584494281177 -3.1794428258477088 2.6692981020655875 -0.4846839119688846 2
0.8037498321295582 1.7978252401883805 2.5447447330575472 4.414246052614566 2
-3.5789901405495677 -0.7734961096238852 -1.7977649441948995 -3.2129475456771055 3
1.7496014195497058 -0.7723865742578762 3.6117759271434644 0.3740344099863594 3
-4.050418869485216 0.3230676532396042 4.27266333769574 1.2294396000170749 3
1.4741518069780994 0.13400200852477706 4.44521722149431 0.41463723728656454 3
4.00135280391732 0.7789953645179363 0.23783340514969153 -3.281148872350471 3
3.6306172375909513 -3.2627276626838624 -1.29865346114507 -4.26403289433264 3
-3.246512874743173 2.7665215983857143 -3.056443384323158 2.2107347343674646 3
-0.9209084671301978 -3.011812225947605 -4.2264027906409005 -1.201112124806301 3
3.847577223564305 -1.3701072622904409 3.2611162755423972 1.7340994575661886 3
2.2573089282253997 2.033981868154063 1.718479278595517 -2.802268791402202 3
3.4497548208522884 1.11304986350048 -0.5228614732641897 0.7341966660986208 4
2.2584819062460344 -1.3599149221994171 4.407765368973347 -2.6648439729019033 4
-2.070648974114765 3.5629759637646017 -2.2704038841388066 -2.1404422460437926 4
-0.6471792911583458 4.18356042433547 2.251551719681935 -0.3872220530787648 4
1.4709734803660326 1.095261481882096 -3.987635054300145 0.0766461654921563 4
-3.467286243419623 4.0454033283636415 -2.5923585182069164 2.687438202841892 4
-0.4507907986805353 0.7055065294841859 -1.82401756643455 -4.251545892409467 4
-0.8267687751484695 -2.3667571778127505 0.8408920451815893 3.0945638603806995 4
3.6304156850602842 0.6631153800505727 -1.0708548834400724 2.2487247965352903 4
-4.474167056719569 1.054304222586515 0.10027330467415374 0.3685662446596978 4
-1.5601958840511347 0.24352292031848366 4.1349088895557715 2.7356480234878213 5
3.4734788937969707 -1.2845721599775022 -4.209092400387834 1.8844852610816558 5
3.6768163582781925 1.1102410421262245 -0.3149866659284454 4.0279404725558985 5
-4.357608814380994 3.8649351036938517 -2.507105391088605 -2.096351822840708 5
1.7180722576523155 4.475905654063324 -3.766734316104642 -0.6424305420259212 5
-2.948935424892043 -3.2657782533401 -3.5188311238283854 1.2040808455072607 5
3.893359167334472 1.7713634534091014 2.7266691363636406 1.7712044650816061 5
-3.905998445501438 2.299167473422197 2.395902429681934 -1.4179129214083217 5
2.2848856961512176 3.80722081991835 3.1126633472490988 -0.6410810250050171 5
1.903722827656246 -3.3815613422505177 2.916088833710869 1.1384654276186437 5
-4.3210787954418395 -4.264101118100527 -3.2091925619677957 -3.7945179013054684 6
-4.245241607812849 -2.284100391572587 -4.335006213782934 -3.8994750212457916 6
3.240251538145992 0.3494795790748756 -0.3727456766241136 -3.4799226950916857 6
0.4753978081718929 3.0782780312364513 -4.24994986036197 2.2937533325142065 6
-3.3824401639207995 -1.9873468888997445 -0.9463456758542452 2.222446460467726 6
0.7718334431245909 4.226361734877071 -0.42835655928193606 -0.4492192769931499 6
0.5492719733013895 -4.332174395643513 -0.19734743953952127 -0.2339646609402537 6
2.705694054125547 -2.403231535430816 2.7284700790275265 -0.8784673212803775 6
2.763946760569012 -1.0092542034224543 3.6421754430926074 -4.166450568413677 6
3.271876691034858 2.2240947846346617 2.4648690844837677 -3.3692275697603504 6
0.50616210591377 -3.271902969053835 1.0666221022087692 -4.406721647982913 7
-3.960740794390095 -3.407908898333364 0.3476455431871226 -4.472838390423632 7
-4.099033093097145 -3.532552838045164 4.06074406941184 3.6486183033250024 7
-2.4686159525293077 1.9169008234440899 2.6637024774804243 3.737468879233087 7
0.537452838487282 -4.386996178567958 -3.1899759195744264 -3.0804293711652004 7
-3.852231482794619 4.205486970002449 -2.811314943878094 1.1024631206992903 7
0.6129041572794791 -2.6703608880510856 3.6522854640747164 4.409596605231663 7
-2.229068298867089 2.1944326866758366 1.9001021288923434 2.0862036822806576 7
-2.7411346700161308 0.73223034545932 3.68363884089829 -0.892136408659912 7
4.230179901794811 3.121459213410317 -2.2513438779746693 -2.9391284629158942 7
-2.3413701676717245 -0.05607257158143042 -3.424886546996439 2.8134952922954586 8
1.0796014654324178 2.9608280959516087 -3.1788686392448113 -2.121322655457894 8
-3.0888774481852415 -4.3328141804033145 2.8718026077017775 -1.7047147338521103 8
-3.8698007065269993 -0.1228940015667137 4.341757043636486 -2.1002516806352833 8
0.9569651548799731 0.619662933778332 0.30288010474090277 -1.6697968993273533 8
-1.6437383161005532 4.39754538971204 3.696955480564537 -1.2009902053388901 8
0.7177069732121723 -1.0787294463880464 -0.5976690545415191 0.11063423050525245 8
0.4585339720610714 2.208009878158519 3.9499782963274197 -4.221458943559644 8
1.5230960410786614 -2.1157239810347157 1.9519079726852024 3.51917058863105 8
-3.902986490144026 -1.1692422187730434 -4.254414988342781 0.19846122527259658 8
1.1674575631940804 -2.608433910766444 -1.5660916940697724 3.235403887790272 9
2.274799983649325 -3.9011716678129655 0.5266489583026606 1.7120508134647305 9
-2.157164112793131 2.7427910736901087 -0.4243185004361629 1.1547813376922142 9
-2.7590914563900504 1.2551479279194613 -1.8891283348131676 -4.415862798301358 9
0.22203278211360322 3.823271733594156 0.6908034148838169 -1.6970020728078348 9
-2.130329065616001 -3.906350183843786 0.1554083865101682 3.74765267748508 9
2.115593669598025 2.449602265889221 -0.6617269034874362 -2.2734356705785315 9
3.6703426725317163 3.8877486227715354 -1.1583561484885099 3.886750049728865 9
-4.374435843219627 -2.3907412249072153 3.931815431781843 3.0989695370914188 9
1.0510052130149186 4.041146886188548 3.7818586287509444 -2.4488973904381472 9
4.051585073223717 0.5098786937564077 -3.712660114017682 -2.454212373437801 10
3.7404571478964708 1.274095880517038 -1.670610454973546 -2.9271071127931956 10
-0.9899305727287838 -0.1260839961278123 0.9638474577521442 -0.777722264989548 10
0.9387943462797592 0.4459312935770632 2.847163606444927 -2.833826415578724 10
3.835632840358083 3.768600920702455 1.8168887678067938 -2.3367993763577504 10
-0.946119483688006 4.169362755966406 0.6679717995677373 -1.3591116250129 10
-2.9343989998758206 -3.363034325043264 -3.9873204046545054 -2.4406769613566173 10
-3.284287577579418 0.05095949109207032 1.476922998193141 -0.02474915975521852 10
-4.306276752532218 4.031731900959129 0.17114385666310894 -2.9275186490196976 10
2.9440392405365925 -4.364829173320898 0.6364426639163073 4.47078082687389 10
-2.9142336998245026 -1.5114278306984672 2.8515159791245974 0.8493536144788 11
-3.321028396701748 2.785416229139239 4.283901614978144 3.6140632620238913 11
-1.397370125850359 3.9609673410003046 0.8604714024238097 -4.208163072169886 11
0.7381276195237204 3.4094878597065965 -3.657806137642673 -3.9116545646199627 11
3.1026100085299966 3.648530868377843 -0.43440166177672235 -1.1210865014892804 11
-0.3610776076487373 0.41712134418335944 4.278150308432579 -2.988150361203466 11
2.6874323203683543 -1.9285303343926719 4.255088327393897 2.4072738197671177 11
-0.08771829642065054 0.8919927688129052 2.9181405566204806 1.1935423510019754 11
-4.360200520042478 0.8413326737697348 1.5185949318605885 -0.20805899830925978 11
-0.5969128590948755 2.766244759963573 -4.38177278769235 -1.322945230123577 11
-1.6627967721416435 3.5359983767263623 -0.07135378655797397 2.070820899810939 12
0.7007149375608194 -2.8439081853528143 -0.28234491528501715 -0.3833557551951149 12
2.5913631044295387 1.0082805934044052 -3.2610353314895715 -4.402001395768689 12
-4.0148165513362235 -0.71825687998981 2.324504344292966 -1.6204244573008946 12
1.6116195290888664 3.7674160017977325 4.359451051741596 -2.517891964567596 12
-4.496381775977783 4.290832341279537 -1.451627770664883 0.2150652209951852 12
-1.1107771672880298 4.264051845224903 2.2940231135447946 -0.32527994489733925 12
0.9424449087664774 2.9596122718262365 -3.376597111994913 -1.6874875935715545 12
0.6724035423729205 1.1526857847661536 0.04067252730895177 1.564641072151809 12
-1.9298134647387546 0.7815000659047465 2.4313496068088294 -3.3269779714108116 12
2.2501958733239396 3.224824527861381 -4.293763818098564 0.1717408999079052 13
2.2957396962091217 1.782515236025727 2.7898983959617465 -4.386566096731113 13
3.2803148704913982 -1.5958710284692819 1.5522286018836056 1.6812740399129265 13
1.5370991170882853 -0.44213457227985753 -0.45677921772026187 3.733098180677408 13
-1.061075231716345 -0.8026978507003296 1.2992497628129365 -4.452841461136807 13
-0.8866837487741346 -1.6435444863755078 -0.14014399037061975 3.2338602548784 13
1.097274311282713 -0.6277745626086209 2.973596130336055 1.3423877740123011 13
4.26421870134527 1.6002080229088 1.563285815087685 0.7064962181028047 13
-2.712871004156002 -0.6596909158677049 -2.0329220234983305 0.5447699148245291 13
-1.409883842030193 2.678749235627099 1.5455680633567828 -1.3281333280523206 13
3.419984597070886 3.6345776024373473 3.2024553052853495 -2.7446626259216345 14
1.46447831137736 -2.06812564173218 2.225887292987309 -1.893575284318103 14
-2.2286996864586923 3.194081484276621 2.464193585197638 -0.650364035975314 14
0.24943181677871984 2.7194497560413824 2.769285682009885 -1.3181862359880865 14
0.6523966547244568 2.0982827275876 -2.57676086133377 2.405560575795899 14
0.17110464717650242 2.437955194516992 -1.72222247132414 2.0992056095378473 14
0.6197219163424399 -0.3086110926721721 2.2002583776995888 -2.5074296918261902 14
-1.415799828420464 -3.886115864249663 -2.572990768614164 -2.7094686891563997 14
-1.0986823860471013 -3.7833653007157286 -3.217334960107398 -1.106256607133993 14
4.345354023574005 -2.8654843380231263 -4.2603490377754065 -3.5017166786918343 14
