150 10
-4.4066326150287 0.016871329338648766 0.4835462583640573 2.9233972830012482 0
-0.03804036179268522 -3.2955342393665106 -4.245911519005205 2.6776903882788043 0
-3.221000230909153 -2.5329719193652958 -2.704601653625258 1.6725686347658963 0
-0.7334263754059278 -2.267089484277968 2.926707808772128 -1.6653322735647131 0
-3.7434631395118494 -1.3905122395463991 -0.9022733686542282 4.370300081609672 0
-2.999012881209107 3.4070317697939316 -2.2179177843594085 2.2980539157625213 0
4.058676284640448 -4.1512646175091215 -0.8454638192553622 -1.662930576325909 0
1.791966522588849 0.6548383401246832 2.4346432989648847 -0.4512548088301247 0
3.582064064026346 1.5020907562767296 1.8907736949525855 -2.500196045388873 0
0.43054004741833407 1.8218468166124973 2.914532211095351 1.9509670603899432 0
-1.0217054734680115 1.749948099880124 -0.006828095812817847 2.623959090415629 1
2.923834180504933 -0.3089837216946073 3.7773478487400896 2.5865002914024275 1
3.9647196857399045 2.73365793011086 -1.8194684948347528 1.9560155860783144 1
4.350233234018993 -2.973273681746096 1.0355111799930086 3.071907201138952 1
0.1897624031381756 4.009656752786166 -0.858888247153926 -0.41974785089771793 1
1.3458641684442858 3.2474873090312704 -3.65611873949758 -2.532207101058011 1
4.237614108812027 -2.8301248175898537 0.26408241982632275 0.25979694440138623 1
-2.3119589221793237 3.3606075879101227 1.9176880475148628 -1.9224672620157433 1
3.656495492311569 2.3245018811698395 -3.4553535199810765 -2.8147354605115447 1
-1.3778824160203227 -0.3281875741434821 -0.5965280233915002 -2.8301186458289322 1
0.9948396676331646 -0.033464540959316946 -3.3888080857292855 2.02522887743254 2
-0.19823387815487792 -0.5800008171028881 3.691509800519335 -3.951792076742352 2
3.3336746678387796 -2.813772176447206 -4.123580183138594 -1.928574739589961 2
1.6890668387340764 1.831762564212493 0.7167920514720328 3.944352718034768 2
3.826800695439967 -4.144906640931596 0.7351671631408025 1.6198538264396887 2
1.3240504219060023 1.2424858624564645 1.3498086951584742 4.009541300469062 2
-0.3447210377637271 -4.022465179631463 3.2103781191630327 -1.250928668466531 2
-4.152861691538775 -2.974217272129108 2.89955546863038 -2.1490480651558443 2
2.6509309828068544 -3.0365455809592725 4.374321092424126 -0.901860122252643 2
-3.2513517019840332 -1.3237474209058628 0.4900519178273639 1.330027885856489 2
-0.1395139036247811 1.7796274661139981 -1.6739920588704515 3.3316773954538332 3
2.7104078852611737 -2.099030606352528 4.408130212998638 0.6255765190902961 3
3.6852858833242523 -4.294197450272908 -2.4950618691078024 -1.9277763746380727 3
-1.1238951375380348 -2.703300042165978 2.863105081754214 0.549227019426535 3
-1.4147529375473071 -0.5029893446035817 0.38153244717110524 -3.153955487137575 3
-0.016743506743866043 -0.7708830768034053 2.1622037031978785 -3.091360452965863 3
-2.571696334035563 -2.550242585458241 -2.819269879619387 0.7750286873467563 3
-2.4092358547815125 2.061770585637713 1.0723262351913148 -2.7919362468898727 3
-0.7567319968668703 0.7550836021241956 3.9163588438775294 1.873073627908623 3
-0.05097055380563953 -0.6295786720993214 2.715448431957005 2.5267976061390414 3
2.1128923533255266 0.5059483812328399 0.20974822748610056 1.1859472969040215 4
-1.7763242250599411 4.237183753321104 -4.331341419974595 0.7471197592288165 4
-2.4764164908902626 -3.2510775874079454 0.9876158368864344 1.5101624094169033 4
1.0343922782599686 -0.07263954643728388 -2.6674197207051575 -1.6128586925264272 4
-2.8516253971210155 -3.516205363517703 4.261342136996951 -2.0357195830639583 4
0.3561797243108148 -1.8963064660658058 1.799831781671318 -2.1122528899795565 4
-3.57251353338489 -0.08458606643115896 0.6542771025469103 3.3492804649504206 4
1.1888251625920963 -4.158277047657466 2.8537439406640566 -4.2369286192509215 4
0.000971283975833015 -3.748109130634992 -0.6807505259839897 -0.9575088396401477 4
2.621864112699383 2.322324224304942 3.602930683925003 -4.1777460516784775 4
-2.139541012773433 -3.592272680593005 -0.4068547868320602 4.33202474201648 5
3.754734355443901 0.15714217591947388 -4.172353692657635 1.5367902911435252 5
-3.2981429166890974 -3.4871119736097906 2.1124467680811714 -3.556017015859746 5
3.074770335726694 0.4146726287737924 -2.1490468163549026 -0.2238966918531855 5
-2.150850751672248 0.6824296603787752 -2.690144323220871 3.8941470350500094 5
-1.6753265389986987 2.624608667760674 1.9462016712036596 -3.590178327983966 5
-0.06218353437337065 4.186423651140419 3.364663611515371 -1.906159579477303 5
0.1828075004743801 3.6271943594754252 -0.8566238158076842 1.0768805143547113 5
-2.251758954579148 0.19338572865546388 -0.047276413762186276 0.3200931970181229 5
0.05171115051003827 2.817643326554376 3.968432032763892 -1.0164613540946097 5
-3.8412520089225293 3.025863006702709 0.19214655792157054 -2.761068270945022 6
2.7381207184094674 -0.8431085623224068 -4.197045835806625 0.18658239353544515 6
-4.171938765100496 2.405286962573183 -3.60050929515675 1.5957332846617338 6
1.6103481212754174 3.7703599943167583 -2.4067851768788526 0.0726024440861035 6
0.5416706007185134 4.209470637531652 2.8392061170009546 1.749983906938927 6
-1.7245408403188514 -1.4499903049618297 -0.6542700892068246 1.63635293684123 6
2.0779363030227005 1.8123291534088062 -1.610342301458429 3.6858673492511858 6
2.028140296796267 3.545484696601971 -1.7094646091848378 1.0397606335443281 6
1.949841786541261 1.6393749315426247 -0.4993971432817993 -4.03204438579159 6
3.088051578469007 1.3060709864565547 -0.8495083181289274 0.8046057880531651 6
-1.775710006841173 2.95903082024617 -0.2393379177711099 3.9354106873623054 7
-2.2975240709128575 1.8340262369323281 -3.3467466401453434 2.262286214949266 7
0.3229941675927346 -1.0727143312633831 1.1054289158794064 -1.2999345245485858 7
-2.8924385835703283 3.472484439897503 0.4768152742903017 -3.3316329184227382 7
-3.7778985586369185 2.7322978236796343 0.8383472825923027 -3.2619743261505527 7
1.651233167041898 -0.34190602831796246 0.8062002320397392 2.985376445387299 7
1.4764437849725836 -1.9560036393390006 -0.8250046423609627 -3.9832967231439538 7
3.254172974428512 -2.893683996965371 -2.484215099627564 0.6081563322852784 7
0.7173970343455166 -0.3272905577822792 1.0307240816296501 4.034619613174738 7
1.5589964404741163 -0.2148799102987594 3.578821692738644 -1.8791059055213442 7
4.072600381582537 3.1793186737458683 -3.4724129797317103 2.886369779690117 8
3.5865639537402414 -4.2698780700087795 0.21313565401893642 4.188796094880398 8
-3.092193880394091 -0.2079166484373558 -3.872105209691097 -1.3313110644064936 8
2.112496569119984 -1.29321470407538 2.1879567637107047 0.5647877318198044 8
0.5800826940973305 -4.090774516624326 2.846924997451487 2.21343616079292 8
1.2639717503966978 1.6308574272704752 -1.289855688507468 -1.0638643960388792 8
-0.9392627240056662 -3.269942906955976 -2.452091906882768 2.774498737911753 8
-0.7518802305637617 2.146165507407522 -0.5840504378462306 3.119185648582677 8
0.7587687218121143 3.450899034764722 4.0333653321918455 -1.424758308425257 8
0.708746501885286 -2.8982658573726914 -1.1920907547452901 -0.19669220376893193 8
0.8257652376087797 -4.0151003069127285 2.2391532984541915 -4.348409323130777 9
2.1907181958944055 -2.6906610466915106 -0.6361109999677712 2.7240833083266427 9
3.6420780822484833 -0.2378890778295527 -3.167190915920368 2.3079125883258733 9
-0.5251213425516558 -3.2752826810487035 -1.3617364113831925 -4.112280211794368 9
2.769260377957176 3.7532588173352757 2.0204187457419724 3.218743424431506 9
1.751296428513318 1.5079001303305577 4.293602995858087 -3.1320370324735314 9
1.8595598837380072 2.203322411317139 0.8236064737368775 -2.0489459059991573 9
1.9313564313705958 -3.213337283322749 3.4541101923674646 -3.677289858019195 9
1.4972215307126362 3.6932165388457623 -2.86973435017196 -3.795161804876108 9
-4.208175370237258 -2.836670626525363 -1.8317336563764612 4.077010557302671 9
2.361168759495426 -4.123199252261181 -1.195574249899504 0.5490514935637145 10
-1.9891217427281584 3.221643724052296 -0.9337958537023452 4.325383521288669 10
-1.178640031787801 3.5909268781771835 1.9380482819113594 3.075333566524076 10
-1.8981195187275222 -1.0770886715338897 -3.3527886931354787 3.931387067823951 10
-3.515639465816929 2.8316215007064116 -2.0293084174994487 1.6883833800276085 10
3.90136897970063 -2.8520352967430673 -1.8238546442064674 1.3428637098080571 10
-1.6992128983855783 1.5723363894614377 -4.177368695038049 -0.9878997085880226 10
-3.788090620413323 -4.205484051289741 4.060413918705381 -3.2156831777737827 10
-1.5608194307705199 -1.0204902511495528 -1.178180448714806 3.8870473144125146 10
0.44070610589612114 0.47638055198899987 -4.424339020672818 3.0470427509173996 10
-1.52885543661258 -0.6691400890222258 3.0418093785855733 2.5323560308756123 11
-2.233288268632676 -2.676283809250379 3.4424900605364224 -1.0814282396773836 11
2.497729617593188 -3.243664353881805 -1.8244936134033058 0.22892360512633037 11
-0.4391666463161418 -3.397296382101774 -1.8563804003870228 -2.2789438534911977 11
2.8465731136027888 3.091409358989365 -3.9444541031426015 -1.31960977942456 11
-3.4670244838344813 1.9888353823794098 -3.0879049296517174 2.3391179762879495 11
3.8098393378632434 -1.0257216106257738 1.605129079150792 3.2589076655188043 11
2.494015251940074 3.814971341494536 -0.19558608297158775 -2.310531282533576 11
-4.45543731187651 -2.0467456763626912 2.3422759055491578 -2.7856484204360075 11
-4.171327895418544 -2.7072742061071646 -1.0541613968279928 1.1050243267645636 11
-4.399129383015916 -4.059904199945114 1.2132708286584986 -0.1635787415836074 12
1.3440834586773338 -1.9014881890880346 1.2281252741699618 -2.6024730491087116 12
3.09969210246353 -1.5003281855478114 -0.1710621517701586 -1.664456247362557 12
3.791762954105048 -3.3175197266357497 -2.9714660878029457 -3.8709210898438497 12
0.44104489440384587 -1.8500894876446579 -2.67578040985423 -0.8372020841209309 12
2.7553788165522546 -1.4609105650683845 1.4805158083940415 -2.118149970064678 12
-3.4107353941029297 -0.39962217257827237 3.4158347230290005 -3.8775356709984736 12
-2.2510650019785055 2.207097940935544 2.7292670561649075 -0.2810062513406385 12
2.1232804228867797 -4.408156290006438 -1.64399912770436 -3.234377527994316 12
-4.473072274023723 3.762057759450758 0.8675276746373954 0.6311624252452928 12
-1.5941244525714093 -1.8325885896414205 1.6869085774012993 3.189640603233635 13
-2.0616647387973965 -2.28848450070506 -0.35067593697167443 4.0391981944141975 13
2.478323798080413 -2.130853680489436 4.368495114539263 -3.4306539279046886 13
1.9708840254988353 1.5595989840350972 0.4192506845025684 0.8919305380484717 13
0.45480415352918446 1.6449572356741098 -4.365627025556914 -3.1729877402671467 13
-2.933703674099759 -0.3193373732994197 2.186051490507993 -1.1435594489756336 13
-0.054369801649831184 -4.253298585911002 2.824379089245423 4.435999330387018 13
-2.535854955831632 3.900679378041472 0.7793802327625612 -4.313066326503406 13
1.4277985867433767 4.307962412199523 -3.1052674036200334 1.4747972888030365 13
-1.176173623248244 2.361513416416592 2.427582360790936 -4.416494795714123 13
0.8969864382895655 0.9188315363615982 1.2200223986749226 0.3228633181934668 14
-3.480231230080974 -2.500192933350407 -3.3194515061386216 -3.7366292601104454 14
-3.8496372872856837 0.04772524691323177 4.080840529100445 4.133058779639686 14
-1.3941074365044277 -2.7295150799352004 -1.6314607825462863 -0.9536562133960182 14
-1.1277254977968336 0.237660505073797 -3.500173012749971 -2.2607982167180487 14
1.8974423985365947 0.8097420057790649 -1.5905296712458203 1.719472679116647 14
1.2518189363096726 0.9338572000465117 -0.6393479471293944 1.12342423302759 14
-1.1378258644340855 -1.5700112259038952 1.3785654672479228 0.27625583057560654 14
0.5502788131159119 2.2469714875443647 0.3554212818390792 -4.499446319220424 14
3.7727174493964695 2.9490224904334315 1.2119117908559582 1.7178138920120705 14
