500 100
-2.8775728001090775 -4.324722826611379 -3.2874689620061934 -2.782993838443767 0
-0.33103326151489854 2.0244053627293304 -0.8844528870892725 -0.888117348794256 0
-0.7181675587104531 -0.1311561164899584 -4.0603981782284455 4.4852531341118125 0
-4.384972668684522 -0.11365553412115548 3.0773259838465425 2.5076867311605175 0
3.976259871090295 3.1571558043910084 1.818276027004416 -0.9330673397362014 0
2.069680231987367 -3.5213753531792253 1.511095285948724 3.0599011522570847 0
3.5451375325657306 3.2143882236554666 1.9670605442070253 3.450391629466784 0
-3.014220441642956 1.1910061244114647 2.5019724243313637 2.0870377509806937 0
-4.315647484878906 -3.449364580979854 3.7028232097410174 2.651423132718072 0
-1.6526941954871366 -3.0787892399255674 -1.5098948460407953 0.04696006312261802 0
2.330816293444548 2.8644782207772916 -3.6533565545902773 -0.7283425864876704 0
-1.3983795813670432 -1.6308108282380975 1.2601214901835704 -2.5504986868302333 0
-3.4950489120480563 -3.7444217101014865 0.6912740535293445 -1.5005906098036041 0
1.9145334211995861 0.8958905663188996 -2.410568740695469 -1.2618079324178124 0
-3.9989368837342942 -0.18182446506512673 0.8483757752952953 -0.32021175482835806 0
-0.8849116743241302 3.13181097792277 -0.4937732003363643 2.4770905120410456 0
1.960642614058909 0.918576461239421 1.280973533579147 0.765054671431014 0
0.47145439354947527 4.041921579719737 -3.4686556152309613 -4.321515730441722 0
4.380059973226217 -1.45751355315425 -1.1451923785401013 -3.4095650346349213 0
-2.3411278885277396 2.6679217858915156 1.3797364322458372 3.202667147717145 0
-3.926822123028101 -1.2184592130356302 2.136335958868922 -0.5035605925779962 0
-3.8697947763794778 -1.62569063654181 3.0301095788414507 1.9348343120114504 0
-3.866556644037388 -1.8876269957821916 0.1914261166077863 0.9470711549577089 0
2.610910110904105 3.6486028872006466 -2.864845363889666 -4.319892550067791 0
2.6335924657193357 0.5563683913039055 3.7747246287155067 4.20138293545125 0
1.0441654656538626 -1.246648120171184 0.08056547021415383 0.7129220608925229 0
-2.9806443127309246 -0.5738315970135517 2.606561283053613 -3.6062530915767437 0
2.0954280271335852 -3.934011385253696 1.988866559513692 2.6545779435371184 0
-4.313403190069458 2.4349325977351715 -2.3610749335404524 0.5773212523052557 0
-1.800431915125011 1.8104784753916516 2.7390108722737905 4.028600103742881 0
2.1120094881405156 3.896141644686113 -0.7834568954129862 -3.127979618765959 0
-0.8970441037037242 -1.2740586448665938 2.0516650480402663 1.0272197225968605 0
2.75910111834949 2.380419868900243 -0.06484724484587134 -0.9787776463414153 0
1.3735326592402555 2.7986991655956057 -4.247752881507919 3.7841851828714317 0
1.279933728669496 4.116996475433596 -1.0637954183362524 -4.094616187781194 0
-1.4951302069401686 2.144273605638057 -3.569203869101794 0.8101147791525661 0
4.048499751634631 -1.49072261254884 -4.17994116801912 2.3764200934829702 0
1.0046879706133294 -1.208968491805622 2.182710622465477 -4.456258743192372 0
-0.34613737751429585 -3.824982062021559 1.298573526420113 -1.7425185489252824 0
-4.325909739315817 2.336845207969562 -1.8829424235758205 3.2061312314918564 0
-0.4251675195720216 1.105506068876906 -3.856568209636463 -0.7468826696569094 0
2.1595636601810524 -0.7320291283634326 4.093007420963939 -3.720407147185145 0
-1.1914413743911505 -2.978740704683229 0.9667718683856877 -2.1793595551143863 0
2.6448516597132636 2.997336677259847 -2.432745417268479 -1.4635272311843317 0
2.107916885748177 3.3776512202131457 1.9134957521057983 -0.7309736169129377 0
1.3325079777823212 1.764595572935915 1.9332619879782813 3.772472023371621 0
-2.7628372776006214 2.4086901144537727 3.7155488049389964 0.32250269821316135 0
-1.4932539512789484 -0.5583671454349955 -2.1933438844377857 1.1847870815110555 0
-1.630167842172824 0.6146070203453966 -3.66847580369729 -1.419277322560927 0
1.4282311628977962 0.6800268694971107 -1.7730788861792655 4.0790626944315385 0
-1.636315254116571 -2.5379696225653205 0.5415100847527282 -0.9716484485436062 0
3.1044467778495815 -1.7805178099115033 -1.9572021850295935 0.2634337642336839 0
-0.5560139621039064 -3.6772687176691483 0.27586598170178755 3.2308213587460566 0
-1.7911874714315952 -3.728746745879519 -0.01001238831594864 4.275205087727335 0
-1.406580237357261 1.8837091599429217 -4.039081393965616 0.9661545663317782 0
4.265714301887332 1.1270235606418826 -0.6811359546167245 -1.763773115576335 0
-2.0762681383931003 1.41037925569796 -0.11267412065009086 4.475639669194728 0
1.1429803727217962 2.930870061650252 -0.9192688206469519 3.9613167962736737 0
0.3032458370671808 3.700094983206542 0.28963200401028066 -0.9719414346781707 0
-0.7604669769764375 -1.9255979745432927 -3.8490367898084896 -3.701361051401049 0
0.1710696742889305 3.8020521444378295 3.285014495255513 -3.298803190532314 0
2.0152013635765265 -0.05478298979844698 -1.9010183354831716 -1.1717166377913357 0
-0.022532825265638157 1.3384997845623041 -3.8662732939838644 -2.6577127219321266 0
-0.47005955670859834 0.45575523857131983 -2.4754115828506036 -0.6561867360646833 0
4.240576832678952 3.891723470447737 -3.266171834763012 0.9891478455543974 0
3.0661688734978036 -3.356565649997406 -0.29171969920097596 1.7330263036401643 0
0.5086899528456967 -1.202155100626642 -2.6880833747800086 -2.320751582026081 0
3.706159358483766 -1.6768876220698106 -0.38246900765280223 -0.9067458901462457 0
3.8768933021334244 -2.354885088840257 -1.576022796994535 -3.2452600777452125 0
-0.7164830263891359 4.139663826064336 -0.01579875590692903 -1.1502758106072961 0
0.8593802141674882 3.8893375950229956 -1.0884623775056657 2.659480856118499 0
0.34965262696568145 -2.447668204251685 -4.0239747957041 -2.778249253906669 0
1.9166662820973128 0.19416142256222801 4.10933296810573 -1.3787012667849643 0
0.049258517576139305 -3.271639380700106 -3.93757086000548 -2.4292063276203226 0
-3.195724842859406 3.8664460291522005 -3.8287333276010407 4.284341988789279 0
4.104524376434584 4.19337807029385 -1.7412020627838558 -3.0035581823303668 0
-1.2798968283376428 -4.08716815328268 -3.586479546375048 2.903729215044778 0
0.48534545539427343 2.126785246038642 0.533007996395928 3.6037825649747415 0
1.3324182585533721 -4.023604357967365 -1.0040300274784244 -0.7011049902433593 0
-2.404054506336402 1.8529583276277992 0.20681445458391667 1.1627490560845186 0
-4.004236511047926 3.1184727943262285 0.1554343512602322 -2.2441448267762554 0
4.401730454214203 -2.26980321765118 0.5145854516233546 4.009295638572439 0
-4.012962259723075 4.317239774871049 0.5235871363876836 -0.5623131166753046 0
2.4049465615275674 -0.4122197988560732 -3.847565113675725 4.362515909704181 0
-0.19569023790446816 3.739527036887939 -4.307829973190799 -4.4357538702938015 0
-1.2975292812365824 -4.021381540989039 -1.4901397120323663 3.8021710221422076 0
1.0257329630102734 -1.6870971664691674 -1.3945381633422913 3.706081745803151 0
1.6340313869840601 4.031550267769385 3.3106737181064707 -1.3525044888421944 0
-1.2547810944291382 -2.2770166255166187 0.5495950519340465 -1.1136414422566907 0
-4.023433187023974 2.984939455774306 3.3304584085696076 1.7128761617811206 0
-3.7945817305590612 4.069579322648181 1.6869181320766313 0.9840669228491978 0
1.855328650449604 3.7037956209217486 1.1248813622784373 1.8313950251665143 0
2.829967838235455 -2.7835054843240257 3.343618492462807 -1.8529931212226614 0
-2.9168686644663824 4.1524899458136675 -3.0138722806344074 -1.5027153805535192 0
-1.8806582177700448 2.6155217337570735 2.5541983709426774 3.2080652879673393 0
-2.9628886695465146 -1.808187927372132 -0.8341805814448965 0.47485797909463634 0
1.5614112934817599 -2.2642228598116887 2.6851884848382683 2.3945803439671876 0
2.266804522465689 3.413304567471589 2.474348160317096 0.22517585848907717 0
-1.616647952797365 -1.8116291127069748 1.4374195169495148 -3.3119319307085995 0
-4.250406053174805 -0.6960602281828423 0.22525018784539808 -4.360075873449667 0
-3.910980755608246 0.6719034942054852 -0.3984509326674457 -3.554401458274981 1
1.6914262218429377 0.6147524783511669 3.435150330522384 3.041636958115579 1
0.9335389265348569 0.8968509382156553 0.8437601138396618 3.835863437931059 1
3.6238268611712234 0.2792646532254549 -3.3457797184661064 1.7516240814063924 1
3.2525341867200996 -1.332255654864055 -0.7641493675975627 1.8836006528051965 1
-3.234367032718674 -2.5031061806799384 2.4316609760591703 3.898099438655125 1
2.6395385602305153 -2.432846485505824 4.044865268680634 0.3741281320806308 1
2.4528397267651103 3.625531492866781 3.7394389487298003 -0.670507571053821 1
0.3994847215069376 -3.2109960513262106 2.0061751414819353 0.2685579013766807 1
1.1114694311155657 -1.0845253045211818 3.263001801849699 -3.106966770716846 1
3.6760314857448537 -2.487253675933865 2.33123271162513 3.1427405738631524 1
-2.391403392558684 -0.15875013975868946 1.987471780676676 -3.028920418600742 1
-0.058010738840442166 -2.8101085711310483 1.2865628458640805 2.9524356030586465 1
-1.1309798846712997 1.5135392004094106 -2.9284706763580868 4.280448114486159 1
-0.26531955706317834 -3.962522450434993 -1.7001498183842605 -2.980180192815209 1
-0.7622323594843384 -0.7577139971080404 1.2232981825943097 -4.2812653302610535 1
-0.4715570058446431 -4.28544176392027 0.9040094009472407 -0.6402954222636031 1
-2.0340684737302577 4.053701390242454 4.0613664706483705 -1.8682873562237974 1
3.4470609146171656 3.9663809313334766 -0.13302923128125055 -4.307192031713643 1
2.330010932604636 -0.5940714367141486 -0.5855069379696786 1.2387554404080319 1
3.9375376593548834 -1.794050331313922 -2.9260654419608096 -1.427585889525783 1
0.8389427363021054 0.78690801417491 2.142712566704782 -0.7273937917017986 1
-0.5332141474564682 -2.2466860719179005 -2.2729106547261586 -3.169618391340409 1
-1.525661020204238 1.2862734465301138 -4.339858735992767 2.4582833560927733 1
-1.9438057171732042 -1.384238574400677 -0.3612251959321928 -1.8952895325869081 1
-1.3130763085698256 -1.5767471664791848 -3.709800582033159 1.9442323362600187 1
2.95677155916611 0.41206801559756734 3.318047793484841 -1.538771812273778 1
-4.334670950131147 2.1742076749752335 -0.6313066617576586 4.114253757032842 1
0.019528047321060504 2.510039084414097 -1.9681594022327373 -1.0112220526365157 1
-0.04892728061646545 -1.7024602231248707 -0.7960473463284847 0.8868035395908976 1
3.0535956954169468 -2.939894795928105 -1.0237101269684428 3.8546063755969646 1
-1.9955108720756911 -0.14266905698059185 2.523221660628577 -1.9877150852715082 1
3.2388406737065147 -3.463091803314345 -3.7491766272717197 3.57515661587378 1
-1.451803766615822 0.2901616119607213 2.267111091030625 -1.2727874956889256 1
1.6051460301710045 -3.553253376847783 1.4818128500211034 -2.8950985315622613 1
2.2975526945155056 0.5122898599045386 -1.376351184754959 1.8913035331400707 1
0.15429959333242904 -1.0721658449503684 0.453005405665841 1.093174924217736 1
-1.668175918826805 3.5145415870999592 0.43846060268638054 -0.6786323885384534 1
4.443988224499578 -2.92306621720464 -0.21040632968555817 1.7097946883964972 1
-2.596489396774886 1.503306847541758 4.3854211105448595 -2.4742258827932764 1
2.381066086020187 2.90669225335904 3.9446529050345616 -1.6961544880982626 1
-1.777990155982875 -2.61809724925934 0.1736876782303992 -1.823856979737187 1
-3.8468768025382403 -1.1130095976348793 4.18142681167538 1.7107270317473366 1
0.5623626220754918 3.3529621412770503 -1.6044173281285352 2.9143932255107994 1
-4.2026002465547245 -3.693102174000793 0.8223244695037216 0.41892490726556453 1
1.378306123777035 1.5418895294440222 -0.525898351824394 -0.570384998799503 1
-3.382816572269655 -3.632708667665489 2.478083573950583 -2.59277228226773 1
-4.248213182996286 1.338606670362474 -3.212725223397143 1.4452773287466982 1
-1.9812889665561677 -2.331063433148756 -1.5558872426927177 -2.4354548563665617 1
1.4809409350144747 -3.4109957991070115 -2.6406667135947104 -3.7395103295515417 1
0.3277192989442672 -3.6816764250177756 -0.8168507385885869 1.5029591598285847 1
-3.908255321020798 1.5167985569445577 2.833111509193872 -1.6326684729396583 1
2.624530308926447 -0.33815008753620435 -3.9817915162455604 -2.516226989689384 1
-0.8806854758466872 1.8139391867586028 -3.3743063363473684 -0.8665621996840984 1
-3.8156275986595145 -1.995454123354314 -4.2193612979906465 2.2440508421916263 1
3.6474066786452317 4.040602262160144 0.6079026700167034 2.4831208091937853 1
-4.154435169762402 -4.47242289729951 3.723436717383606 3.4935994091050575 1
2.4109571004793207 -0.4330955142200591 -1.8563168320435157 -3.421513051385513 1
2.3618741054973955 1.286847536332813 -1.160266999977163 3.2694017523461767 1
-0.4683024879574754 1.889828689796114 3.397930350212994 1.059328543282195 1
0.9407451534710388 -4.358555477332297 -1.3102896449134327 0.745357124282197 1
-0.30491534613020066 3.438041845211023 -2.2959478960934305 -3.487149940401597 1
2.5225599977675017 1.3943530855250095 -4.294680628775762 -4.20971069604971 1
1.0942085107775508 2.8495112299216383 3.7402332185780844 0.6434337525308687 1
-1.8779178640825855 -0.9530537237138889 -0.9618191757824999 2.820660660504096 1
1.1759063918144803 2.888602039072422 0.727278413143673 -3.252655147383705 1
-1.6075019051294448 -2.9836969783567038 1.7903686712765252 -0.555579053236473 1
-2.049693486140515 -0.5492128169507525 1.0850060326610755 4.163000347271738 1
-3.6138331992024337 1.1550195914293515 -4.04328374447524 3.9353833266247826 1
3.568320246848784 -1.420219690237317 -2.8613687252224587 -3.571771075817358 1
4.107410474723277 -0.7233470358195345 -1.5550943482431023 2.693820680219058 1
0.32169414469224555 4.290577956353263 -1.7034483350304563 -4.04517217385378 1
1.8903014400250768 0.049583477877406135 2.210667436410092 1.1512544185635132 1
2.291022149611173 -0.24023405188665925 2.206576801440412 2.291148690006389 1
1.9941658332070968 -2.4988583000942493 3.9730680256504263 -1.548248835258088 1
-3.8079400551013682 0.8924150342945623 3.0477902338748244 -0.4383082403094045 1
0.21315635445090697 -0.35382478031084996 -0.10952912936257198 -4.143300535533846 1
-3.442703138497116 3.9108956675202204 3.469502241519045 1.2266345551204623 1
-3.494354010799519 4.207184598020335 -0.9977050137126564 -3.8623124113620753 1
-1.6369280337906331 -1.9635303840467462 -2.199090557483345 -1.3090543605802325 1
3.9599029949150877 4.145343022319024 1.2427352194529888 2.7613546283413077 1
1.8059526339705303 4.097115368409354 -1.1539483568740285 -1.8101531592989006 1
-2.92519735108945 3.2097749457223235 -4.049221717727446 3.2955972708898176 1
1.0637887207253134 -1.839966760380666 -2.5500068113043306 2.807054940384121 1
0.8678934980015577 -3.5163770195230217 1.8099366806777089 -1.3905614903225785 1
2.6279082072684994 1.2768959183122621 -2.4854928346430243 -3.36213816084652 1
-3.536633103585908 -2.5230709429309037 -2.6955580955742833 2.4836495903193057 1
-1.8743278879523781 -0.2365609321737422 4.224978730774232 1.386351703601886 1
-2.424364637266398 -1.8219625307720206 -2.2540599605688403 2.552659363647018 1
0.463345260574369 -3.1771293403864718 1.0153944818987495 2.982924474479306 1
2.279874081988407 -0.44488476584903125 0.26801691001005234 1.875239476478147 1
-0.836085818718162 0.6613180572990218 -2.820341236888466 -2.8063882205044113 1
-3.080840687186651 3.5237354812505437 -3.74463475631897 3.3319442674592255 1
-3.4635658841528016 0.4240673726304005 0.09040693102005659 -3.3278805223135746 1
4.184506910472179 -3.247278787199131 3.622619137675893 -0.12367377912291144 1
1.7892928008859195 4.27676048463352 -2.9565481931862707 -3.9189597761629247 1
4.462454645588848 -1.3703650951591722 -3.7582588415669433 0.5295309078085162 1
1.131870049486157 3.981383660723348 -1.1726110490429216 3.048212146076163 1
1.120841078593723 3.3553777110167555 2.4829298179485244 0.4898343800437053 1
1.7781797331273506 -4.1678940742385375 -1.2477795878330504 2.277266048073227 1
-1.3902497882945548 3.544445264661265 2.8095897043423235 -0.1949768596114072 2
-0.2807949542255038 -0.5942706433457919 1.5722968193731368 2.8177790774222053 2
-1.755718541197977 -3.0623716156669625 -1.0578650557396847 0.4453061063312602 2
1.5198594317279843 -0.9419312958690458 -2.5825687328410805 -0.51216413081247 2
3.4389527781472995 -4.1112885625098 -2.0249218335193007 -3.3603475718795854 2
3.3691439738224997 -3.668676088715474 2.7918920869125707 1.1283839515110026 2
2.91166311905536 -0.3777744127266789 1.2126219096166984 3.596928871503527 2
2.1615744575932707 -0.44200952089361345 2.7906537680177825 -0.8177576983168375 2
-3.07317790290167 4.0337069521986395 -1.9475262539053095 0.2641943852130758 2
1.2823020912571756 -2.5666473256411555 3.3849136946855896 4.124575157087344 2
0.8686282658276204 -2.613334355045939 4.16613410101041 -0.8313427231125791 2
-0.8825676206027723 0.857024855708922 0.6266476800866152 -3.4124965196371937 2
0.9924122209616073 -3.528561157738235 -0.5054923953172707 2.4893496063149176 2
-2.7668978053286315 -0.375768370385977 -3.0164343004635055 -3.3115653969154497 2
0.1454175581910334 3.2151984923812784 -1.4730593078340144 -2.8544845083418053 2
0.690587774976908 2.8036659188511814 -2.9563896654205184 -3.678800359722088 2
-1.1726351771472951 -2.810468752223203 -1.0290820042257205 -3.103935382865502 2
-1.9827765280109277 -4.27522912249066 3.777924714581135 -4.308178708646983 2
-1.222820651926603 1.2195034068665995 -4.241183456623323 -2.158509120364172 2
3.0777496684471277 -2.386859880404212 3.34323220024085 3.211329742448709 2
1.8519003949579314 2.271955908669067 -2.104609183540395 -4.014264497477835 2
1.7209707993997547 4.170407633442581 2.1777591743490077 -2.1118959664114403 2
0.7189449520578515 -0.5079955405595428 3.7230323270789345 -0.8717360689281415 2
0.3311889526341224 -4.457143465896091 -0.19743789067273065 -2.85449252564295 2
-4.439495276255147 -0.057593204731289926 2.7819313766864293 3.738786546799156 2
-1.1106629898310496 -3.28517005484562 2.9730239393202913 2.406667882864933 2
-1.311413203411718 1.2730919283623798 -0.9836697244654792 -3.8250096466135854 2
0.20506746641927032 -0.932339188126983 -4.288312108767217 0.35048316024782533 2
2.430398483164087 -4.019814126439205 2.7076141684761725 -2.9716230357217763 2
3.4752633803158623 1.6121912802182985 -1.0082508088171367 -0.6735256793840799 2
-0.7246167045448851 1.7255849077332954 1.4474810620593208 -3.8396192758156418 2
3.9531862471293966 1.3935492411390538 -4.035603265985058 -2.924248809443605 2
1.515092835114097 1.8188744335960496 0.34360783010080953 -0.6328912645737452 2
3.7411372484757033 3.5039318517923 4.204657266862813 0.20970420650178978 2
-1.9857337307532905 -4.298143981821343 3.506974117626234 -2.822922144948669 2
-1.9996635321883405 -1.2237598342930562 -4.3113594315100325 3.139329062655316 2
-2.2729099540398607 -0.3842698911000034 -0.4352705442838388 -3.6128193876761068 2
3.9418892784447443 -2.795814863307918 0.6451860098447689 0.6301614131938885 2
-1.066502207472797 2.99737533307945 -2.0760114494267627 3.4553637883052364 2
-3.3204373032490486 -1.3285999997794133 2.955122758075602 -0.39808068877384095 2
0.4580347052834979 2.4242666159897768 -2.372889071431122 -1.8444729311528465 2
3.256581784596502 -2.1961789416783617 3.614768560037248 -0.8586347081461615 2
4.071152242047433 -0.5863296008004598 0.7714799271533345 -3.0706654682500574 2
-3.3212638520927844 -3.0691918030858685 0.8578421142664933 4.308268550470521 2
-0.5636922670639424 2.8065229736782853 3.565040825198915 -0.9505836030757652 2
-3.879141529138895 -2.542451975139949 -2.195509439453887 0.7110369584861501 2
2.7156541165788806 2.9102877623806753 0.5698149015767594 2.3352203853310187 2
-2.699773447739471 -3.993947065454876 -3.7638083190905167 1.9061761259693515 2
1.386299133654593 2.6454809246361095 4.397384888873358 -2.9450923081452443 2
-4.052084375786227 0.20348589271627704 -0.743409609592304 -0.11005760389496222 2
-3.223557489545447 0.9077686147868376 3.3534669770101067 -3.234994113764452 2
-3.4880258410929152 -3.313936107062612 -4.323142872325883 -1.5051501765728867 2
0.3649529208705452 4.022958956017151 3.394742406891342 -2.327988698204562 2
-4.242551324508099 -3.60539667525541 -3.0230264796330033 1.946947493949179 2
-2.6823648207517596 2.8322376315012674 -4.177987446666443 1.7607552847279295 2
-2.337430080922266 -2.0518018549145074 -0.2855063504493063 -0.567405477658342 2
-0.6356884649369452 3.2112684347255454 2.8523435318390713 -1.045256146563921 2
-1.9775887062008013 -0.2545179931210667 -0.11826358618097055 -2.078951202564186 2
-0.22531321662565307 -0.0037194165871523577 2.9035761895435708 2.7200613982300377 2
-0.4872878296681247 2.7458160430094614 2.3236819338056987 -4.068991508235952 2
-2.700935570519851 0.03955205784277349 -0.5207594255168503 -0.03732503531662035 2
-3.320768172216608 3.342077880780925 0.12617392861912624 4.230156992596013 2
-0.6753706319272326 4.482330987751201 -2.9938837121287607 1.2083390246211678 2
1.4695189818241272 -2.663307641105316 2.3021346135606295 -0.9700110075219887 2
3.8235875051710706 -1.8576431230968087 -2.140742889557197 -3.8946591220462876 2
1.2456037823692054 2.386701368252745 2.2029739341194747 -1.5428079915344175 2
-3.570357034869247 -2.8428419375544998 -0.6288383280584587 -1.7825771316088197 2
-0.6598921016091692 -1.2728358491397198 -1.47979285012401 4.089652552449894 2
-1.6570454045044243 -2.0681568005792723 1.4664734240075563 3.404358493954329 2
-1.2549233718191137 4.334179396931279 -0.5814469435265099 2.66768735493487 2
-0.37393201746382265 -0.3791269281853791 3.1964946889729755 -3.0270608967545183 2
-2.245446725965362 -2.792887725320235 4.093843527849355 -3.520768924675598 2
-2.183078624793993 3.4708336969584845 0.6970506176063932 -0.949517224185764 2
3.4761726957661576 -2.9632656580520456 1.954914511902277 -1.7513510641491385 2
-0.930418966178368 0.7239208475397717 1.2315733752813602 1.7748410071494205 2
0.48139665270570653 -2.687271129092033 -3.879982567972834 0.881571179919612 2
-3.9444374223566205 2.669697754927373 0.2932928692436976 -1.2157704135346288 2
-3.3315073763510896 -0.9224461406656499 -3.1665241021914676 -3.4848438473781425 2
2.360596602294636 1.6677133468023926 2.1104875341246006 -0.3453991301911177 2
-0.8248647032933989 2.693745485888516 3.495155685994506 -1.9406092890023867 2
4.4392966613785845 -0.18041370528837697 2.769378411710697 -3.0427709854971896 2
3.464702076370214 0.1880186656981797 -2.0100176499701647 -3.7913260504814406 2
-1.0055609323711752 4.40573220997446 3.0559636855714745 3.3884231420080977 2
2.447939962012774 -3.2809871237115384 -0.553270781680266 -1.4206731371762793 2
0.36991600863948026 -1.0871538888844163 2.965097456081112 -0.4362242456621289 2
-0.04044217392499716 2.301161494783875 -2.906030661641115 0.5597467406441937 2
-1.4628614241586821 0.9098299400210075 0.4790188103907206 2.299603778310202 2
-2.3559107649555235 -0.5114850295800359 2.1794163409393947 4.484653946956273 2
3.502846266596446 2.132036594158464 -2.4583903411272248 4.066194659987389 2
-1.233920987573675 -1.9959669160387912 -1.729499780239084 2.0095943339583657 2
0.9269395154727141 -0.22485330117715185 -0.053045135495276785 -0.21997329060222093 2
4.387910462650392 -1.8352724789170884 -4.118951165995918 -1.9112715614425215 2
3.7872566210259504 -2.3891941056364083 0.7258325116052426 -3.2513777667022525 2
2.712222970064373 3.2884571430698153 -0.9682644011773569 -1.6519776572771225 2
-2.799792111144727 -0.5054802456771108 0.2082456767146057 -2.7055881068881007 2
1.8989786592979072 -0.7918913936029051 1.8164246557629744 -1.2827618922148571 2
-3.533055994055516 2.407962843448959 -4.004640772325992 4.263301926439604 2
-0.12034304650466054 -2.8395356532207066 2.3764650459620276 2.217296960367378 2
-4.038239045089828 0.186127901013173 3.0093320502257677 -3.185089070733799 2
-1.8692344518244506 2.8196452456495655 -3.219651551773377 -4.092347754632193 2
-3.0821051142644924 -4.352493805248676 -2.1971894395752583 2.1678118439905973 3
3.669060371951986 -0.740474698042416 -3.189823915282628 4.0885706321181665 3
3.1829394420058836 0.6326522888889313 -0.2163468164278246 3.029544967473673 3
3.428007434837462 3.9450831643152577 0.7160568246761729 0.4001566377731327 3
-3.7409409890795793 -1.9886007132085404 -1.0164896343721637 1.457510582670296 3
-2.85161568499804 4.109585341299739 -0.773665040497279 2.9028110591193723 3
1.752579207237677 3.831075618880463 -2.07512362943942 -3.681246333378221 3
4.367324335630052 2.626044108681323 0.6030742275855276 -3.0295764887587167 3
3.3674375531866176 3.967187061175183 -2.8519494013733393 4.484456878312127 3
0.9842398849950426 2.8770924080615297 2.4034299228942 -1.560717264211358 3
4.270450550178476 -0.2567476805894867 -0.7648379036810492 0.09334528424424415 3
-2.5494723346302997 1.4885771683441 -1.9519253081806467 -1.858262384566383 3
-4.001199199625406 -1.7152889519557277 -2.444076902079981 -2.5395834931353276 3
-1.1092365721705693 2.744132316553289 -2.9479601615839415 3.2973511849669985 3
-4.284355957246054 -1.6044240196199353 2.3408413062492412 4.348672138463993 3
-1.7400426649324183 1.4629476653201163 1.1203596673778766 -2.930692962069989 3
3.3778686228040526 -0.17573147728576288 -0.015194843799652968 3.661191056268759 3
3.095666836859835 -0.7005281363029233 1.0222589874262955 2.85601766057115 3
0.02158395297356297 -1.6101222542305749 -2.3022144419270325 -3.22758061809838 3
-2.7348808222605627 3.5145341746359007 4.197941982572632 -0.06739740841178488 3
0.9212192754682014 -2.086006382801848 3.4704202250532776 0.575532594344112 3
0.3485604213292808 -0.8563480744417088 -1.64328797715327 1.8380727796597875 3
-4.168400839624314 1.7708148673245327 -0.3126046025374887 -3.139698795503196 3
3.311243945854506 0.978611580570148 2.5229567286567463 4.467380418018033 3
-3.170697025858816 -0.724578464064304 3.1239822240172597 1.5406471614083164 3
-2.6675179976150676 -2.967049467756514 2.5499104376042023 2.6740077232392 3
-1.851543593641627 3.5636538001451474 -4.478770189545801 3.675075530352733 3
3.087104963716842 2.6427042046339957 -4.22746048605896 -3.8875135882422764 3
3.852625373653978 -3.5292806100209573 1.2565700166243476 -3.2354765408858133 3
-2.529111276598174 -4.10952299766278 2.331368508502578 4.378691672193113 3
-4.4626517904418765 1.2708629379226766 2.0350424770091555 -3.2892956095665733 3
-0.8232922135644316 0.5898852708173891 -1.9867945794645698 2.595457232251113 3
3.319036115817024 -1.9204316613575179 0.9567455254148555 -0.09805792793875134 3
-2.2985805969909063 2.891783746018966 -2.022613959072581 -3.0069757301137554 3
-4.2765333695352625 3.8338099728795063 -1.5410307607209988 -1.1728747524275165 3
-1.3769828787177354 -4.199200077258908 -1.7818291481879736 2.5561600045625186 3
-2.5481780212645275 -3.772042561599319 -2.714434353859797 -2.1114159199514466 3
3.103018870966587 -4.0001579813946115 0.1304023813131946 -0.49812456079727574 3
-4.019127514459645 1.0347512657018347 -0.4656198933393715 -4.118147387040823 3
-2.6102484496725284 -1.4889289735835942 -0.32146539961427933 2.7785220799175816 3
2.57687408244407 -0.6713185028498097 3.6382212409778982 2.5703535454530186 3
2.0644249081854444 -1.9635456261417832 -1.366238363105381 1.2719052044792727 3
-3.3202476632372138 -3.887752411013892 -1.1805169644950895 -0.31083001822803 3
3.0458069495334263 -3.4011139677330093 4.061514805587862 0.10239300095279458 3
-3.7931599119348216 -3.086487124098123 1.5208847595949688 -0.3291077018332619 3
0.19372768418628739 1.6953430618878276 1.180460337870653 0.5906824404657053 3
-0.05313759678737551 1.0874215218775316 -4.231068537754224 -2.3147854056275934 3
-0.025207132517024222 2.1993212586043254 1.9071965230308638 0.18095794621933092 3
0.9318148034584643 -2.916697097387041 2.6444473092200522 -3.0339473028551445 3
-1.4761618390429492 4.4396285213056 -4.020014853694816 1.5228303144926572 3
-0.4620292038569338 1.5972444134164836 0.8525046341457125 1.0604486295964302 3
-2.948129586320162 1.5823415755357664 2.6491685689039426 -2.3229246925523257 3
1.78198240071031 -3.058308854969999 3.9086893821702047 3.4739584126672605 3
3.972309866547822 -0.9512801942862991 3.6343285139984673 2.5212483258076728 3
-1.3848146093006615 1.6014169357176657 -2.115493022013416 3.1941904427259495 3
3.781994171425958 3.0441020687669464 4.037005388623351 4.104885136330692 3
0.5583514885678378 -4.0109658926413525 3.511771094950408 2.4410513822064797 3
-0.12718749197484036 1.0869413061293232 -2.519895596962571 -3.079666656697212 3
3.029554061208992 -2.6805035080733393 0.3870272687364382 3.5742061306331783 3
-0.3085900527098797 1.2701621140102326 0.1942965665971489 0.21453279673434167 3
1.6938658060548035 -4.0828529810633905 1.8642524958786675 -3.404221512168432 3
3.3832353675948683 -3.477173596447373 -0.45231745382312527 -1.4441634046999514 3
3.1870042505606158 3.2738274265875247 -2.100616538898819 -2.435511823330889 3
1.0138047052286887 0.36954187384898585 2.807346246663136 4.236912280784023 3
-1.3535303643677643 -1.0020408060885277 2.3500106761467494 4.063016821361527 3
3.794068650466182 1.4200433188438093 0.17910012695853994 -1.3760868191640976 3
-0.31650597771993516 -1.2713883736080978 4.089204687818951 -2.033511464014723 3
4.456139991091639 3.9220020375884452 -3.726125609374192 0.703985470815772 3
3.816359486474331 3.830866273568623 3.60020177895817 -0.2946321456847466 3
-1.2892353531480016 3.0050310035459455 -0.9466964374753727 1.1433237468665363 3
1.6953519470043044 3.716404266275607 -0.8163138079865752 0.7537174516943382 3
2.1200926232559767 2.997525471415119 -1.5703969060614198 -3.2711544980325846 3
2.701948998004914 0.7074873456480744 0.8129623685885105 2.0883729983401813 3
1.768925074578568 -3.8194886567349102 2.088710499520203 0.7795441763279145 3
-1.0382411806425569 2.742340058624092 -3.794208616257371 1.8383062613843257 3
-3.6635574542323974 -1.5291951758350086 -2.3848105018610877 -4.191059678897945 3
1.1366266182705087 -0.44871935818177244 -0.39113683884361583 2.5468718719527343 3
-3.848929548773941 -2.9605082063706205 -1.1089053133585096 -0.8141651363430029 3
1.494477511479179 0.4324409567034907 1.838105402676084 0.15115174752584404 3
0.7963671314319383 3.661189367648955 0.2250122955151862 3.9066695792528927 3
3.8964001292661354 -1.854426079066144 -1.3625330990459283 1.0998224523908484 3
3.46444853936072 0.21008431332736166 -3.135189518695044 2.4602248378404714 3
1.2863038532098936 -3.590308630682797 -1.2159706084406174 1.976882168689811 3
-0.8863158545287179 4.038653615709477 0.900512922501403 3.681305880513019 3
3.9529264370980757 -0.7623456188283319 -3.5271374928042905 -3.6873039526264657 3
-2.2843342572387977 4.139469730236676 3.9852776881468874 0.06924863041910934 3
0.013788923878089832 4.028708080227703 2.6435898744693658 -0.2490979964823914 3
-4.182569045462447 0.8476088493555556 -4.049541656289521 2.3831152493760506 3
-1.9628703386084099 -4.46479460049878 -1.3174205013548792 -0.12812491271594306 3
-0.10486934108503898 4.034557631359796 1.1453394972219322 1.2424541021899547 3
-0.37150448557301774 -2.5781256662727383 2.4270544976134505 0.878848006801402 3
1.7914075507900504 3.3815323674562547 -2.578900478364937 2.1193518055118035 3
2.337705825491684 -2.248729380965463 -3.437506312534541 3.3217502409978956 3
2.5041501785795637 2.4993673700109804 4.318648208789503 2.7170257435112126 3
-0.35705536579894015 2.2943848597980327 -0.5275951156929853 -1.0332857042171342 3
-4.170899356969621 -2.6502566851880243 3.5066939469809224 -4.314862670006005 3
-1.0128077562553583 3.844046906402471 3.582438588490601 -2.0246478746813303 3
1.7625498455636053 1.5173333982343542 -1.1655655199895913 -1.8259931504575968 3
2.908498675790059 2.00052363281528 -0.9386575435968154 2.0074326659204598 3
-3.9358492804367002 3.529741737250409 4.466518281142205 -0.8428574043375242 3
2.3619095224819575 -2.5599715098272426 -2.4515456571556262 -1.890051277905979 4
0.8532467915325426 -0.43310759408671506 0.8621842564331108 1.7821282195729156 4
-4.238682360483304 2.719111591615818 1.629279271028725 0.8758898746855 4
-1.4023204452431934 1.1482485228491037 1.8427317864630823 1.319778393538904 4
2.8862201899093325 3.875674119374819 3.321631522346725 1.384067815037056 4
0.23898579311968382 -0.4640651956504904 4.347263257406477 1.2932380400682462 4
-4.412267206321738 -3.4825614073977027 2.313209797678331 -3.977991292236695 4
2.036365829520146 -2.853161757558757 2.6846649866927095 2.409895328005638 4
0.24370632186604246 -3.002975344090137 -0.5813282990923537 -3.0719002860425926 4
2.642316487837872 -2.607440308153384 -3.3873432215639037 -1.915136370522526 4
2.4369408975803046 -0.4991606273954683 1.9723788890968552 -0.05588711697656845 4
2.2428054662970496 -1.2686214316813151 0.32940581995735674 3.5827643047441353 4
4.184577900159374 0.024201082379801453 2.6011829608688157 0.60642519796049 4
-0.8446561561614035 -0.7662626200870013 -4.406294039617858 -3.9226888784344944 4
-1.762105575067167 1.548245020070848 0.868212559459177 -2.833635733928839 4
-2.935822474486841 -3.1132013088442156 0.7417052958144279 0.6843843931689697 4
4.17328785978559 -2.6109631798207222 1.7781381097311768 2.9308855889870453 4
2.7947575449775353 -3.7532409333173065 -0.6261309981561269 -1.5679818973552593 4
0.8503287362909757 -3.550724834407842 4.288629104338265 -0.7363046611945728 4
-1.255889608674973 -1.4908531316631335 -1.101696233094387 0.1862100161089001 4
1.0163728460525623 -4.463700856939337 1.6892098414371994 -3.7247002585672515 4
-2.0084256113319103 2.352549586209139 -1.1367928972161003 -3.605839670029034 4
2.329606164325358 2.607105571148116 2.0804968034190345 3.5958476759002145 4
0.6917966646321398 2.288288431142424 3.8531851288369046 0.81209349183565 4
-0.5867139869575618 -1.6621143168391468 -0.8912668625867683 3.1027483116482855 4
2.805552665828816 -0.9275229244664532 -1.6383649578673565 -2.4450174291545492 4
-3.307323401232365 4.096951165312032 -2.5328046415996637 -3.8842597837879316 4
-3.3428615112383357 2.4017130602460424 -3.230449214422506 3.5590555558914705 4
-2.621213993136977 3.225664339279905 -0.5471126873267332 -4.165510176634649 4
1.1172215164355022 3.994837674435575 -0.9730216472815427 -1.8963628213369474 4
0.9314300454279123 3.079374745358323 -4.285162670806617 -3.7023021017143933 4
-0.037837227949184205 3.5117983551815746 2.758649901028474 -0.5678813059091291 4
-0.8206863666825969 3.85506261041301 3.5366020156800064 -3.226241569401264 4
1.3170699603959264 3.783897941683195 -1.3472331361720662 3.970334022268384 4
-4.1140127988047634 -1.2155325307173492 0.6872676571965438 3.6387473334587837 4
3.615246475467088 -2.0895837505805264 3.29858288771417 0.6814569859768149 4
0.3921955886595915 -0.7244419108218475 1.7305726435645425 4.004731426533974 4
-4.41002005036857 -4.128101191353191 -2.270686726496672 2.8799181238539244 4
-0.08772151494603175 -1.0949587514300736 3.295141470207565 -3.914822370320796 4
3.4891890831902725 -1.554958701049077 -1.4675689937819412 0.024777758101098946 4
-3.079965120777085 -3.4222378506813937 2.295554022666035 -0.6395991481794454 4
-0.7992324450436057 4.363231008534473 -0.08396426678106195 -4.34985383943282 4
3.5771113485305612 0.3171824998787216 -3.0374556810746216 -1.2599430721655058 4
0.17545978129800988 1.089361027019268 -0.23164309729957056 4.236630427069191 4
2.188244257941058 -3.995394212173081 -1.7366931968850903 2.1196129766653833 4
3.9433090466236944 3.3757085971652545 -4.345021153779868 0.4492449912901776 4
-0.29755795931801454 -1.461737034032774 2.698679612327964 -1.4770923270879357 4
0.27397998779582866 0.03469369032124803 -2.420488009338578 -2.4570981879502147 4
-1.6415046629090473 -3.3768267060600072 -0.02562323267583 0.9048335375696087 4
2.0290940929690535 3.509964018876965 3.8594596544263617 -1.7043279896858852 4
1.3500199739335974 -1.8870503937290257 1.1255931846327663 -3.1946413956581736 4
-0.5691520955552399 -2.810049847644674 -1.1196662971663194 -2.7910816717012707 4
3.9335779892242884 -2.2444973146700424 2.418139138907556 -1.0203882691876798 4
-1.325362753476893 1.3313496067707957 1.6316525429358428 0.5611926371660919 4
2.1303477104935062 -0.43929290982937363 -0.7425579780100061 1.8309473870322712 4
-3.2615971203835112 -0.8104999329811226 -2.511342953620138 3.1171503071753786 4
2.848900549664017 -1.9827608742339131 2.514295769166914 -1.3119588648314047 4
-0.823396501394858 -2.0395379673230476 0.24595129413833006 2.6511443261795664 4
-1.1751266362492088 -1.479911469805704 2.8049717190180377 3.224752827030909 4
-0.19433498203127864 2.962054408875339 3.122264701557801 2.870956538413516 4
2.8483367104028683 -2.9463471560883017 1.664939596253332 -2.7022741599968714 4
-2.3668020143276145 -1.404855007234202 4.471928191947401 -3.5419459240361433 4
1.6235528228976315 2.1208363890960102 -2.4423334000737764 -1.405160180397198 4
2.1209959094674318 -2.554729689315393 -4.43397750374674 -2.1395380615872694 4
-2.4923400771919026 4.387990485785975 3.937051496055439 -1.9551167846960924 4
0.7923767867553378 2.3566577483703317 1.498359913692335 3.301289231961611 4
-2.6632019685216406 1.0704218396316831 -3.5966336568490176 1.6166674437879585 4
-1.8546599202195897 -0.13340452642476763 2.01273613290049 3.7683865738040114 4
-0.5066857465130924 3.2332342125838083 -3.5662057546798884 1.4082029346892693 4
-1.2615938260163213 2.14953917258965 0.7667100799824556 1.7230667665551433 4
-1.724419702118103 0.9484337794813582 0.5526659179045029 3.95894764691561 4
3.206194409551191 -2.400081163183933 3.395849398171155 -1.0345761708128727 4
-0.7393795666241705 4.292586816442889 -0.9050653701253344 -2.59490907365566 4
2.9435542166248903 3.4505970803180843 3.607596287600742 -1.8639420824819526 4
0.9105930227526194 -1.1365744830144986 4.347422391425275 -4.421767331675989 4
-3.2208103813286386 3.2885547896529417 4.42763461537535 -1.7974586266448265 4
-3.46674000902542 3.900103382439644 -2.4315284095212246 -3.913988861921663 4
3.8629279301526416 4.0451658721492905 2.5920016043418026 -0.572126770582157 4
2.515716144716022 1.4551922248220615 0.7431878808330068 -0.8387502471377145 4
-1.004153274614998 2.986811900520184 3.3450311344671366 1.1173211507086132 4
0.727649867731025 0.10731383126880178 2.8778561971528744 -1.4505477639399174 4
-3.2840755601257885 -3.4285233192193902 2.5873615003713093 -3.445465237457512 4
1.5701102679773076 -3.2504889108514012 4.09100380500447 -3.8729573389541123 4
1.8196076319794035 -0.5853022346164394 0.8150637114676241 -2.2560534552620073 4
-3.3437717172536603 0.5511922967129427 -1.8213788714214272 0.11202075605184458 4
2.6155662844546734 4.408661359282558 -4.1425192434592955 -1.3861301905264338 4
-2.268229819372147 -0.9759883163239574 -2.1841439771815403 2.589113682459272 4
-0.13951626861867283 -0.11722957546152024 2.925752790374722 0.41975131891018913 4
-2.3780198720337387 -1.5317573370320967 1.3902836639041403 -0.6558391449703279 4
-3.6964327222528506 0.6501215115742982 -3.1014188700142085 3.0859233226825107 4
4.46832590091717 -3.3815641829576824 -0.9923085489743774 -0.7638929281061729 4
1.982761055761538 0.2480484392074881 4.274566242038658 4.356544544833206 4
-1.5495391132816108 -1.5043774712818425 -1.5188316232414913 3.0372341745309166 4
4.376325468164115 -3.523539947955634 2.6363499414423672 -1.58460324783647 4
0.7977414228462801 0.3336773818691976 0.6678430854824952 3.9551212131884093 4
3.993008878128692 -2.6692145376045806 -0.784575719993346 -0.5906961382656396 4
-4.233361895094898 3.476083977072709 -0.21236705688878765 3.6016097361570365 4
-1.574753768347382 -0.815817106231619 -3.4134865126038187 -3.1546156852494223 4
-3.421249362613813 -2.4643564717309476 0.7638571934216825 4.451309124693363 4
-2.4662886564203945 1.6349274624271506 1.7502051951169317 -0.24909479215053953 4
