500 100
0.45718112317117954 1.8733304035629434 -1.969329376513983 -1.4811978867549014 0
-1.881857349783501 0.09744844677896713 -1.6420110992661139 0.5895956699522623 0
3.536522589128892 3.5666378004009425 1.3989061831410181 3.1033316017345367 0
-3.369732205825474 -2.634814096756319 -1.0809148926408914 3.941955319233621 0
-4.036795170292531 -0.5327114071442718 -1.0703967293657874 -0.6898926997661539 0
-4.2311141020928975 -0.3885009804476003 -0.7716452184920677 2.3819548600027503 0
1.3422964285328467 -1.9936144561682223 2.140118220405635 -0.6988906416743229 0
1.5862941178211813 0.8177653567471574 -1.416240724304324 -3.757854602089419 0
-4.284163058605512 0.5296867919179379 -2.215766032552322 -3.820268204400671 0
-2.1667279778328115 -0.7640892269093732 -1.5066401541127428 -2.795477573686765 0
-1.9482742640581314 1.738241264816967 1.3122586059209005 2.2164095143766622 0
-0.5359165409633446 -3.088190353725331 -0.1033871806822666 -0.1571568140088625 0
0.4018411622866026 2.5228328806023033 -1.3989657676701266 4.13217091615185 0
-1.7427282086143823 -2.5023790446103673 4.440300832062025 1.2807735477520104 0
-1.0082586819991612 3.927452848743874 3.115888371954541 -1.1191508431709107 0
4.283958802256405 1.551453083215323 0.7905150446904943 -1.1758029268813335 0
3.6255069768455828 3.1117578416386134 4.041318230243916 0.9697208517041681 0
-1.0980536280399977 -3.6700469201544816 3.5470081295021862 1.0621225357694812 0
1.3806981227118256 0.5205668614960584 -3.7370742536730197 -1.7252091078869998 0
-1.245917132436797 -2.474509456441513 0.8380128401402104 3.740470553651151 0
-0.8413207526137624 -0.27953776170747846 1.4107397852675216 -1.311096686933553 0
-2.0768797957404486 -1.8738650319711065 1.420786026921676 1.193417567590191 0
-0.3808224060931985 3.244805216522338 4.248520721303221 0.9659420616472161 0
0.7762761402103927 -1.9486092381101119 -4.427334673270955 4.383883469186362 0
-1.9982024403875882 -0.408401320302479 -3.1884838606306474 -1.2505191922582635 0
-2.651306898555112 -2.6875916006123415 4.181883727771468 1.5511804257023085 0
0.12631553835697718 -3.714935680972758 1.641607313927194 -0.594631401505907 0
-0.1477302088357213 -1.2404140885094996 -0.8937176286605478 -1.7712404339402488 0
1.86917959634104 2.220716007918041 2.351236697366991 -1.2225418515831072 0
1.719836296701879 1.7026237237942272 -3.3834990447181292 -2.6718109238794026 0
-1.1375988826596455 1.5132132426174079 -3.2048426667705705 3.578961057452116 0
-1.441362024388639 0.6551448288198753 -2.088666694289549 -2.419238051396499 0
-1.5677355774161297 -0.4936945566282116 1.3956973241982715 -1.7929962988096915 0
-3.9462396225305465 -2.3159212003409566 2.7344807473150374 1.6817599481776 0
4.244423455562108 -2.424742160804334 0.8052162656444876 -0.21232506640095883 0
1.723297598525972 1.354291723923656 -1.1118038296704922 -0.5312198288331712 0
2.015452254937339 -0.22420250429011823 1.8630215145461473 -3.968855242303783 0
0.8699739714167654 -3.897275184604563 -2.4164558944155328 1.796352131400357 0
-3.8469407595998995 -2.709215763326295 1.8796462533380671 0.6502896930803939 0
-3.1332510269231304 -3.599060898766998 -2.1465441269598284 -2.470652705767162 0
-3.3363552185203122 0.47949958626888145 0.30095550884182587 -2.1270154244627903 0
-2.809666575685096 4.068911187280874 2.155034785648127 2.4092561497049543 0
1.6345060092668398 0.3691770602379407 1.9743067340281244 1.1621871859774098 0
1.8646254072710793 -2.1250199614273795 3.5402829423314692 0.4735471169220604 0
3.84053115828355 3.052737520199736 -1.9615379167413192 -2.360118649062397 0
2.036875485852335 -0.17784039523130968 -3.599195451553083 1.059781746403743 0
3.078928672889821 2.2027709108192335 2.386792835933609 0.9923535485279388 0
1.4429331575965127 3.7257774030534403 -3.3083376311391106 1.8103839085770417 0
1.202990074088173 -1.2065347363265155 2.1524122361885745 -1.1799239096656384 0
0.47560115835400996 -2.732574809698768 0.425930800871118 -3.8061000432020156 0
-2.771349332457572 2.0310266153953878 0.8872294932411912 -4.332195655079682 0
2.56443033088018 4.248885273153892 -1.3667088389390902 2.781063281020542 0
3.1587427533735153 0.39234893936240467 1.1589966079257183 -1.1259900985761648 0
-3.6918821742924166 -0.10014079845498469 3.7242126648971436 1.1444381900393652 0
3.8514271280591306 2.588563795531287 3.8670761844658705 -0.0963661304444039 0
-0.13415196551320674 -0.4024857466720231 1.3882462817610142 1.285027739140241 0
-2.538128084315818 -2.905079572783588 -4.033791984750026 -3.242581227660476 0
-3.8373869770257816 3.531538688283833 -3.3819282394935057 -2.626142153283205 0
1.2615895520915301 -3.210009142758108 4.386801944716925 1.5459519926647192 0
-0.7728577225541343 -4.058019680419138 1.9893023102855407 3.7916032937318875 0
-2.615639854298727 2.076373117161345 -2.864419252810597 2.2796307627508727 0
1.3601049339743945 -0.18919532360720048 0.21054481980196793 -1.0876259670804815 0
-2.0269754505392465 1.3700081255956627 2.2139319315283537 2.6898658306987007 0
4.108045601856424 -0.5803149944232647 0.8612619616719287 1.6770320183253413 0
-3.868807454210968 -3.9804166095932922 3.162719187141546 -1.246353884983035 0
-3.7541608308219834 4.13736468527899 3.0224113801651664 -0.20450157984653639 0
0.3668475256784446 3.037161894027502 3.7317499898688022 1.9583023344491854 0
-2.969698101865788 -2.1568943454397633 1.033216620912922 4.31681145538592 0
1.7277976068555847 3.560132953277852 0.09902177999692607 -2.566563243039033 0
-1.433803639858564 -3.9179412180874507 0.24885624570066223 -1.1360675408280905 0
3.277077024695794 -1.8821479875347158 4.223993155929515 -2.8968705738552756 0
2.169741657596063 -3.077697107686554 1.1065721164900384 0.5351411721737976 0
1.7546709162678829 3.0727765712803334 -3.3879651912467352 1.768826326820144 0
2.0443687087203837 -1.2680322762285774 0.7180026190921517 -0.5859624405119533 0
2.040207763411781 -3.244795882357857 4.075595773761823 -3.5189067087802686 0
-1.6756279629010016 -0.7237551898534992 1.1775594781495518 -1.8754597172552088 0
3.394908350498854 -3.116338122859713 -0.02655424915452531 -1.189396099288877 0
3.42112311224384 2.690678872987235 1.6762131852956093 3.521224467669823 0
4.244618673701826 -1.1906731502688563 -3.7899121807228315 -0.19089720454603631 0
-2.655542079829988 -2.334867116988609 2.1130073438103727 -1.8994031378966698 0
2.950765212792788 4.1870533373452385 -1.4744803762027132 4.000756774256925 0
1.7892899854238111 -0.15752662403553086 -3.5056755109497364 0.782417099815941 0
-1.9165521178698044 3.003190959088437 1.8088859919010432 1.4664910503739348 0
3.349615575594833 -3.6708156737946753 -3.9068966055411476 4.127918571367595 0
-2.55645476082201 2.9858498141207983 -4.29238919985069 -4.21131336644313 0
3.1347350737154644 -1.668123011124024 0.5000855291077174 -3.8226689535308047 0
-1.9863486283782932 -0.62266480183386 -1.6106587228146667 2.630560312743744 0
0.35501850238200106 -3.639898664940478 0.538699054423335 0.7255418890194488 0
3.0322092484225363 0.3126138331618885 3.755242206613505 -3.557572215551724 0
2.4747103353683126 -2.4224736098130584 4.396039498751078 1.2743542311528313 0
4.187640159957292 2.2592457658654137 1.6897743633693176 -4.356402305230018 0
-1.412155220472347 4.036748822639592 3.3404594579701694 -0.9517780284692446 0
1.8046060106964554 3.0650497693761327 -0.9178440734831745 1.2263072879068773 0
-4.09052424729718 -3.9992261305348062 -0.9234160822576738 3.9612113224771095 0
2.1846354619466593 -1.7578221034644717 3.7501244854473788 -1.1432227317418262 0
0.15105929258920747 -3.0936381869585383 -2.4655150242421353 -0.8403208079784297 0
4.301571686912863 0.02475942906977524 4.435150298283296 -1.7559352574645115 0
2.9610097062725282 -3.8336598334800325 -0.03765551924989097 -2.7135216761818994 0
-0.1897609300394566 -3.939484676348017 -0.15462673500653223 4.072819388444594 0
3.458172879789635 -0.48770839158337076 -0.8848528018866212 -4.384421176215776 0
-3.883050735643469 -3.8115334591563865 1.053194609598576 2.5598811023563757 1
0.34913392202853 -3.819902359452923 -1.3845483510009235 -3.5761938456496187 1
-2.846049137888015 -0.5727862425013742 -1.2489563443710652 2.5927941259131275 1
-0.01995452083388305 0.7498072371758167 -0.27422145076874804 -4.318699877519959 1
1.084614132644166 -1.1446965032159837 1.7874487907922383 -2.109420475176637 1
1.068629246825219 -3.084798074533774 0.4429655901154138 -0.6682377191040022 1
-2.0204237210967575 2.688464435366795 -2.7328801725336955 -0.9464054267559446 1
-3.1221962934613545 -2.490093244028369 -2.0931403037016474 0.3452600041055526 1
-2.313196382754404 -0.18443425659239776 -3.152208814609687 4.478846615161451 1
-4.493290301622919 -4.2271977552978015 2.960678263141417 2.0564531066933753 1
-0.34606663516975056 -3.0373138362013266 -2.241803721197972 4.078837522214887 1
1.6155162339595666 2.656841284589746 4.26090597597619 -3.44175335709833 1
0.7034702286393917 1.7528847945588515 -2.231925253184446 -3.305229897597625 1
-0.981377858395092 -4.083334173063465 -1.8536358462585794 2.621902643671723 1
-0.545206206333156 -1.1521771901150424 4.356420269976624 0.28200499051712247 1
0.8730291798029707 -3.292036472708702 -0.7055986421457662 2.1879542166011445 1
-2.450583929503477 2.833041748745518 3.263980340807853 0.09999842871648035 1
-2.1210702602380818 -0.8071181558355307 -0.09020658879809951 -0.8575099845159792 1
3.923749588462034 -2.0200278328123087 -0.5382026710960021 -0.5585442404085993 1
-3.1923903703179253 1.8181811639830707 -3.4582988052345285 3.910744214913262 1
0.6035989539714717 1.0043445199193726 0.18336455227933068 1.698406271134733 1
-4.121722341057837 -0.744597947184959 -0.4109031023277947 2.525037167671896 1
-4.461602092495565 -2.2811807802519946 -2.4917798195050613 3.1197425967949703 1
1.8545056522560572 -3.9461335567137024 4.127561606680589 -3.3259614237419806 1
-1.8477585125704812 4.393014775309603 -0.5638132012342653 -4.13162284369941 1
4.241000072042779 -0.16338250188265524 2.4811962643824677 0.20767227648868214 1
2.121240478754213 1.1939019676752505 -4.209593016225869 3.6560426875413663 1
-0.30876235700636945 3.213597893771877 3.8167443381866324 -1.9777898822345619 1
-2.9473357305043892 2.955887300196995 2.1626645630125543 -3.835482531305875 1
-4.1213742888751375 3.3025832263151864 1.3907168430762167 -1.6707333067419414 1
1.58396928721423 -0.48677301080218305 -4.279082883488952 -1.7593078426055957 1
1.5441322287084929 -0.356683464996823 0.33408383431806443 -4.189783924282722 1
2.520029001407267 -3.4790032452229442 3.411393736755981 -0.7419420507961564 1
0.07341685963744837 3.3434058594948564 0.10467381195970815 4.202550830208162 1
3.8477634823082023 -2.5169730160651858 3.8632883793933597 1.9685504047632216 1
-2.23262727700843 3.636112244480898 2.0359392669657232 3.038267500952772 1
-1.3903439515638438 -3.9881468335615597 1.2114722420867583 0.9620421865465234 1
1.9339800490082955 -0.7702302676197793 3.3226765990369818 -3.3584595079232225 1
2.1179176874562966 -0.2061752990096758 4.330671852434792 -2.2331387544275705 1
0.0050899899278872285 -0.7419428063226947 -2.39809356695053 1.1140295631566586 1
-1.8856359356836365 3.6063978064861586 0.5122819297289254 0.4164768039798571 1
1.5190882018659653 2.5994910900867043 3.3420088059026316 -4.448235439826672 1
3.561655779838056 -2.2482995184957595 -3.1318299970855987 -2.754353461825373 1
3.7783855257518018 3.263445785327023 0.4742468869180262 -1.253042754220742 1
0.05476735912487751 0.6111195672962759 1.3242772222617971 -0.7295461663021461 1
-3.4656098576689933 2.3590425650199176 -4.269736886194782 2.611622167533123 1
-2.940974935341087 0.3045243690531858 0.028306773980243283 -0.9686047988810871 1
-3.362064252941527 -3.8437461577605845 -1.975723437974506 3.312534867230672 1
0.9812469938450805 -0.07917183345887979 1.1308896052708692 -3.6093809578732503 1
1.5732894126534538 2.617687647488559 -0.9304631044373857 4.410144612138495 1
4.344187433810096 -3.743273870309868 -2.2226929791052625 -3.416227815281501 1
1.1809090119022239 0.6927740584330307 -3.8826707047417086 -3.878758201411094 1
1.355779591125327 0.3886150933294171 -4.151831490820086 -0.29336820281598586 1
0.5163064877718149 3.316991702764397 3.6531374142129573 4.027891479748567 1
-0.4318954526558225 0.31478020767325243 3.6545798329398145 -1.0590014067300166 1
1.7186733338873856 -3.6945450774440203 1.6803030170684279 -3.9597454367754596 1
-0.612672130014212 -3.580792013659605 2.4398240065489833 -2.0190849582798895 1
-3.2597109638007002 -4.4808699738068185 1.4113801645437891 -1.8991860989178826 1
-2.612642074545409 -2.550264638055892 -0.10664892699679296 -0.35430211759757024 1
0.14620033110998598 0.6318741464121884 0.9947428635258574 -1.56000174802589 1
2.9156506245292246 -0.11959930059158597 -2.8153970684971235 0.57615517271609 1
3.523091390296125 -0.9444528920235079 2.4350461375350245 -1.0469450497419188 1
2.201503023759982 0.4748153617564409 4.135626296283435 -0.5062347866607049 1
1.114425771950935 -2.0664720280501863 -1.0015441615095546 -1.0026460703731719 1
3.9383550714581013 2.426892438221081 4.159081376112631 -1.8431355040932624 1
-3.1896447383708404 0.3369093295011615 1.0930970063244294 0.26524773356007536 1
4.462076750000269 -4.058493007453816 4.3404633530988725 -4.094106645121087 1
-1.7746214587414788 2.1673203421694964 4.3232705641763385 -1.3450533087752135 1
-4.145746971126466 2.2200398189303243 2.740349741496701 -2.68541593729296 1
0.6607915198538492 2.085351080058599 1.919816819240824 -1.5112846497352903 1
0.4574933628896992 3.954631304710429 -2.7930996354161137 -2.9050661226078867 1
-1.3823846738975654 0.670225139426052 -2.9381775417463833 3.6963353522142244 1
-4.042980188979514 0.4808955073892116 -0.38380881477329665 -1.6640684329659488 1
-0.725463507168566 4.348456090111814 2.8179689729792337 0.3298562651096557 1
4.010465869533402 -3.2554852662770966 1.5475394579864223 -1.961198628454881 1
-4.1254592262213405 -3.4139243963798354 -2.7535645139731697 -3.216928789741611 1
-2.7652772905216176 2.035511948794971 -1.4477582147411083 -0.8185522065999775 1
0.3958015818485122 0.31432801081753314 1.2735385091507598 -1.0039668213430868 1
-0.31916718483716777 -4.439752034566354 -1.0520532165402088 -2.711236138901874 1
-0.9677527780998002 4.490445971337242 -0.9495372826497678 0.46668785449229133 1
2.8826208487075258 0.6557463984573493 -3.2686101488730155 2.3030460177820835 1
-2.7318333537424886 3.7842248205841846 3.746508855982666 0.6205548530988544 1
-0.6826747733598293 1.0739454577153449 -1.7169316699159785 4.240789279767758 1
-2.6720310893294226 -1.5474083057809944 -3.388047620150217 -2.7814311072494373 1
-1.3954188335886384 -0.9472331663823528 2.420200081312264 2.785228452398842 1
-4.299913020985306 1.4431234697567856 -1.1376216807492125 -3.646416013450824 1
-2.9700898380195824 0.9297023692795341 1.2484513204129795 -1.4088044317762618 1
1.0762231188132618 1.7811427178910921 3.171844499744389 -3.9199549439044197 1
-1.8726193255829755 -1.8717121209208847 0.3149483941521023 -2.9880378126426765 1
2.299765292125525 -1.005982242584091 4.0211756220696735 4.257783365261536 1
-3.1278306513773213 3.6473841115219288 0.775542355153478 1.7418503789830952 1
-4.382254710430366 3.4783596689020406 3.4190140782071063 3.6260294589330355 1
-1.869689016431226 -1.0635746389914662 -3.4406931768255555 -1.5100922318201815 1
4.305646371564501 -0.5699183270385403 2.6260671444845416 -2.0301639757379735 1
1.9429378086767968 -0.7885550976100102 -0.6777919591390319 4.347270155705714 1
3.721822309523782 1.9754144928930382 -0.2304658051478684 0.6786344447699155 1
-0.1737739040815094 -3.742005159142919 -2.4769563362363525 -3.174992570313334 1
-1.2272951895416102 -0.08453967887465996 3.648083456618047 2.4204100748322905 1
-1.9452223489375462 0.3117645847768352 -3.305605937172299 3.882674555649664 1
-2.613140386365079 -0.051033820123878804 3.563423685880615 -1.5433016871397305 1
0.2520467564139818 1.5602367654370441 3.421019483216636 -3.2932637817169095 2
2.208292605737953 2.0697636782301516 -2.264412049967885 3.4207338218737964 2
-0.6829568974030614 -0.39642902003794567 0.24028547948800572 -0.7944087291962353 2
3.3615639132281294 -1.2349086968642382 -1.7934578061954758 -2.544048011322669 2
2.1422954786187187 4.446605085210093 -2.903630321555318 -0.43785671584438235 2
3.823275451832658 0.44313181013185177 0.0021836395569660993 -3.7291196595850264 2
-1.7539975181282759 1.1008137226576515 2.1070003335598964 -3.6872823351927306 2
1.6587150140809337 0.24266029424664504 -3.2339622927454736 3.509944092964914 2
-1.426710322589899 -0.40116085794544687 -1.1261621308882925 -3.331794945676596 2
-3.7638833128633764 -1.8784601550096562 -0.9683680622906761 -2.969997343780874 2
-3.195929205132952 1.4983265773933596 -3.423793794825406 4.345219113134308 2
4.133107273844963 -3.0848878524094783 -3.734501024335767 2.1963754218046017 2
-4.245353353335355 2.1722145229464984 -0.4468892356841174 -2.430703807256757 2
-1.3125195920907011 0.05369648970889129 3.4197403784988625 0.19073752086190576 2
-3.9505673233931278 -2.9001154793569675 -4.077089291510021 -1.0568144364485055 2
1.7595566274673362 0.9468955765548511 1.0212317268225066 -0.6739610537599721 2
3.180701001770096 4.16630892184442 -1.8132683586592813 -1.5467842132069307 2
-1.2634641080528448 1.0822365599474648 -1.7749020506893713 -0.21909821278219777 2
-0.4709032900806893 0.050372664296405745 4.477088737563783 3.783744141854724 2
-0.9764841726926047 4.296548042537628 0.3528108039464256 3.495565534901064 2
1.1127403571257906 -3.22303115256605 -3.04321877667413 1.1698206145592973 2
1.7795559729300212 4.19180631601134 2.8304055152165217 -2.1368439974409865 2
3.5536444798772404 0.5220367503103454 0.5408412148537396 0.16206653832609208 2
-4.367566946262593 2.7499169859132326 -3.5345157491826877 4.2508400461879665 2
3.8867520600102616 2.1053608383748013 -1.169540636779781 0.6105885678893043 2
-0.6394218543746152 -1.072430024524341 -4.291782641302031 0.17856481604429408 2
2.2014428728954303 -3.5293401256512325 -0.5108220736319853 3.396813414236985 2
2.5622626254831005 -0.010753034580008758 -3.8914065835396654 3.441593967858468 2
-3.8689288818582184 2.9074069271581364 -2.766604494479263 3.089393450299771 2
-0.9746327041192486 -3.539115578878553 2.3775825138241524 0.9298889718277105 2
-2.9358140021268726 3.2348935421053144 -1.2775365735463873 -0.4093962644084631 2
-2.945323804532822 2.5582541896592517 1.5350964404373142 -1.1127176235991314 2
2.737044902850365 -3.721336689262497 -3.9174322074307737 1.853355375376943 2
-0.5815207982188247 2.584430760689943 1.8946123090723543 -1.938963049008936 2
-0.08945206913965809 3.2941423685619733 -2.5563715253606705 3.5913053653086586 2
-1.0825087497689967 1.1548297693898086 -1.3490681157769724 -3.844422610488347 2
-2.578317615104006 3.0803074570248423 3.2999110907776488 -2.3698893688155342 2
3.054215577600732 0.5925090110183382 -0.9636746896588115 0.5848804077085676 2
-1.5922039804393573 -1.37188628177707 -0.2519133961020392 -2.528123576083395 2
0.8521446783399405 -3.3443183102817176 -2.3637396577638263 0.04017757088895113 2
0.09425555626060955 -1.841163561187808 -3.3397341046617393 3.6032932094037253 2
-1.425794811521817 -1.603448548001864 -2.134933110004147 -3.159699538070057 2
3.010834652532126 -2.9204944886015882 -2.853412051835302 -2.7395662923036737 2
-2.3719718860678607 -3.019725703339973 3.7167008551550653 -0.6281541690721899 2
-4.364093040864083 -0.6695574313173144 2.297252646656563 2.9262374315806015 2
3.0955274289594072 3.6247433166333094 -3.6833739308285134 1.0579447528663428 2
-0.11370904294162099 -0.7076127720439668 2.8922054018318204 -2.434146098281751 2
3.313505079007082 0.25645299472053595 3.899593649583351 0.3167053404176995 2
0.4380045741633568 1.343807262541358 0.15827841107855034 4.4469601260973946 2
-3.7834854237499114 3.0465501913349406 -2.8691032568177564 3.8710026880801034 2
-3.548312622806 0.29089391884284044 -2.2324232067385044 0.5435257535922122 2
3.83408588175136 0.43836131675409284 -3.810551208259635 -1.2631835883541078 2
-1.4201294072843735 2.0396778089811587 -2.2780185657452496 2.4875280758181413 2
3.6091309528839757 1.0461182941067162 4.404138967912029 -3.1380177908312685 2
-3.997024715473503 3.409277385786826 -3.9502162784968915 1.4522343531192425 2
-4.338202937726235 1.604153133532372 4.306403889990254 4.169377200554579 2
3.600414207883845 -3.082989925514953 3.2641461160717213 2.0662449573420743 2
0.2534861682006342 1.8454913077283914 0.7136275144544935 -4.359388299575587 2
-2.920395332275137 -2.2932217390362752 3.9015079197328753 0.6266614031751847 2
-3.90087009943872 -3.0689774234420546 -0.2770946523665607 -4.321489488958434 2
-3.436541374969425 -1.8842181082433394 -2.931988569994809 -1.4053833573960786 2
2.25516076991082 1.7431602398820223 4.1644911341529 1.2478331341728954 2
2.3634217950460803 1.4369754910787123 1.8175413486460426 -1.0649203243331535 2
2.648107777574354 -3.1593931930791364 2.152403856881865 -2.6257085083714147 2
0.48882234402501 -4.306862223660643 -1.9642459844067746 0.3321660510087159 2
-0.07502492487068613 3.09075162398718 -2.949287258145654 3.419516567352492 2
-0.24941589050855617 -1.8397262096905669 -2.267507468996282 -0.13924484905223866 2
-2.0281049894931447 -0.9581269961278069 3.9006156401744434 -1.1948291180441375 2
3.7244070011993893 4.2686645761568895 0.672817559171549 1.6832539858719406 2
2.2354474000425264 4.387590659115494 -0.5834143301642463 -2.1803862158560596 2
2.360145594863291 -1.9418383673357338 0.19437905052998783 2.695243163000372 2
-0.5842616251184265 2.0083424406397556 -0.8058203609093078 1.6925715209608176 2
1.8840601662472878 1.6031254488611482 -2.2261400595064753 -0.9911807581207748 2
-0.10900707428822687 -3.211810842643561 3.975773480562615 -3.893721547480369 2
4.136747153587633 -2.5188908232317146 3.7288191995301783 -4.02876112266775 2
4.314459103624115 -3.35318626412334 2.804357689915463 -1.1048189972792533 2
4.323020707058939 -1.1149547957170887 1.8106719083514065 -2.42149795637543 2
2.798429498076405 -4.434370896308778 -2.9045204545305165 -3.693028539084686 2
-0.49499286808454324 -2.259524045611708 -4.429704850838411 -1.1363349953715887 2
1.7507268193038241 1.4672407409876702 -4.124419833424992 -1.958625174046201 2
-0.3427357493979968 1.8597227647485162 3.377202949564589 1.8046977895872245 2
4.304354526394678 -3.660771788298515 -0.7296485963220231 -4.30675747578691 2
0.5640845152608426 1.5836494496850575 -4.0603259955764415 4.434019420026451 2
1.1989672217832612 -2.1397292369075718 -0.5437676849766961 0.841395174017475 2
3.3745841518255535 -2.290219574183329 2.15668840925603 1.0168072181718069 2
3.1046539121139514 -0.2634424595827737 2.2671744860216507 0.5467422043445785 2
-3.212167316899078 2.9171664434336937 -0.0534220740698611 -0.4191999476717677 2
-3.796359290131173 2.6549066605207825 3.4933533051215733 4.36338067762807 2
0.9001099589221204 3.3899355094520116 -1.0604227018655 -2.6412758949213724 2
2.728840653616582 -0.8822632381136517 3.836933378629257 -1.9139088651907479 2
-3.2832706216813428 -2.1042765288346974 1.9677391394297503 -2.3757421314866747 2
-4.488097191699007 1.3806292321433307 0.8583878458417182 -1.6470083812441332 2
-3.7303883884755553 -2.88640280723906 -4.116754095453993 -4.306439537026133 2
-2.2952112517569425 -0.845077658425973 -1.7857499153041458 -0.33049685039194254 2
1.6811995316315467 -0.49979191980243787 -0.5379229006301629 -0.5320120106324326 2
0.0339350927424662 -3.661129824510863 0.028216875276501074 -3.3221758374406356 2
-1.4564033900701934 -2.6399830971662563 1.354555395783435 2.427046470831938 2
2.1522379372517078 -4.341126467942102 -0.530856780163598 -0.31763916342523013 2
1.0511634754515444 1.7809823310267705 -3.3793591404758256 -4.2061705574053745 2
0.041787154094849455 -4.099702494106963 -2.2863978803487983 -0.6188945557677717 2
-2.2401671655070015 -2.3595694019350226 -3.5057336109033694 -1.2876627693176026 3
-2.090095357409187 -2.13129066195435 -0.2574347827641955 0.34043875808884816 3
4.254439379881985 2.6204512672530025 2.1012171262336596 0.2267680164358249 3
3.5181965845726157 1.921526055113262 -2.915954491356655 -1.72598559547848 3
-1.3800443547528696 3.976680801252871 -0.5690215262878409 0.3896804808050617 3
-0.13990365407860295 -2.831085541395948 -0.7062324792449567 -0.9569795677526185 3
2.0654929765745633 -2.1662541458445705 3.703054056576815 1.5127999780975476 3
2.9050687110887563 2.164310239785139 3.843391371970995 -2.9480254322472357 3
-1.888197156678178 -0.3632143017896059 1.532392626829456 -0.19969559374459078 3
1.9358758953686106 1.5121391806238333 -1.6184273971276075 -4.036779172889785 3
0.23920617771612596 -2.5727136985806514 3.497156130717783 -4.440695756707739 3
-1.5804630197242968 1.7531377603782523 2.9354250323137685 -1.172221610072429 3
-0.38715225582760304 1.9607413622434566 3.179519527713785 -4.196448638419368 3
1.657044180022785 -1.2991349669084302 -4.094086277560018 -0.9064256981198768 3
-3.6081165856090975 1.627077315745709 1.0251143432944843 1.3648063422153431 3
-1.2997498769550775 0.5846832513594631 -1.9096994067000037 1.245213493843027 3
-3.3750434111550165 -3.18580883459748 -0.860696134297541 -2.9571851418437163 3
-0.6854486802693254 1.524409517037159 -3.359735969072509 -2.286698074871655 3
-3.4428178820381348 2.4700246572408884 3.5327595783637102 -1.9886942395690765 3
3.162276709763691 1.5536059166868457 0.4815921678377558 -3.257406601154541 3
2.246481263078211 -2.3536774886568574 4.360863427478898 3.557074488920769 3
-3.597596913189853 -1.5378330736706936 -2.9859623922348626 -2.541625470401514 3
-3.37012394335655 -0.7515909389504601 3.425044189169923 -1.8504662908319989 3
2.3501191554870657 -1.9701263683756778 -3.5956063780685725 0.8826621792081301 3
3.20260031814639 -0.42313790496606796 -3.164557064437935 -3.841821646932467 3
-3.0428530296743506 1.2805201514960014 1.2066552419601604 4.2448954514048545 3
-0.5532831946368286 -1.5279343294356709 -2.800340773136563 3.194516833624378 3
0.14746736768805646 4.419651887094711 1.1698287020931208 3.273136984475407 3
2.2669478424908336 -1.857978497825471 -1.5162078339279232 -1.3594223070771703 3
3.846958306869131 -2.842508356485842 0.6376773396318981 -2.491612116736654 3
-0.8267213848405496 -1.1466498759226704 -1.7623928555751114 -3.377901997784344 3
4.371270252479367 -4.4593346863560095 3.0976873199252246 -0.2396837015519374 3
1.3433903334211725 0.07795144602255177 -3.2087105480232125 3.6956898245246244 3
-3.0965901698047977 1.2751032453594084 -2.541819591010339 -4.101563008350583 3
2.770723591550472 2.4028348712024203 -0.08074056971759946 1.3669305963957599 3
-3.801371265893038 2.6558948916459846 0.4075375777603152 1.5007720067757813 3
-1.3868343189408836 3.1733708722071006 -0.7187494472438976 2.986388343744067 3
0.558857644497535 -3.780608355650306 1.0232609982859917 -2.6774931154575676 3
2.2027555716263594 0.5723494428463923 3.5071448549624784 -3.788845794331568 3
-0.4371535357218854 1.246125849640734 -1.233609806701339 1.012000427418021 3
-0.5066274189932704 -4.167672277830162 4.245662658671286 -1.3110928832101787 3
3.714340341694344 -1.9097516898304867 -2.6809986671471626 1.454831383107348 3
-1.9859034636360553 -4.0524825335971215 2.8590990520178137 -1.7415570610944204 3
1.9565577090616881 3.6850871968703807 0.10805901353923741 1.9761498521237102 3
-0.3334116992094801 2.827118033926104 0.5929582017742684 3.465233965752785 3
-1.5406631171321985 -1.0373829053561603 -2.78397310831303 3.056679021886255 3
-1.8744858507463433 -1.845553295372528 -3.786344007856945 -1.520814099495656 3
0.5516022522468206 -1.566525913511889 3.2966833709275205 0.28714681601133396 3
-3.9078350412192258 1.712413889165688 3.852688265050197 1.1023669719580393 3
-1.7222607878085294 -0.9694331740234371 2.645820579217537 -2.390133132052142 3
-2.8233612794574583 -4.055717399232084 -0.08926819694430255 -0.1974221620331219 3
1.3885472409523767 -0.6910914278898435 -1.848130203557739 -0.3455145828951337 3
3.8915136325999136 -4.329680928943896 1.3887100357514268 3.875104660034816 3
2.924063360748013 -4.333147346085491 0.34135636453675466 -3.6063170538839846 3
-2.9432951405411965 -4.375475258530664 -1.0487298255469848 -1.7439036887714412 3
0.08445661716139652 -1.3166582181106505 -2.1770750185073453 -0.5301021365957829 3
-1.6348626742498324 4.2695226171873975 -1.6555952841407886 2.5790949590959067 3
0.7024281158312574 3.8370892573354287 -0.5160167133653448 3.409721325993939 3
3.5006363230132305 -1.4438958940256335 -1.7790923374094714 4.3318788364079985 3
1.381911722503944 -2.7445162296629606 -3.372782087629055 1.117960372993486 3
-1.2105161819678942 1.663073667263356 -3.3816942010668662 -2.4774621479793977 3
0.6193896685557739 -3.7354343108843175 2.7299678606540336 0.456843063927474 3
-3.7967464002068407 2.439017524042948 -1.1702715915054593 -3.9500315679758793 3
1.8095538053511753 1.3371821647200264 3.3473006976856445 1.3896627241363508 3
-2.512616494949699 2.554365085641035 -4.140230774983061 -1.230970878616992 3
0.6924687236581509 -3.1759834999810153 0.03338488977364984 -4.125890355671759 3
-3.004442706208634 1.0872197624873396 -3.7196493876921592 1.2974209395665341 3
4.304459489109224 0.7746438886714797 3.521268980088582 -1.4372766499877279 3
-1.8434956040968342 1.9449257179887551 -4.136222201380573 -0.1934908255078367 3
-2.6710751314991823 1.272320956387477 2.4794716442549225 2.4638465555596043 3
-0.7748624220458322 -4.22277945005531 2.700699958129232 2.477658671289512 3
0.14759225599182302 0.06759569090212869 1.9576105682497342 -3.8073490569216233 3
3.7073130938316305 1.897818171534209 1.5793621180811264 4.07832660423725 3
-1.76551472144549 1.3063719924335024 -0.022170862222697596 -2.0761173169488996 3
-2.2499834032164143 1.3873517322965483 3.345128252289547 2.376102974873973 3
0.9129726613217408 1.0303728292680585 0.4781236283209265 -4.373780054397884 3
-3.049865775809117 1.8961590833848554 -0.723180546023372 -0.8740212058894787 3
0.3395116171366426 2.1807443548167793 2.1304473564110946 4.100381737697364 3
-4.097965163780584 2.097123228903256 -0.037581984280771086 -0.48737686437360594 3
4.052355341234172 0.770858660574024 0.7900734244491503 0.7331276176378042 3
-3.238659857426474 3.813959860573292 1.4720658251283212 -2.5481589491932604 3
0.5012963306744543 -2.0032536984258567 -0.6923378431054034 2.8727887678557216 3
1.0992639949594505 3.230037335961762 0.6039597233766876 -0.8336078396538146 3
-3.525310942528176 0.5369662736323622 -3.0987585459260196 -2.82693599979663 3
1.1946304237529592 3.8350586926591816 -3.852664502702063 3.6599651464139162 3
-4.156309056130184 0.06688843997639726 0.5423790590999962 1.967432090315624 3
2.093617923085803 1.4372335195881831 1.7416218248515278 0.9183666996543215 3
3.252787241440612 1.407926656501317 -3.5020519741666 -0.5158154131600191 3
1.1846649387056276 0.9891271505856757 -1.7132500362337297 -4.467534714429494 3
-3.017811100561629 3.1921241560131217 0.07144430025770632 3.8347521993835176 3
0.1427172455096789 -4.307840124324324 4.1550615694794875 -3.4026543369489084 3
2.8841894242684667 1.6968730877870715 2.557675471525614 -4.28060124463745 3
1.4166544055245394 -4.0341373364003985 -3.211566362773075 -3.2011152770196034 3
1.8490225826001998 -1.457872966826356 -1.951008625573576 -4.269904044687973 3
2.830282764498876 -3.095501729470843 -2.6259397554023307 -3.8300565138955083 3
-1.4810965349876497 -3.5720485782199694 1.8070406338185534 3.253638364606487 3
-4.334795023807256 -1.5879033945335652 0.2937187880718549 -3.913426054403459 3
1.7944155208168158 -0.7219860418726208 -2.410093861225364 -3.622907798955299 3
-1.8185118863345364 3.9262732512047336 4.334227072643641 -0.07898455107579105 3
2.0403047220320345 4.244630714270454 -2.9654265707055174 0.5877273575471299 3
-1.7734864754102417 -2.7537794785266643 -2.2242500853455 1.0708844598850114 4
4.215209650744057 -3.784947324358959 -0.33484473349482946 1.0484940292761582 4
2.56943213083877 4.025546318716949 2.786527594788415 -0.034040802972348794 4
1.9626166207026627 0.6699881421190806 -3.047076742560543 -0.38654366711077537 4
-1.1794187251583934 -1.8402741536554763 0.6214916229144246 -2.634891357169063 4
-3.896135537877586 -1.0901322567110503 3.1253517509957516 1.6335819607031064 4
0.026310827822231264 -2.2607467467206517 -3.3841792653748803 2.459634601439718 4
4.226547342090695 4.486919467606291 2.2852802002339576 0.7961881980982254 4
-1.8946701590836585 0.902268505647376 0.1428379223261076 -0.029811902158070502 4
3.4450743042450167 0.7533870801252076 -3.6321732266559317 -4.099549297648135 4
-1.3332140259993 3.1128301245157197 2.7388532678814026 -0.7861989591586656 4
0.2585470091447307 1.0734490781765813 0.6228676667176705 1.2564826188694793 4
2.3124676730127907 -1.9054825057256193 3.429577034830504 1.5538580473062482 4
1.6757334096289571 -2.10122009318767 -0.4546678903017889 0.24168788983405165 4
1.372128116695294 -2.1905211794765886 -2.3876372033167326 3.3159968400652993 4
2.6661658306181657 -1.3740959533057415 0.9496298289785482 -3.906111628458775 4
4.143828674312458 -2.9395700695658684 2.266840891146865 4.435249089565898 4
1.9289443157293058 3.1947678625470797 3.8304493326706113 1.5738334443320963 4
3.3413144629365776 0.18022674299173558 1.1811805459848856 4.42535360258952 4
0.4442500285314479 -1.8521018682522241 2.6888354086560273 -1.2699283472675873 4
3.2096566765553094 2.3605395070908712 3.3078441031487755 3.960982430275118 4
0.12027978436891462 0.026841254696206907 -0.5165222319890541 -1.1310994721672165 4
3.775136191470973 0.548005882327483 0.3259460925354871 -3.119074343444466 4
-3.655378065182867 -3.5264312720382405 2.943310603693409 -2.6202258993592222 4
2.399548631600219 0.23248111007804273 2.181229654517198 -1.3036461828624524 4
0.5072514167684363 -0.6037047448935992 -2.057444026818482 3.0307217340537593 4
-4.295714557045114 2.7291344690770107 4.316334608720742 -1.371410417735445 4
-1.066124638632815 -0.3222569012477201 3.8447583009530266 -2.8010823302259893 4
-0.5336108158897124 -3.2966632419378383 -0.8882013504223973 -1.2627791934010697 4
4.168951974056974 4.134722876670898 1.0469967200680006 -1.30781976374146 4
-4.412026231527206 -4.008898733517611 -2.2357166172772556 1.3319936897952056 4
-1.0244095098672452 4.336037791877733 -0.2799763821322133 1.783882450424913 4
-0.1638211282646478 3.8039643251164845 0.40599990224198423 -0.84157059071708 4
-1.4247263633869474 -0.04200542867832724 0.015898574454800363 2.936999476816178 4
2.959278584990389 1.4275661550375482 2.029380999061437 -1.473121994632134 4
-1.741022058762997 -0.3901799593817594 -0.1425133119041223 -4.218975288634858 4
1.117002148089208 -0.8920373589637269 3.451765323270153 4.22246594130671 4
-2.7157643092014294 -2.477213247867981 2.2681023299836616 3.484415585036863 4
2.1653382986510703 -2.6060070845942565 -2.975750826469647 -1.3107717912495687 4
-2.830631736003347 -1.9147382120212308 -3.241067774409488 -4.025973257969871 4
4.401435880596972 4.422941091080027 -1.0852019915319313 0.3703438718754394 4
-0.18161811102388525 -2.5378974822709743 2.718571679140343 3.3279353593858545 4
-0.509352323119869 3.4463941466736108 -2.3123198453924387 3.333744391266365 4
0.7169101017048359 3.6053424535119727 3.6516812159479626 1.0199131033091637 4
3.423000171164698 2.82749857935853 2.561975162892301 4.105440991214844 4
3.455419177066346 0.11597051664031088 0.18563741704025305 -3.4197657003447777 4
-2.9806960758982313 2.5153336251639167 -2.7912979527390482 0.8511154459130748 4
4.431281822315742 1.460626864033542 1.6474121444842362 -0.9816661359088582 4
-2.2757003628688426 3.8531178106160398 -1.732013811209543 2.434876524365082 4
3.8134474722624674 3.8167969812750946 1.8671712533125477 3.285343689564338 4
1.4668433172290336 3.9448338785486285 1.2418822802998464 1.526550674930577 4
-2.4050874568022786 0.6749349868083294 -0.12170416542725204 -1.0003735431836742 4
4.440614541789676 4.453878825362165 1.0858470402858236 0.9146365335598379 4
2.708951300550982 0.7827988256421764 -2.511761605907396 -1.252867796608816 4
1.1490686064897107 -0.9691010922114891 -3.696914481619342 1.513668937327679 4
-2.4955464566471837 3.568539668928423 -3.2009203519806 -0.032014525482684464 4
0.7657246003736015 -1.2704530643035465 4.350830917198556 3.6331022162692213 4
-1.5542756681029135 -2.9479156077879547 2.1356662132430335 2.8590323031329405 4
-2.8345735886965855 1.508810642104721 1.7667904634974223 4.214470927831399 4
-1.9228932857846297 -1.6482304774234353 -2.9074324727486274 1.233215091727617 4
3.1057997766749996 -3.657789805614101 -0.8879918995819628 -1.1735497184277628 4
4.042224287836388 -0.7648512873907847 4.154688055268745 2.8968350515248154 4
2.9470422281611017 2.9152373640783136 -1.8149913426731625 0.5058544409234496 4
1.6426663007940845 -4.0248852487546625 1.7126664333094122 0.6377277887875721 4
1.3923634970073135 -0.48095280722402256 -1.1345716508062305 -3.88455012476783 4
-1.7060309847468975 0.169929946764676 1.941378236816944 2.0879417428554543 4
1.4811317207558188 -0.9890607105851454 -1.0872427142122794 -3.917460831256481 4
-0.8204114113316895 -2.5613322061815857 -3.957578374293698 1.9380958746789123 4
-3.001703195708807 1.1048134549468462 2.0049884291573177 3.4781679228462234 4
4.272522123277874 -3.6171042335955104 -1.1203895453832555 0.8663731652936525 4
1.4124769502087013 0.8972481523937718 1.5124996847420618 2.184579260986344 4
2.228819009838878 -1.6277352521345554 4.113014263212008 -1.1961047116378771 4
-2.1453888192507686 -1.9159477506617453 1.0349938500080602 3.2838524162753604 4
3.040340207152876 3.1394192988436602 3.368463059508155 -2.741169546753425 4
2.8148919721244283 -1.9925498362222616 -2.316556061900335 -1.22202218548139 4
-1.0994336650043772 -1.8877317477013045 -2.1325224110706937 -2.4243898475326544 4
1.6773238733392297 -2.383996141672498 3.6751981770170987 0.916895239599329 4
2.1873201856871316 2.6365045492688877 2.542638984663495 0.4439392318794425 4
0.3001949433722697 -2.9294131301332174 -4.039035224937491 -0.4873506024505927 4
-2.1372717219862443 0.6049115797937469 -2.5367300904835997 -2.0394765749643105 4
2.1163188382962153 -2.6924693989110864 2.6598740384839386 -0.5549751070786766 4
1.3338936158245662 3.6773974718508926 0.889841624499604 -2.274625058850484 4
2.090039442635055 3.495752321518681 -4.443605330210104 -2.4551124466799785 4
4.128981595709866 -2.029658062457117 -3.573730233603868 3.88970824320426 4
-2.627638695829824 3.6055605580525447 3.740421726555133 0.026573500679660356 4
-0.99432568724891 -3.5287858964997287 3.1998588228351412 -1.8897791097339942 4
1.1113622794407767 -0.1931958571416863 3.1190354595143313 -2.1991025765216135 4
-2.7716808062708465 3.745617531572462 0.44179720800462574 -1.6058930981760327 4
-0.18167341373328416 4.420592421535415 -1.8864940982408354 0.9501660593658348 4
-1.9682722197388167 -3.9633226770608574 -2.1221392144444122 1.7320717601814508 4
3.6687839728643317 -1.8338154932114539 4.381399292943379 3.539878654581729 4
3.814232817601663 -0.13846902914778325 -3.3337771088032087 -4.3529664909315375 4
1.7400847728480344 -3.4538717050412373 0.1471023640822704 3.4384379749458054 4
-2.118544911671287 1.6099461518690625 1.876162796911672 3.2516997075173997 4
4.0704907161372095 2.8800210409237867 1.3880874788131297 -0.989125656881918 4
3.6407308883811567 2.472221332649293 -1.4314527182535586 1.8998001273085205 4
4.248200869416667 -2.357378898714387 2.4432562033460608 2.9171015293334035 4
-3.3986105448254333 -2.3353176102946938 -2.7356901791459247 -1.721834858039239 4
0.7207369377764727 -1.1637164751466167 -4.279223937525211 -2.6163598001876096 4
-4.183511483386156 -3.377756161974238 -0.6541709555616638 2.697563512201589 4
