500 100
-0.668507305329938 2.8312536644509736 4.304175767140786 -4.093350754718203 0
2.1185756117971164 3.3120287989176216 2.390228033011663 0.17904604290308979 0
-1.0495730441464184 4.3151096893006855 -3.730048828310899 -0.19591330292565645 0
3.5387491204362176 -2.612563472210621 -4.43830870727016 -1.4722689078013662 0
2.176448826714667 1.468289872167686 0.851075131889938 0.297920500073391 0
3.4812131534274338 3.2221144092199157 -3.7992917719560415 3.0395960778072446 0
2.2433599236916697 3.331302480497292 -3.1067749324986647 -3.184680850133345 0
-2.8191974087572826 -1.569899547051759 0.2941856527484321 -2.597862218235699 0
-1.1435630854098213 2.643417225753088 -3.663735781240859 0.961082119848456 0
-3.1404575740671956 -2.970515708659712 2.130509061906113 -2.75967498986846 0
-3.769478163451389 -1.7534219249718572 3.234159238557156 3.8322504525247085 0
2.549608216369868 -3.03384436218948 -0.7675031024191217 -3.2042763464237334 0
-3.8642283370320625 1.8096405560238418 0.6440948754203454 -4.113856328176759 0
-2.8711810880966793 0.8902552534088268 -1.9931708407391655 1.5521499813580637 0
-0.7626271572414436 0.12215024156941334 0.3181062719596892 0.14047133935581024 0
-2.51409444348454 2.030157068716164 1.920506683363973 -0.960253202255056 0
3.1449145347857064 3.8600354521225264 -0.4393746881562909 -3.127487419304416 0
2.1234603560914156 -0.21071483333712104 2.4748549206252055 -2.7043119931366544 0
-0.06396324066380865 0.850682445913682 3.434975412621576 -1.9597677897284413 0
-3.8156673116547797 -3.4427077258902554 -0.18292774839875592 3.877729128643422 0
4.198190994216615 0.7499006138973396 -1.9528529546470208 -1.5822236056323993 0
-3.6682027750998154 -4.37733448532097 3.527224168270137 3.8926256366540652 0
3.0323709762109616 3.733091094557876 -3.3941588059650987 -0.8470516830486171 0
1.8412763463326507 -1.016940620752465 -3.095447532172298 0.1768302219475647 0
1.8512451447552634 3.809800408883019 -2.5014028650729694 -0.878198663809051 0
-1.9066239490669061 1.6561786119378714 -1.0273276623643166 -1.0198229749138208 0
0.18263249792909397 3.396291977237021 -0.39174231102429036 -2.7524225746748505 0
3.8150037998386206 -0.09692859122324726 -0.10587890117230536 -0.649938680470048 0
0.8659256648774895 -2.1215212579405205 -0.5106891740829975 4.457428334807645 0
4.425398071767461 -2.6064183295039696 -2.3880004204665783 1.4910988629510133 0
0.7503307330017698 1.3400995600539587 1.4428383749997695 -0.09859984231672803 0
3.6987408917213314 -3.40507862779289 -0.6040836204411775 -3.019412443344769 0
1.5823919678938299 2.292762649566824 1.973256761431641 2.4687875006287086 0
3.694818328704221 -2.324808630505969 -1.8804407149485414 -3.486072682860654 0
4.280359794789855 -1.7664328783995182 3.8686617405322012 -2.135054557423221 0
3.6054026974699163 -3.5580593520548978 -2.609468322389899 0.8277743315813738 0
1.5580786158779365 3.325885714636456 -4.2042128235460865 3.269001411464753 0
0.549248262085227 -0.29143394991260174 -2.0465874132692217 -2.0513546783041616 0
-4.364208706330044 -0.9610743945949601 -1.5301579891781723 -3.072408086544284 0
-2.607051868174583 -2.614339055724271 -4.064018705120155 -2.639906730518399 0
-0.9402855054110779 4.326327123699556 0.9599409083913789 3.8622317489986773 0
-2.7530268193775056 3.146675188464904 -2.407214388578826 -1.1421512942977885 0
-0.3631950207622562 -2.7667279505122715 -1.3550219162959851 3.1761667824715616 0
-2.958620206798959 -0.35520284676253655 -0.6918443417912395 4.217611543224955 0
-2.5084072370548087 0.12933015122485458 -3.5079973688797335 0.4308503810638773 0
1.9903713934236422 4.0635714052132235 3.107782596859843 -2.5426292994264372 0
-4.18124621071679 4.345245307427186 0.4774546185095442 -3.6970993139542236 0
2.154698821067342 -2.8512694062429715 -2.674667902168436 0.9555692892106737 0
2.9732685800282876 0.09659145233074895 -0.22299161070740547 1.7102319107586053 0
1.886840749873894 2.0492381405105933 2.59953404029521 -2.195236859043925 0
3.9847302340123782 -0.9731910761754055 4.393036326343127 -2.681229876216431 0
3.953162729928466 -0.2054475746311003 3.405934917461731 -3.039569831439638 0
3.6335404908802627 2.3729249711976466 -2.0860589734995156 3.324839295055538 0
-0.891262225523464 -3.8524198721234457 1.8844168382070017 3.2945525720426385 0
-0.8677687075220079 0.5244620720860333 0.824815956906327 -3.719695908129843 0
0.49556950767421204 -2.6088528489471967 -3.497205445617861 -1.0117962682701815 0
3.984764559580874 1.095634325221999 -1.044967368012937 -1.6584652914600337 0
1.8634195229728596 2.0018008915261767 -1.7731263451989356 -0.36447078263309096 0
4.023858575367672 -1.6949131896164644 3.754554066202786 4.118714995378223 0
-3.5004593713417402 2.049411778874037 -2.280218245651145 0.03795843853087688 0
-1.6722112846056936 -1.5114214807865958 -3.191928585916891 -4.06216952855868 0
-3.962282409394734 -2.8576323327085804 -2.8953367849393064 4.16223835855448 0
-2.42283127535113 -4.186611161547948 -3.7929612115854114 -0.42582365027498914 0
1.1810126351499886 -2.4823428645085617 0.8266448215028558 -1.7921205927790498 0
1.5181578871364687 1.1099237435020075 3.098804277441136 -1.7956044790431451 0
2.052204984013206 3.0051069084133744 3.0232277210392335 3.903197441413057 0
-3.480890965375409 -3.113419969263239 3.7172918726426953 -4.2566443450189535 0
-3.6315189665737035 -3.4920818304920545 0.6570515034337154 -2.2710779693881844 0
-0.47018127054971115 3.9140022448739105 3.038015842707917 1.993519236697729 0
3.0667969050295762 3.361538780185873 2.0730211939839203 -3.1985073437133344 0
3.1063479068622453 -3.0951788519748993 2.305975556173807 -2.821293378021313 0
3.8775258742243466 3.67673652941423 1.681360682207787 -2.179688171892847 0
-1.2872299284225637 0.2800143537299634 -1.2605749160594804 1.6490856605132431 0
0.6667591130579698 -2.912163125201311 -0.8154874954947805 -0.8819680478292455 0
0.8195354057543773 4.235901926776273 -4.030686875222196 2.660948485036391 0
4.473790070195666 -3.6511249033936495 -4.136475878674862 -1.4051102409449334 0
-4.241715454836924 -2.4310824131490487 4.0915139363743025 1.8014173679667955 0
1.5280588353470206 -2.5333852306922555 3.594942770634431 3.571855195561099 0
2.8234502334171743 -2.0905783613222493 -2.0119909195098 0.7577419045457542 0
1.7608452521245832 2.258158447050956 1.2422843740909904 0.21499973215702284 0
0.7003664560199725 -0.8554351869489589 -3.11163138685306 -3.4808423245523157 0
1.794741833133815 0.18482981922023467 4.474938608986797 2.7655007219112164 0
2.3233164053682214 4.08177504035644 -3.1732157627086193 -3.172547810609422 0
4.097598015114619 0.2593698380667977 2.8398967012486755 2.3600408876909134 0
-4.183579884514329 1.348685886257568 1.1151484103553415 0.9891129153267411 0
2.582552169453517 3.398675642731434 0.48548501714976666 0.9758167131102555 0
-3.8216236756077833 -3.065037296852047 1.9856792725430084 3.307245630786285 0
0.39142361079919596 -3.402019343222269 0.025172569325657257 -1.1821819649517662 0
0.2624871131842875 0.3113554269445771 -2.080366490453496 -1.250379675502773 0
3.9976300121522055 0.8555712197150165 2.3858045620958026 -3.1776313908460745 0
-0.3510972042365522 -2.034448222410292 4.282991481396701 -3.428582473470203 0
1.4966614623584051 2.9705250164923966 -0.3753676743987775 2.4503842871561368 0
-2.6946822955764245 -4.09684684861938 -0.8455525199688884 2.082446191942777 0
1.4041764980546838 -4.393962413837647 3.5234769704810627 -1.8332642038764537 0
3.9211285310233883 1.2504886151509913 -3.9406782021707802 -4.4154775859609705 0
-0.05868345108491757 2.6499125512421986 0.11441316171048455 3.735388876595993 0
4.162395168931701 2.2910410204684397 1.2570620805905497 -2.316164047708776 0
3.9038143620417607 3.249604165618228 -0.3592734158159676 -4.240766249913028 0
-0.23810816093338216 -3.2501178806289936 0.2667442044222472 2.2513873085010676 0
-3.365617993946623 -3.8757483235862753 3.618941774229031 3.6101785140228104 0
-0.9487001208635063 4.187885928707617 1.9575024771607876 0.3807753963953401 1
2.189214547238883 -0.7520646938265553 -1.0433538015599804 0.3508877889170998 1
4.36102431775649 3.871476404345577 -3.242204930006712 -0.679087527884628 1
-0.7021910871441546 -1.165408278354281 0.7890114443985629 -4.172292288230251 1
2.334429444540497 -1.877873602349072 3.187044577764775 0.06413171050999811 1
3.5639812031063527 -4.0650682855939655 -3.0116810208236204 2.007199134070234 1
-3.2670357942956625 0.3073861525148859 0.2222807346121365 -3.484586196173278 1
-2.8878254267733934 -3.750123914885935 -2.0818383566426553 -4.248139577635604 1
-0.8267122966244699 0.12764728941127146 3.3485950143482155 -0.3229411712753021 1
-0.4299687753747189 3.6591915310518535 -3.239997115280908 0.7854960965890426 1
3.729054269394746 -2.9707937459660654 -3.545710831314155 -2.3390950636866883 1
-2.8711676895143237 1.0341461390770061 2.270536912867655 0.554934576117915 1
3.5413161871815024 -1.8554909392952919 0.15434406253997535 -3.8284478337239514 1
4.444282897611618 -4.285846708462951 0.7849336750152525 0.052394872823397276 1
3.908349081936933 1.9377904007398563 2.4541506729583236 2.621134612024028 1
2.833236881834811 -0.5701202980168342 0.21727072015598337 0.34395702386497373 1
3.3204493052887356 2.650400744796158 -0.42741475162087605 -2.0314222809379285 1
0.5042288654309532 3.261613030271408 -2.576786877640876 3.8446220661836303 1
-1.9976812812592915 0.12911742118947145 -0.3432151172230875 -4.02180264039412 1
-4.137335563301129 3.347101916074341 -1.0505914613323613 -2.324384797172702 1
-0.03533017734469257 -0.2597186330872908 -1.769633460092228 -2.1297535408938018 1
-3.6086492862288577 2.26645653105953 2.108926140360859 0.35406681328315404 1
-0.7528217074615989 -1.6980743225224613 2.9962331351634743 -4.202544827012938 1
-0.6719548779695279 3.698128823717653 -1.6228679200097142 2.72467458255058 1
4.457213664970483 -2.668042101592019 2.2047761240314183 -3.3264802110911105 1
-0.810602165152366 -2.3984397306682754 2.140534278158552 0.17543140477507446 1
0.41462164258336576 1.8121976385307375 -2.569164877986122 0.7988599552108193 1
-2.7636103364257405 2.023265058208276 3.5425211035961928 -4.2186594200235925 1
-3.5417119291778585 -2.069565943687694 1.0015065851072877 1.3620022659685806 1
-4.054227927724444 -3.4563465101863033 -2.9644939542205626 -0.37777769827004526 1
-1.5851970998780316 2.9270830951824416 0.25732696019939594 -1.2055415039915174 1
-3.9805122665540553 -4.389534834787916 -1.6943794995179724 2.470608801151248 1
1.0786274616890166 -1.211296281032218 3.9428908498056283 -0.1314879307466914 1
2.517681734498691 1.3025595289375191 -3.7164681458168687 3.1179519483408242 1
3.8443932456631797 -2.363232876938353 -4.2796963720313 -0.06876745969181808 1
-0.06661036837704559 0.347526687421607 1.4015036412387414 -2.414045345521688 1
-0.3652775062352792 -0.6970201799751548 4.170870131969606 2.1478153795949266 1
0.38360871170647426 1.3441124812924121 -2.6423913450585124 -0.7525626900268704 1
3.10744850501122 -2.506547549189282 -0.32844302851526197 3.58319576569016 1
-2.532969638400653 -0.7971363555423727 0.6657176863344736 -2.885826984025076 1
0.32026372990035834 -1.9394129586353133 3.3539271532036143 0.3219321456045997 1
4.238743051677655 -1.4553633625732558 3.747679349743084 0.22209773772537356 1
1.5589426558929076 4.017284989419437 -2.665885176263938 2.8815484332665657 1
-1.2555395991528044 3.6651995292502275 -2.0469395054037527 -3.549906966470816 1
-0.3831768766244311 3.3084677922496604 -2.4984514409071457 -2.0270871286417873 1
3.3835484602887296 -0.11961416123270663 3.6522601670781882 3.7052273535506424 1
1.3119852015015894 -2.6649046367798355 -2.793145680685371 1.9516109469704848 1
-1.8859218095453765 -0.1573504578827214 -3.367987270116335 -3.425432086307922 1
2.003557419082932 2.762221797122821 3.8573493754202066 -2.358745368125764 1
-1.6645833551713376 -3.0973413505465412 -0.18377336095978736 2.1999899298870895 1
0.5627795714881318 2.941209293734189 4.256677095027593 1.9461176298715381 1
2.113517077792583 -2.5502401938598687 -1.7989967740407122 -0.6855221544356964 1
-4.491175862373111 -0.7481570424931119 1.8912011140394234 4.31060958623506 1
-2.7795270815257416 1.3559698270127158 -2.668249213682407 1.1868220325101224 1
4.452006983683637 0.6242029555846965 -1.1243998105332518 0.47883353518849436 1
-2.9733757622066066 -3.1276284185958625 1.686513797816116 4.021215803267308 1
-4.3489152132257285 -3.379215744193817 -1.6457159234933219 -3.3753495481311937 1
1.5672864693491313 0.18160013035461975 -0.776649279062983 -3.508924503522608 1
1.8714302083033665 4.3085060482947775 3.926395768484898 -0.5711415856491316 1
0.9070255676906763 -4.216830724679745 2.311808600055649 1.1410965798646457 1
-3.483376290861687 4.131863540414845 4.04868076847546 -2.787715877708834 1
2.811572749135708 -4.205964669359398 0.8128748594980825 1.6102664757477645 1
-4.444905323301657 -3.587688527360962 3.595409464024596 -1.928865042929969 1
-2.753969429021307 -0.3517634461676775 -3.428800078457844 2.639939424685103 1
1.900684163513146 3.568509391239042 -4.234701033950607 3.8850678694831045 1
0.4129104010896987 3.652560371081707 -3.8288321658662388 2.138670008404784 1
1.1401607532765246 3.1458580427616902 -0.2371591657791805 3.5749016952505697 1
2.9630774029955935 4.115167764435337 1.2011954347795588 -0.32576920800870135 1
3.629535840182146 3.4433400076069054 -2.797263922408236 3.907562461001753 1
1.3407231725986852 3.3900957916715075 3.1724292576934476 -1.1415067056682129 1
1.0299920132064995 -3.8606488915525903 4.084747244831276 -0.7937862187792959 1
-0.6333575251741104 -3.0907381908544727 -3.9819271636489892 -1.976388418479972 1
-3.748739288889122 3.822323219450539 1.0092927765051871 -1.007996387628432 1
-0.29925560234735304 -1.098880031818107 3.505682758386264 0.604182183520138 1
-2.2172664788452874 1.4304166440574515 -0.01621705337788104 2.0804798747400604 1
2.027900447786471 -4.161945380606381 1.1724855010855824 3.000563083322141 1
3.8755701158878804 0.023120668157062263 3.5391213876503205 -4.465255373970432 1
-0.6125886679182225 0.6222435048327207 -0.25414805524280604 4.331452393596291 1
1.6522945878244224 1.8581700743905016 0.14715013801661092 -0.44133116252681837 1
-2.8625575223044346 -0.1719532226057986 2.91524016825944 4.355145603744548 1
-2.899736268696398 0.7395786705541326 1.4386066050750679 -2.1931160834386167 1
-2.8663355460459163 3.2874811713907097 4.474509076578418 -1.4729204276483738 1
-2.595305351516554 3.980631932798847 -4.305122945949289 3.0304164445645148 1
-1.2312832921510886 1.860321640841058 -1.2689659874061427 -2.085948529843655 1
-0.4628484113754008 -0.7530240294855564 -2.9664306213189295 3.6984886539689263 1
-0.5148217018427211 -1.2250402616722087 0.6285621953395942 -1.8208535865318858 1
1.6899371419946156 0.18567257350271826 -0.6606602207324309 1.8803235845553399 1
3.8711118691027036 2.230569106241192 -0.5699780867943421 -4.17751359648919 1
-3.211780720223101 -3.9097408414423938 3.3613765735158125 -2.082371830531924 1
-3.723396571460146 -1.651148908200304 1.8647552249797879 3.086974666701331 1
2.3136595823943593 -0.48785168804788603 3.093704164033224 2.720445449527373 1
2.8935178254634915 -0.5141008832656033 2.47909179108313 3.06747138861085 1
-1.4936425064225873 1.3781312224822861 -2.3858119210377575 -1.6004070997932653 1
-4.1628683916412506 0.2880441207217084 -3.9484997455505937 -2.6659556835713007 1
2.180341862950783 -2.3764166275592222 4.088216264711584 -0.665221164248553 1
2.256619443176665 -2.6653499655275863 -4.342644888911343 -3.71872564302953 1
-1.1027927604308752 -3.1990466600036878 1.8605221587642586 3.9563095740721126 1
-0.38695208937949443 -0.8271991050394548 -3.588901352494324 2.90932581103476 1
1.361936330736941 3.9325373650280877 0.6558489581975128 -2.640184561555111 1
-0.8415359494509423 -0.8870884012294452 3.8510717497112092 3.26131296466632 1
3.357657745267029 -4.3276959050432975 2.362734193608319 -0.4004704412007426 2
3.2344697467892534 2.809748561485034 -2.7914021967229994 -3.1147169825604903 2
-1.7018592633335703 0.8965782675789278 0.4123588861253511 -1.3342765828569885 2
-1.524501799732934 -3.967792938240885 1.5113599085216243 -2.878399908878867 2
0.8007647693754187 1.1465132110810132 -0.00011152214288245865 -2.62046138016899 2
-2.8239562157445244 -2.1751287615694093 4.496473315863228 3.551867349226921 2
-3.357025424570044 -1.2408165860242062 -3.169457647053075 2.622847749254096 2
0.3544788739968534 3.376184803486768 3.793836714740002 -2.1846675163791485 2
1.1993653715836774 1.7509479154123087 2.033875660117137 -1.4914540663631428 2
-1.2788918445979842 1.4715562619755254 3.9229906651272333 3.3895720639626084 2
2.68186702946539 -0.940832078439531 1.1439781332600938 1.9460937376429066 2
1.8724095679160988 -3.1864259524796457 0.4946590153817113 1.9350637501475416 2
0.9773090820549217 -0.5636649315797532 -0.006185878206345197 0.760841100364355 2
-0.35736470544584 2.7221992217107878 3.6430844050020217 0.0208075733078652 2
-3.864146130999761 -1.375176924273281 2.6829428767917403 0.31645355377988216 2
-1.0106261293656011 -3.699399733428582 -1.4488907516636078 2.5433327987131653 2
2.2800124428363278 0.2521093040645397 -4.056901939113516 -1.9690329734409753 2
1.7271443129819755 -4.2307941873003765 -2.1759709534443443 -3.773827791955208 2
-2.413454068433164 -1.7726880055489334 0.6627371978529178 2.569168770245021 2
-4.496100580456011 3.143233554698815 -3.513388987983359 0.5218025523771738 2
-3.4166820650707286 -1.2955370617990796 -3.5949808097973763 2.4327487830422627 2
-0.10266271164712293 -1.042046988719608 -0.6368770166029623 -3.2415314711365575 2
-3.4745147887459904 1.9402993686344336 -3.7129651010151092 3.6025839742210373 2
-1.5173051965883948 3.33223577417189 -0.935530403808931 -3.082157822610333 2
-3.76434078396701 4.04231669061438 -1.8829299353968525 1.0773386219524443 2
-2.999983499209948 -3.8557248216056315 3.8518206288895938 -1.358132929837741 2
-3.071495465838126 3.029462339189164 0.14694407834659584 -3.4122288950105863 2
3.0455931374009 -4.126311484187012 -0.7101010164915996 2.045342075859763 2
-4.281485856094776 4.216145137505958 1.1271666479836289 0.7067782167310055 2
-2.9879009168452555 -1.2431932512058894 2.749472113791885 3.2346806804209325 2
1.729330948171076 0.9975934831428628 -0.5191539048159144 -0.31017202582602854 2
3.4216256738452464 -3.7467084161118156 2.971024516387055 -4.386125733955195 2
-4.131733997087986 4.254955503123622 2.744127143205334 0.9140931014177488 2
-4.454746752267351 -2.843643750446221 1.0669540701506928 4.112771860548152 2
-0.8727193874250202 -2.229223138204883 0.8075673383680919 -2.5475157417867385 2
-3.327824970211031 1.9398902398061129 -1.9037431674838179 -2.6305089729037876 2
1.1237158958706464 -1.0867672674332094 -1.3068985372002082 -4.44447339261938 2
0.740831412065147 -0.7359359806338822 -2.35781038113828 1.876269179552315 2
-0.5741767098153419 -1.960203492591433 -0.8930888347395014 0.4230020677599986 2
-2.4613708995936103 0.8037848614757669 -0.5298969234133708 -1.3477890856993215 2
-2.8811922907025878 -3.895335188111715 0.8613215776464397 -1.6660683893017507 2
-2.853752669410661 1.5728411617964093 4.358013365885725 3.598535637006846 2
-1.608569692088611 -2.52063611159818 3.7849251868658875 -4.4309079829149525 2
0.10682991637351569 1.7407791955835399 -1.1439980103952565 3.1126834424780396 2
-2.1184548480115457 2.213900064211175 2.1242442435945423 -3.7695642878570954 2
-0.20101643083870147 3.021166050337575 -2.2006922954175328 -2.030988576196677 2
0.6815052850358851 -2.47726284800999 -4.349435920286235 4.333741387529635 2
1.0183234405308137 3.221465956053103 1.1514109792072875 0.2836024008587912 2
-0.620566520224458 1.3244318338196317 2.3648542441160885 3.932738461745594 2
-4.213586966147634 0.11151803349999834 -2.3826095868658435 -4.272372514837457 2
2.968132852135797 1.7171923107373122 -4.091328857344877 -0.7111837666040575 2
-2.3432115593061282 0.3013542638052916 1.5396185659803514 -0.8965159694088332 2
-0.9583640265913128 0.9081074240460179 0.6912048194891955 0.5760044621792426 2
0.5997755174508056 3.906683611391271 -3.834345609363033 2.762559437695241 2
4.023036556369483 2.1841496796313056 3.9083653442249005 2.428068531287727 2
3.7626806170292575 -1.2337024732278623 -1.389379923092615 -2.909507647216437 2
-3.2356262740435566 3.106324326351074 -1.701878971010019 3.549676245160849 2
-2.12412752287549 2.524650904580767 2.4184588117884713 -0.11581578628195888 2
-4.437173757127936 -2.629982812608308 1.721736398855242 4.284073309856584 2
1.262474530740614 2.890454779230887 -1.7866641169335642 -3.8403145807681347 2
0.7679827545503201 -3.5262722213042994 -3.3836492623162098 1.5982837335094575 2
-0.7678407358291479 -0.9399513201326329 4.454710432583337 -0.6040296320277966 2
4.288238227084672 -4.167039789271905 1.1112242211907446 0.13913669467653533 2
-1.2472199484441568 -0.6161949568687705 1.0706468661243507 -0.10049310394182243 2
0.6595690542340759 0.004261991447249036 3.026212310541934 -2.5524827136487467 2
-3.9167755939014803 -1.6832683210663233 2.8037981772658114 -4.255223020041035 2
-3.902241339679587 0.9855103713586253 0.07920923221161547 2.1992888003505526 2
1.2990459607174896 2.0714312929335197 -4.1485700626393935 -4.424210785806692 2
3.072161698303465 3.3988370332535807 -2.818131541414787 -4.2791839140669605 2
3.46621270423497 4.1204169082104 -0.32999868746447636 -4.203166599729479 2
2.897963243493532 -1.0667344570422763 0.46485165906974135 2.6278691902838003 2
3.048226614386724 -4.163276550670594 0.5275915462997144 4.342688472501142 2
-1.3994531387767188 -0.5691819884797856 3.4931662528973124 0.1948808332980153 2
-4.092173350240009 -4.158616467360955 -3.5937139555823605 -1.635349203879045 2
3.230638989918906 -0.8824263890161866 1.0037455605924954 -3.640919158063369 2
0.24217345171255755 2.5795885406483716 3.269134277312742 -4.190373080977841 2
3.7858417739106818 0.575542445334991 3.5871059597108452 -3.103706486223191 2
1.5453455249845889 3.86188311678937 -0.6488742456492465 2.97960573426767 2
0.18112595533975784 4.390752827786047 0.4192982758114282 -3.5195219622064977 2
-3.94666013894569 3.5652752263681586 -0.7103995160186017 0.01751488465826767 2
-1.6314598452233051 -3.3674905909865225 4.3979367905184334 0.36681967089229994 2
3.7647682319856717 -4.395837787007105 -2.2874629003816245 -3.4862145933989015 2
1.5611986160423634 -0.9664497943520228 -3.0253862047778632 2.40235831620087 2
-1.4547574661475882 -2.436979447583053 0.8601381323033981 -1.33242302759569 2
2.1261138311019723 -0.21298471563177146 2.805685965977744 0.4883393546421866 2
-3.367703132265089 0.6387628852199969 -3.7271415221543744 -0.6412050500849182 2
-0.6297167230372006 2.1804282204483707 2.601460519439448 1.8862379128617028 2
-3.211709653606853 2.491507368762856 -1.804905087007507 1.8553337890180557 2
2.2537355582191623 1.4744012637222517 0.36768325316149486 4.374448142679791 2
-1.1916814620863243 -3.723422172324031 0.5330023574899538 -3.5920467153007465 2
-1.1803323260373446 -3.6398596163752597 0.8197828316792279 -3.0545186188609916 2
2.6794243444822823 -4.343347380665075 0.07858254407617493 3.670889827942519 2
3.704905135644052 -1.587744374781364 -1.2709576226916368 -3.9442677686477845 2
0.7262700396229727 1.7040727711517039 -2.6226202673461674 -3.025384774007983 2
-2.71656155607865 -0.359787212245117 -1.6819071626756639 -0.9893421703521955 2
0.5222940061162131 1.3515812421458646 4.10869482680106 -3.7000290601147143 2
2.9651905367300015 -1.0161467432989355 -2.6592677332339965 -2.342915002160355 2
-2.1883425777504417 -0.03379294014044065 -2.8052905029299886 3.3071848035555487 2
-3.842564705376522 -1.1957690951444475 1.1386082207556703 -3.4196177920102424 2
1.032179238886743 2.8825761857463457 -2.8204977456890954 0.24708839013113482 2
0.1578663228872158 2.722598128009388 3.2809062397671083 3.603507360000834 3
-1.549140821194992 0.19089115091029463 -2.265263448533499 -2.1337469489582848 3
-1.8154269336380504 -1.487660198318848 2.299422529738218 -3.4205502610709306 3
-4.211681473881823 -3.1443773454819848 -1.0809381508908622 3.0035763838612692 3
1.88079195348001 -1.199807321695705 -4.268548238771941 -2.129429766647385 3
1.881179810733917 -3.5031620361853126 3.456810404383069 0.43791374428002716 3
-1.8410526459396241 4.275091828104736 3.2799266903579234 4.077134529250522 3
-4.453666834933362 -4.001630852509184 -1.5143344038185313 -3.2601342402266695 3
-0.7815942026525874 4.023987030969238 -3.6064647169946227 0.9120480039422307 3
2.938341937349443 -0.3926328215020073 1.2873127345921498 -2.927315438487999 3
-1.2417660164657052 4.382231354386481 2.5772050212241995 -1.7893749570474635 3
0.49595167738354073 1.4753292769088668 2.4377077270501335 -3.0945996095548054 3
-0.7484390418778495 -3.3500105038443393 -3.2681449910867615 3.7060284147893237 3
4.432128396913799 -3.892627680333368 -2.318332825534532 -0.35305439188471166 3
-3.554591985068945 3.194403954061275 1.0882134851136585 -2.3069400416881294 3
-3.3176690621939424 -0.9289404075125273 -3.983607794043097 -0.9488927040487333 3
-1.7893008365051846 -0.8843315838382956 -0.8204295532634334 -2.591041483714797 3
2.1496114709585217 3.700518171261024 -3.331725374549656 -2.1370862158851622 3
-3.4145270104679364 4.104624285409712 2.1130051197363917 -1.476844561637063 3
-1.1252864193268248 0.4695245982695755 -1.1419284055369054 2.75641814005872 3
4.4011838517008135 -3.0657170046107827 -3.490515924623734 -0.1734177302227079 3
-1.2590936934823431 4.487718805244511 0.04976712901804614 -4.302060452157056 3
-1.1709973363331625 -0.43402621422994725 2.4849732184921245 0.7276115605042534 3
-1.4961699256016412 -0.8126636419323489 3.383275511769799 -2.1912412565944073 3
-1.529283292715393 -3.868493732992305 -3.7665844983553445 -0.5214928379572114 3
1.2511989085042425 1.6124765593636252 -2.333377720121088 2.93205897777996 3
-4.344498762279263 -4.469168636215319 -0.7614454217484156 3.9448890923932427 3
-4.318436688627108 -3.23543762778562 3.6637961103598933 -0.24130978163576244 3
2.47571162051234 -1.8719110417726632 1.50643704047488 -1.654583643882376 3
3.3991774524275455 -3.3559212057479426 1.7124038291362034 1.80148681713985 3
-4.031065948647037 -2.3960452416764504 2.3491655361897177 3.398656151173385 3
-0.8218248880584722 3.457145047607851 -2.2019745615692097 3.217806478741407 3
0.912055692183922 -3.12185279580111 -2.6233906380918013 1.136327231205244 3
-0.5800189911970667 -1.8635371380373882 4.316099398652325 4.243401549917391 3
-1.337365232690757 4.413446172810465 3.128700284638092 -0.6210598082314239 3
-2.649842567731792 2.2358510858895277 -0.6994017304207882 1.5477589896281625 3
3.5166365968625057 0.7628554763480596 -1.9479075792328846 -4.032030371397135 3
-3.0860111553603287 1.5242448331127147 2.911399366638485 -3.071308406596273 3
4.162514319856432 0.894722147348745 1.333414659044063 3.6755255620634184 3
-0.141084496575404 0.9406952844040899 1.3957144331840468 -1.7839130259647868 3
-1.616075757500576 0.30823495298858117 0.43170743979969073 2.2865697538776204 3
-3.276439425081331 3.9160392354480615 3.250630055249205 -1.5610965767074179 3
4.023552256803792 -2.099313424872994 -2.8231219099727216 4.497642064074162 3
-0.22653415953130263 -1.1018253991556946 1.9443596113909463 -1.0837559215605295 3
-2.189168602274466 2.0632862970869006 -1.554807811087257 2.2816335337797673 3
-3.6544146370934762 0.5782206051747953 -2.738867394518979 -1.3421847742122655 3
-1.2202639052989408 -2.1246347001422876 0.7016341278263419 1.0610141426949586 3
-3.9003562454180503 -3.6886271416719243 0.21971113571267242 -2.133504687054468 3
-2.331423531286493 1.50327466119516 2.669736887902326 -3.613675906627545 3
-2.7292405378515854 2.700591308599061 -1.048754053392118 0.285048478742405 3
-1.243753130542284 -2.023694723789575 -2.478569573082494 2.9422063367369287 3
3.3863787367558684 -3.460564888845682 1.7367503867976577 -3.270329179968588 3
-2.185460211119079 1.3733772778883213 -0.5315815038378475 -4.040815046736189 3
-2.5363606578089417 -4.269793029132835 -1.1675842298449934 4.331001004327823 3
0.02413556328206523 -2.525422634935175 4.356241914160975 3.661237837934538 3
2.0970657212505137 2.635056452663675 1.493696017128456 -2.327091717438451 3
0.12185487889716318 1.6367822191466588 1.880018999457921 -0.6824606967235683 3
0.7815671443286589 -0.24988420722781146 0.49144525688854257 -4.137541005664652 3
-3.3444768203014617 0.5310336858345682 1.9396478487527828 -0.7684072273495168 3
-3.249666812532795 2.7986204756062745 -0.3136864399754855 -4.204694940800418 3
2.202262796257952 0.011068159788808152 -1.9853955831560195 2.214754553574891 3
-2.1206353748664526 2.6553482597155362 -1.0844933206527063 4.280620292819188 3
-0.12087187886893291 -0.38050234269906946 -0.8749542321311911 4.099845363165062 3
1.016467404236895 -0.37933154874220254 -4.362123078902979 -1.8471453860827405 3
-1.7265336908300575 -3.5281215198873888 0.17963062905658755 -2.892647631875712 3
1.8512349650028344 0.3467268849345707 -1.3868367586514783 2.245012177978257 3
-2.254724817342284 1.5361411932909368 2.992853199246535 2.1344750922534144 3
0.875633743077494 4.232210985761434 -0.8083572708376149 1.1027804867541424 3
-0.9160782812317945 -3.0164710417438445 2.1599004609111985 3.347185718447567 3
-3.860962398020847 -1.911848519321751 -2.247527666168296 1.8491438546834142 3
-0.9005867601952202 2.8101634088795113 -2.888143934129621 0.6415698988840338 3
-0.808441014203154 -2.343763990191476 0.2112173966543388 -1.5545725524904315 3
-0.7072993235552621 0.20707933241037912 -4.119421950926062 -0.2612680556982424 3
-1.9769819646976177 -0.018755142559879867 -0.6449035419697937 -1.6532963402709968 3
3.9653221630932487 -0.5448556507775602 2.8682637178647346 -0.7400637125618021 3
-1.3089323056762139 3.579705810195372 2.3438279643176756 -0.05757945657379249 3
-2.351657435354087 -1.4839935478147497 2.100808742776435 0.836769713656967 3
3.308231742040937 2.0159143290687056 -0.5815200866140746 -4.4846511601816035 3
0.07984071362101475 2.476707233678648 -2.9635983738032623 -3.815495558261352 3
-0.772918876832059 -0.266255845753426 -2.866046423451505 -2.474131510985503 3
-3.8794734746456068 1.1989158696386077 -1.4672087857380416 4.064697559290813 3
0.6965396223803503 -2.222209992424273 -0.012467490794944025 2.449804697287362 3
-0.06422957199682022 2.8979442257131045 -3.940892663567575 -1.833058313645819 3
-3.3209244324451044 2.4235677389742523 -3.360015923084348 3.1929117382929397 3
-3.7421810549049006 -1.683428121729684 2.398121160370352 0.3113782660736141 3
0.828934103334455 1.621057948741909 3.0606910432563357 -0.7422908066690334 3
-3.6811881469485304 3.867566011484067 -4.243061725207533 3.1515187001993685 3
3.6948740137865843 -4.156494331857047 -2.782699355283947 2.821673984458631 3
2.0134712871040987 4.341936418595605 2.041358947231224 -2.6606089906751156 3
-4.483037155051363 -0.49302780138238356 -3.2017012167195 2.5275934656047854 3
1.14196296843367 3.6146857829572214 -3.160558768162406 -4.495013252607663 3
0.14711647994066956 1.9817728555691165 -1.9341304890383368 2.5467492650078714 3
-0.30621482596314775 -4.0071604748892815 -2.9657583764581377 1.642982748459698 3
2.797724230252863 3.287366741594489 -4.408115596873496 3.1158415228893084 3
4.300212141709277 3.6511436183908463 -2.61365812830151 3.6155065925840457 3
1.2563121970720932 -0.6581937756552748 -0.4037233756307709 4.078932440727358 3
-3.6236085400793576 3.177322004376232 1.0373858396652509 -0.5757586111409102 3
-0.013431448511891486 3.622643234234367 -2.121358792655366 3.9953673097106 3
0.3216145802712529 0.37020988251185705 1.2653987837651717 -4.155166240525974 3
-3.0153476352229207 1.5984960816281955 2.930621031868274 -3.760970483194806 3
1.5051132723178888 1.0821906570746411 0.7311677351390571 4.497402912800755 4
1.6758396291275888 -2.7622968803247376 2.3666879017546827 -0.3262422565949419 4
-0.4740586722454868 0.94599368961355 -1.7735565057847182 -2.2406010187737997 4
0.584042909498924 0.05726682610355782 -2.0858419346980464 1.0747073259368243 4
0.6111933303434303 -0.9548242440394201 0.44851155001330134 0.07177763195302511 4
-1.804548053766608 -1.115798823134067 -3.4036929347956075 1.9842541014929969 4
3.6863123639695683 0.31204218177124954 3.527472337591796 1.767634884159825 4
-1.8177481743420512 3.15380702914972 0.7509792259735808 2.0966977404730254 4
-0.41241331232933476 -0.48358216811208943 0.9034421019377212 -2.5783429509677878 4
-2.9481477823182853 -2.9006393093118144 -3.653040200104616 -2.805356544818758 4
3.2953209913992385 -2.6017070522481784 -2.728601001080979 3.9322525324095254 4
-1.2208540200801552 2.152087289170937 0.6144850659871486 3.775866240276305 4
1.6317566046423455 -2.07198867296747 0.8147764218042064 0.2560176455967612 4
3.153721696919747 3.4938944149243247 4.441385824660176 -2.916755599622963 4
0.9898457764885643 -3.2054456371583053 0.6947682779848867 0.76919957916174 4
3.6137671486803633 -3.786296969670615 -4.437579091334834 2.679971230928643 4
-2.7805580777497756 1.5795951115813698 0.5270423960177167 -2.311455916583326 4
3.7510601607994105 1.7453188979025378 2.73831427593062 -3.9347486019931077 4
0.8857642537532051 0.016358139028033736 -3.3297218791178564 0.5418825653003859 4
2.1295950148844325 -1.5977199967435363 2.1555819678468175 -3.2739754897549562 4
0.25512369819358705 4.198468944684423 -0.6649259314185478 4.16967007723794 4
2.3601928685104707 -2.621636410470272 -2.9272311542966616 0.9195250920838374 4
-4.113668089418399 -0.8815326788410277 -3.382385812832115 -0.579024959887567 4
-1.6852372014652404 0.9429513304948517 1.8770366637873845 3.5194835612970645 4
3.736148358598755 -1.2342315940061932 -4.344829596376077 -2.4726379132434353 4
-3.5823783147466806 -1.8491423044249697 0.4368525287389564 -4.123595956402006 4
4.162844666209766 4.4197402944068065 -3.1603559610986554 -1.158888054050125 4
-1.5710160630159185 1.657360844246834 3.4011822088523216 3.980525705080514 4
-3.0775188503394926 -0.2940768415459978 -2.193345899021195 -4.359912464715814 4
3.920270012583948 1.3013462431896823 -3.159874943399794 3.059526496754386 4
-1.1088731868580868 0.40066318471210594 1.6124710439664884 1.1654917166156822 4
0.5330667682286006 -1.749601410857303 1.607829690112446 1.287907489097614 4
0.8792300233755032 -1.0489880823145303 -3.8605488688828786 2.3528444074522525 4
1.8020065355317345 0.5835334599840292 -1.9921126181739837 0.044915212251629755 4
-2.606234878243355 -2.6313455732749516 -4.353518645270878 3.707764793276535 4
-2.632204916415081 2.425468267709868 3.9819789581245018 -0.04276568280014581 4
-1.9149588718443695 -2.8307747838047863 2.4317597683752554 1.2009748710783916 4
-0.4593834946398684 0.5164540110378779 4.06092338102043 -1.865314528799726 4
3.969298227706842 -4.106516634109048 -2.945975374553523 -1.1534038241073201 4
-4.014992210674219 2.1795718929965178 -1.908038141632669 -2.2763713322068937 4
-3.36134476849176 3.0546062253842017 -1.984322409443187 -0.47158669620101856 4
-2.0523612353646787 -2.8968533758261286 -0.47381763784492203 -3.8392023335406833 4
4.347189694410822 3.148359287194171 3.0642420171832327 1.4830006127419733 4
-0.5119782686303271 -2.5871436648579484 3.554842812807675 -4.14432313890172 4
-3.645200790668634 -3.317372961994264 -1.0593117989257417 -2.977809466303352 4
4.23987706069608 4.242669542831377 3.6068566628440983 -0.9964244600789431 4
-3.0457517206429445 2.8743561929359176 2.348768692436292 1.6965977021740721 4
2.7322265524698044 -1.796832522712086 3.426581812446524 1.2216200112908777 4
3.0560074332257035 -0.23491135091063253 3.6558548561025557 0.8633537569838755 4
4.020145211702474 0.3277286940222228 -2.1436012635828137 4.4307122144024795 4
-1.6513975102854208 -2.5162053692121464 -0.42929317638346487 3.7541746528122135 4
-3.4265859867084942 0.03193169139654417 -2.0302505380340428 4.394057335210619 4
-3.355265926375812 -2.2207032717050748 -3.3664529708408852 0.14971475759520136 4
0.9368180311044746 0.5249841581847805 2.397323356974541 1.394801931149865 4
3.442882796263525 -4.43632913746581 2.382310435414082 -1.8594914846498436 4
-1.7945020378698113 -4.3455952475386415 3.3359405962888893 -2.4206869833370526 4
0.3645468754244868 -4.201940415786407 -4.348164320600404 1.1360245681351513 4
2.3799636678014497 1.2834390923867112 1.0336548574451512 -1.889063924095459 4
-0.4835431733906326 -3.440296920741204 -3.3183991794184244 2.7667358591782985 4
-0.1207438688026109 1.723614975833419 -3.290614721292026 -0.41308139658427956 4
2.5303528252605996 -1.3808426687195698 2.050738638031037 3.406907360440679 4
-4.46342200385788 -3.819498896478951 0.8184957365389203 3.593419380227354 4
2.216748280783473 1.08877440197009 0.22195552111683492 2.5558035372318084 4
-2.0851016242684954 1.178721915757223 -1.9628308273367074 2.384158979826451 4
-0.2801521844262097 -0.770658475646935 0.4121282617667058 0.8712698228629804 4
-0.13621407126941465 -2.962587372527387 3.4409260124796703 1.1803234164874556 4
-1.5522960427694483 -1.502770574623132 -2.5029800637886153 -0.022793371447989208 4
-4.178092343894053 -0.24351330210566946 0.5500155567036363 0.1301760939345934 4
0.3579589844886849 0.018800121723616448 -0.3438506228582364 1.6947772966440198 4
-0.4173420348563367 2.84044818519358 1.5266034226613043 -2.51936213435697 4
-1.5631892031713719 3.4577765708179236 3.354001340091625 1.1954615088942595 4
3.6741292850421634 -0.9116264809218682 -0.8186838243181008 1.5356099291911893 4
-0.5145143196764369 3.3017134439925635 4.244945785936633 -3.1823947852223067 4
-3.172744987802539 -2.9783105569051562 4.332090439342755 -1.752919111335387 4
-3.3185725309737575 -2.5357378060264475 -3.184127860661771 -0.9534104962017127 4
-0.12748004572943905 1.8900201535702723 -2.389300137991997 -2.8592634478706938 4
-0.742179451533374 2.144752453970102 2.6920511271240835 1.6964402915614636 4
0.43017211142294587 2.7055537380560084 3.0493275600427916 1.0449420091445798 4
0.1121890340988475 0.621145865837817 0.8982275503600863 -1.1144699740416866 4
2.1687007896096544 -0.48476343375634356 4.25858308976144 0.9682957589787174 4
4.182551289033648 1.93105922773612 -2.428845207941242 0.8382426561495372 4
-2.775489603177233 4.4925778473035445 -2.3031283139466217 -3.574434676093363 4
-0.9703999965129118 1.2898208240591815 -1.5562894113289958 0.7686244164615539 4
2.611492831288176 -1.25277378430268 -4.042144791607979 -2.5787086040975455 4
3.1799909232504255 0.9968092641566423 -0.38120933589556594 -3.9253775907841377 4
3.654378812961941 -3.349793566016179 2.941402248391878 1.0343334757551972 4
2.5764771043777466 2.585263935781267 3.6660170155080376 1.8722708679731999 4
2.7773024486180757 -2.8239415783419783 1.76075038659546 4.040511719922295 4
-1.1531905944478857 1.8152256732481666 -2.361506210688895 3.103076714119842 4
-3.962464773362667 4.324508434783539 0.9804601184835233 3.2528648544313423 4
2.4913892577573016 1.0899269671381715 2.3678802359690003 1.5644000350234242 4
2.306493100936329 -4.492660756252686 -2.5587415560283002 0.10078982941131964 4
-3.192053142782114 -4.031476190008906 -1.1329314526985355 4.080518542372878 4
3.0081861928783282 4.1262314238733815 2.5391085663766813 -1.040194202416153 4
-2.443391291472035 0.6756299184906644 4.12571158310136 0.5960730473334227 4
2.9074118569694827 -1.1920670604985215 3.3441390562045 2.9373846029101136 4
-3.722454592404061 -0.9147074357044164 -0.528836646564547 3.905490582055764 4
4.423765010998198 0.19240269330883142 3.631048519111259 0.4331128008785917 4
2.4203656292771365 3.438616525121734 -3.8761451178795348 3.1837299038079476 4
-3.1480779815709363 -0.9850252185027571 -2.948346330550848 -0.37717298902656915 4
