500 100
0.12549009395421218 2.458485468713671 -0.4705256385591575 2.7677755740699244 0
3.333849171523314 -4.427577463231639 4.172297322909955 1.6114911437249693 0
-1.7123766704531629 4.118433654293018 1.9204264030838352 -2.4527210298573436 0
0.11805041041098419 -1.6354401761511124 -2.787113534196127 -3.996024065966847 0
0.3527994368308328 -2.508705518150161 0.41980921486722067 -3.7744608348894806 0
2.75833222131843 -1.419708369467841 -2.564558464307673 -4.3417973527600635 0
0.34999964160430164 -4.447135930040475 0.7803054102772712 -0.9415075216636868 0
1.5583723036247283 -2.6097816403913567 -2.3106388651166814 3.3297536159649748 0
3.893018335908407 -1.131797254666571 3.586252070105446 -0.826246354971802 0
2.2717702987735175 2.3682510166096975 0.6517289038273644 -2.65791187659845 0
3.334495097445751 -3.508999395690585 4.479568435836411 -4.374598063743921 0
-1.7991721764559456 -0.22584810644578335 -0.4084851201245575 3.6650545962789143 0
1.5564304724992724 -2.1816681037144403 0.3582263308308212 3.8248715768171695 0
1.8103618775203878 1.4130005343683618 2.2912715653971913 -0.5009064109873151 0
-2.861930180592952 -1.601433064538093 3.5565564377875223 0.32216382963073975 0
3.4878371122874547 -3.749857550552189 -3.959060864029792 1.8441021054043076 0
2.2190770812636735 -3.9388495591487125 -3.0177026889819296 1.5435100626604168 0
2.083330139154556 2.1826021949418943 -0.61918348410769 -3.781563580323536 0
-0.8287576789350485 4.42244699008633 2.7285146623369227 2.5022258367270784 0
-0.43076431117447367 -2.7910931118487063 -0.8170579542530652 1.090054387806529 0
-1.3353617511055567 1.9333049978273387 2.2114673880301767 -0.5637401278667663 0
-1.2830817307341094 -4.035433014044316 2.3554992598824565 -1.224450088180505 0
-1.6567289608323084 4.489241504084828 -3.5735552328371534 1.8589890035540326 0
-1.9088562904441728 -0.3438371572577468 -4.392671313002637 1.2123676645923136 0
2.1174129988557593 3.993110556708237 -2.6222252422835197 1.1545348239303128 0
-2.921376216010106 -2.588207616872399 0.16159292771964018 0.7031746965741918 0
-3.3077014834449447 -2.6218692697726835 -3.4154829877941535 -0.3483249202362062 0
4.461191500891765 -2.2801875127441855 3.536641680093564 0.06852282632026407 0
-3.5095215725020545 0.020882144385049428 2.311733818373468 -0.42405028958422386 0
-0.39490366298973567 2.110412060512936 -2.3882040333142216 -3.39501051402101 0
1.088491871900695 1.0896320401993247 -1.2685187160607132 -0.8747451115800144 0
-3.148446292235702 0.3444709138651251 -0.49400544447185424 2.0708099848931463 0
-3.416874808394693 -3.1227703018074333 1.3831109432345876 -0.8949349841146196 0
-0.4483929886737713 -0.6383488751396205 1.0749931298021036 -2.4036797904242286 0
2.1029587275441104 -3.8378560494464367 1.7630031883668384 1.0519908714113664 0
-1.9909275321335254 -3.012356028770939 -0.3146854058412608 3.341113615131452 0
0.07279324614529581 0.7132603732336285 4.401460299086646 -3.3323352374888198 0
1.2474713540474631 -2.5737686609443036 -0.5112667145922533 1.3274633810600254 0
-0.7418011641936271 -0.2986723746063108 -0.9599548888502245 -0.5577268746304366 0
-3.7523770594450228 0.6324561724611948 2.1570528770480344 2.4949964451104667 0
-2.44334193601708 -4.17843252196681 -1.3020259790663538 2.3870009534743915 0
4.180763503980064 -3.828060480979967 -0.7459181368172045 -1.691079562882666 0
2.074322167681129 0.023669312495594785 1.0787600492832792 0.928631458965366 0
-3.6665024869257654 0.21554418923404783 0.3556028510161896 -0.576490077268943 0
-0.592038346684649 0.43214766034020546 0.7217869312895197 3.0964155179948953 0
3.9150627147075596 4.455452726612414 -4.234385991234557 -0.7724225853543699 0
1.4608626640253672 -1.3128275513152436 -2.1812423459437653 -3.139528217589238 0
-0.5475868737089712 2.479642888793685 2.4102478779696694 -1.545567997896992 0
1.1582155692189338 -3.618081709689216 -1.2879726955455864 3.9346885823882216 0
1.3642745406550398 4.217544075162174 4.097000282068305 -3.300119233769211 0
-2.367432296432864 -0.9654862768189517 2.81611775670901 2.602727706839847 0
-3.7560130679546786 2.911957204144353 -1.7401157239918286 2.9101415770937558 0
-1.8945332658731253 -3.02401725830361 2.7345349219810005 4.32336909364273 0
-3.0317845472897176 -1.9983267650596135 1.6428244528945661 4.074055905901782 0
-4.4364372941820305 2.2388003789132993 2.702577841637167 -1.9456479505184832 0
3.184334046051272 3.8313218920200294 1.4897556583528528 -2.044719902586711 0
-1.7806957937263896 -0.23282674722495722 0.8627682461206949 -2.0935658525584353 0
2.1628392108269456 1.3557350050406147 -3.590519212211155 3.350288714233456 0
-2.0914404986837227 -0.9965584729295728 0.6782848396884151 1.3185236521556059 0
3.6471679109428163 2.0775794997818786 -1.774596128909517 4.070230689349206 0
-3.8137847813855754 -2.6434955684054775 -4.348914956125083 3.7706299991389605 0
3.4948654702345663 -0.7856541454931668 -1.6083997231401683 0.8892103780024954 0
-2.6594010136909954 -1.377617693652815 -3.5027226304488313 -4.144498782174391 0
-0.7902097041498346 2.297560574054187 -2.6324042253756317 -3.1385453085816497 0
-3.3022435375642756 3.193390069349902 -2.4156989396441135 -3.1035479809431257 0
-1.0817264145863663 -0.2080979639246351 4.307186576604352 0.36650774865892644 0
-3.328616726361825 -2.0502236118534465 2.1304525901738645 -2.7301069034938292 0
4.012541745648651 -0.2308002598627925 3.4210350857004137 -0.5161424290920176 0
-3.128160444215684 0.46932331655904547 -3.5234252566963153 0.9827351452382896 0
1.086022846792728 3.1412393107924754 0.4294559841126281 -0.1487876432901133 0
-0.6428805795435032 4.122782563855603 -1.593433539826684 0.1251574832613761 0
-2.7387863997726996 0.1493036458942414 0.23493674740188053 -1.6187617140158006 0
-0.8856521210663363 -1.9906526287297406 0.8821606604948866 -3.276577308551394 0
0.9368054595411632 -3.7829482475460416 0.7614695936588188 -3.176593088721974 0
-0.04366882955447782 -0.23335213042265823 -2.795089598600445 0.3401699327962697 0
2.1222489341379696 -1.8588932727892133 -2.6511280138726865 -3.294949198504628 0
-2.546200138571469 -2.6497744610237235 -1.169811460175957 0.6930820848788257 0
4.338453218022974 -0.42368669524211355 -2.3902650899767877 -1.6531651968291459 0
4.128164723194048 3.564959037532503 2.662594443753065 -0.3349360872753028 0
-0.5318366690792578 -0.8103420953348746 -0.505244829529323 0.024816353669003588 0
1.4486775483163181 3.9058320451838044 4.418269957966359 0.31845091764765177 0
2.740832775977432 -0.22972227746717 -1.7026772416742757 -4.449764526732093 0
-0.05450747280623813 -2.201444888264292 -1.353127856157493 -1.1855452490736986 0
0.9674474239113836 -3.930578342899557 -2.844803736175411 1.7857304654563526 0
0.6432610816012211 -3.676686790639483 -0.8104003903943222 -3.986971850904303 0
0.18480734422242384 0.8788716583742482 1.0949702625090865 -1.954754124663407 0
2.453772322196363 0.22600825339871522 2.5017537048385465 -3.40950756905623 0
1.2534762379590976 0.36330202881315443 2.383957708637218 -2.0351685696778086 0
-2.109758082859765 -1.7011935743751836 2.7491454857863777 2.6495705637350095 0
-0.5123598483735369 -1.1083783888631022 -2.310473693960753 1.225704338678157 0
0.6058654185097032 -0.7841234673024762 3.1311900533157804 3.579533101823814 0
4.08061732816001 0.8701111403493128 -2.910616419291954 -1.879853614431532 0
-0.23322575661963307 4.459495846761822 0.1175284668117812 3.0289618326131773 0
-2.471456009021007 -0.4111033717778273 -1.5735619078385072 -4.1012584261195295 0
-0.5922210525558104 2.345018519167221 -0.4384592364027393 4.056774096504354 0
0.6438256313790692 1.6925056352425063 3.793302535200281 1.9870456922723965 0
-0.7922120280619095 -2.5431927471911338 -1.1323157526959404 -2.2005220040746236 0
-3.1781992851887813 -2.20765612645843 -3.143036950538241 0.3354753498411336 0
-0.936756038807289 -3.8840039875799683 -4.137306774257272 -1.9536001968650059 0
2.700302751101486 -3.8814457222786642 3.841197008141964 -3.2993087839243924 0
-4.164340100846938 -2.7063514714907293 1.3876272142683774 0.5589585255220121 1
-2.4994778826746984 -2.118096436175343 1.5030409897675405 -4.127501170309757 1
-4.3694145449674116 -1.0328083562889474 2.7440098208679755 -3.1834423054728878 1
1.6444377280048577 -3.6148564503572977 2.363227193837615 2.8310416987586984 1
1.749546905453263 -3.673168840303816 -3.9127199717082557 -2.8142629353701567 1
3.418635223024088 -0.46767662679082234 -2.1851856396191036 3.417897304275011 1
0.5787921769360073 -0.7045382213264378 2.0519141700325085 2.561328257004786 1
2.7275911089882303 -1.470930122245035 -4.379839743018893 2.1047450529128446 1
-1.5656264568115483 -3.4655287995739172 1.7843128460971467 1.8860101130801368 1
2.8598096086339986 -3.5959562909418072 -1.1803414112714765 -3.6588840915545813 1
-3.6386404639892436 1.7731034489453195 2.837224682207121 0.463199441128312 1
3.94636736376728 -3.6125396528675227 1.4333717373252526 4.400894840202662 1
-1.8587071015290824 -3.328340036611335 1.6549728849963197 -0.3316764596556929 1
-0.9209323200791628 0.6125301800110831 2.550247922035657 2.3079025442960512 1
2.968465362428392 -0.644094735348886 0.10347926864223611 1.6261069691829082 1
2.489708588118118 -0.9241087822785932 4.05166731188171 0.5496350380820312 1
-0.2755269631016287 -0.4282633451303606 -1.5147357555191174 4.34263828407763 1
-2.3915450547963513 -1.630343908073504 -2.747823083773998 4.161335283623881 1
4.24844160264846 -3.7214095045181956 -3.7728972796698046 2.1718061803180664 1
1.1887788971456164 -3.2170994141331968 -4.284736643946595 1.9701373079735145 1
0.09076625036130659 -2.7661911628133637 -2.6587049776213876 -0.11820784907426052 1
-4.273587320889847 0.11035263977668974 2.8022525884923364 -4.103035273469521 1
-0.5003102323871018 1.5463095981523491 -0.21231328348742895 0.9303960435576124 1
-2.281173567161186 4.193895670928078 -0.5899541281654265 -3.287314269824477 1
-0.6362805041670828 1.3743344048252333 -3.8822243746851997 0.22778090557631037 1
1.7136598485409071 4.041424651141794 -4.425240032225956 -3.1118395426638186 1
1.5334875418794511 -2.8535921029102984 -1.9862165873986521 -0.7753979855222493 1
1.352152389707669 2.8142761477358063 2.5146386940071883 0.3762521793509026 1
3.065627740255597 -0.3182100722995227 1.7175785505483394 1.974650301180761 1
1.5242801054492703 3.789985426163696 3.447328645987854 -2.5815135874386645 1
-0.04477816386783029 -0.35674555778952455 0.931322061252233 0.6525670912498878 1
4.132737767471259 4.388893915205463 3.6769020328326305 -1.5902272134135598 1
4.0018354956763345 4.139493384381433 0.29822743995798995 1.6856247924528471 1
-2.200653899652554 1.0332078094451007 0.8374945712896728 -4.278478758290142 1
-0.06351768390827905 -0.18221100800920775 -2.5721286484019505 -0.20776282545434865 1
-1.4851220447211007 -0.35935048599183383 -3.5704609171361565 -0.40613185598288915 1
0.005658320757649937 -3.867136798050761 -2.0758496002542497 -0.9283903951504263 1
-1.373045136090926 -1.9261998454386684 -1.571327925868471 -2.2796623386528 1
-1.1888567175317823 2.9865498851260757 -3.029790793335744 -1.368257799883346 1
0.274018397287365 -2.617119273054416 1.0318535573506082 1.6695195022687719 1
-2.0338692602573047 3.8238055035532845 0.08747029358886271 0.9263027397339909 1
-3.212363852548876 -1.0991773425595222 0.7460648605017506 2.3331800574444035 1
-0.24121493085556833 0.5380102717858533 -2.597580361251018 -2.5316017612231176 1
4.2693566386751245 -0.6990603044224166 -3.249925046711941 1.2624485123698321 1
-1.5078371374624862 2.9735026977928958 -2.593567328975431 0.3096523231084978 1
4.162999981573595 -3.9486861496039993 -1.5137594023017868 1.4080606458701612 1
4.434908807359077 2.0941037255733077 2.7537421985897 1.8224433624325722 1
-2.8427069759448447 -3.493176168705677 3.7585437819118943 0.8417853368372662 1
-3.823383607439374 1.0529543685439173 -0.26916021267772816 0.8078445546594941 1
-1.6449663307159175 0.24553472126423936 1.3733132428495138 -1.4419090743803697 1
-2.87929280468533 4.204901697104429 1.4850734241625843 3.4631720851112977 1
0.6703987464329223 3.0343690005896145 4.081399106371035 4.038496382690769 1
-1.4967794395941327 3.6659471042427367 0.3215405986835719 3.1460659334513323 1
-0.45354344313297335 -0.8947785934310643 4.3667525566723935 1.3262663469203329 1
2.6299921419813326 -0.8569585548175669 -0.2943154124383691 2.8761702814476737 1
3.453571439526331 -0.8097328014514438 -1.9207458362600485 -1.4905280181434297 1
-3.635433783747053 -0.15411862146467858 1.7626390597894033 3.1791938864495846 1
2.4363107230573258 -3.207083744942372 -4.440822055959125 -2.9518947398147737 1
-2.8175337700854426 1.7058802047649475 -3.1807967504074615 -3.5892653504351606 1
4.357263298049898 -3.039074965765819 -4.04567274918536 3.722776881022531 1
4.474048441374072 -0.4718852209494836 -4.343494752436682 3.0304223063645592 1
2.4720299345471686 1.3310904558693886 -1.5965366615708345 2.478768432117385 1
4.195251712340697 3.1458471398341534 -4.312443472722758 1.371010920202633 1
-1.1910256786673923 -1.8213774675878946 -1.9199265899399025 1.3666461390604514 1
0.500482882282529 -0.5798946201903733 2.4319343818577934 1.6963754465177519 1
-2.255774293600507 0.025293229463359546 -4.292618459049296 2.7741889807461453 1
-0.22120549176262994 1.4941092363865227 2.7302427176251167 -1.0065103512810443 1
4.446499001822401 0.2635138220766249 1.9946720751616795 3.4735179743181566 1
4.352177401688416 2.9907725031830137 -3.0637174933564295 -1.4391788958184826 1
-1.3225112802222991 0.43733287790238773 0.009325233905104424 0.9915442379618025 1
3.6930209574725206 -1.2556308001595031 -3.7810647197633003 4.260753728249886 1
-2.518978077962596 4.18252275794363 3.9862017781660475 3.4891448365942366 1
-2.2140698676317143 3.7407972787181536 1.3769754530496607 -2.785862092904388 1
-3.7868422266513786 -2.910402113114746 -0.9102997271874338 -0.48071401141446235 1
2.1768272336224994 4.138908192056247 1.7118606243220038 -3.7500949220358972 1
-1.904972116641583 -0.7885239877928178 3.855824494238063 -3.361349009572919 1
-0.07167491197632458 -0.11963504677242232 4.28792759102554 3.572081614887237 1
1.2744648578193027 4.440682724682407 3.9030449031771304 1.8080955012335014 1
1.4771934439859316 4.078325063899201 3.078786019404104 0.6409906549961769 1
0.5846443632067231 -3.97196104084506 -2.2446820893706967 1.3222828299516904 1
0.013589002777179782 1.8766803580960771 -1.558542595080512 3.2298698903349745 1
0.41672402021155486 -0.06051813110077042 -0.4997193521166684 -2.2023854843111312 1
-3.843133000793358 1.4353793980337972 1.9564882307818536 -0.4962239466832057 1
-0.9489414803998364 2.1898864241112337 -3.2436461298458785 2.1834410131569237 1
4.009360438144246 1.46318710991852 -1.7432850582163875 3.296156122122165 1
-0.7117755853857476 2.021876163815691 3.031454807605905 -2.534047085928785 1
-1.9119769202568913 1.3414425374656367 2.4315703141040763 4.376391836875873 1
4.3630522754582 0.6756032844936246 3.604059776885335 0.29548217489666506 1
1.0903691175540917 0.2447768477589527 3.366939227566406 -2.1214030738898146 1
-0.28336707459876465 4.490625691984629 4.4437059856930645 1.083979283698563 1
-2.9137346365403674 -3.3287934656479354 0.345783911482474 3.133608896062081 1
1.9089682920398539 3.401152864116043 0.9700752027168995 0.3409829419075062 1
-0.5881040228843245 2.7447217438189746 -3.3825755320956663 2.3378051192136056 1
2.0039137691774904 2.5883510917390167 2.373843963997336 -0.9544798428148051 1
3.5809826524719957 1.8600148008077335 1.8727080694997826 3.305419462243208 1
-0.5275539954594042 4.287782740240941 2.0144178207304515 -1.2296959640492888 1
-2.598470140238073 -0.05340599596873563 2.3257033707944297 0.1264790923943686 1
-0.3804695127845066 -3.37247703987165 -3.4756612208508395 -0.027432643357883424 1
4.395954134714654 -3.9201770963104927 -1.203723650070398 2.954159983079162 1
2.802498553632217 2.8171596692056515 -2.5159795536244425 -2.7017895313248506 1
-3.5202645648920217 -1.1012757118151444 -1.126301845362732 -1.3958800637822635 2
-2.4888189901719335 3.673888979128858 0.6689964849571505 -1.488117410393056 2
1.4340622042594473 -2.553642300118912 2.224849537762646 -3.090837468858057 2
-0.3597582235597958 3.483633555990873 4.134592845045432 -3.9696846957779885 2
4.466909613807243 -1.1239024559320285 2.318376457381326 1.2981559337010717 2
-0.1873817337856426 -2.4332789647218815 -4.328887404417925 -1.229591493884453 2
-2.728640162014411 0.036495892505783556 1.6136790064017863 -0.14925247263489938 2
-0.18852523578302316 4.283511817280272 2.326749742069395 4.323749741813856 2
-3.9850046111270987 -3.1580004948260196 -0.30835135402705915 -1.6533563350209648 2
-1.970887127506445 2.772238914743074 -3.1572294816983915 0.9800874152032732 2
2.838405740020048 -4.41400974660994 0.6037458766319495 2.1186204950700454 2
-0.9976882316825089 -4.375322583542321 -1.2494500473081485 -1.6033420864428019 2
-4.3387993983274 2.7696405360609817 3.158528529922329 4.481271355063521 2
-2.0242131876650027 1.911411910838039 1.6521018448741034 3.6570309661558755 2
2.0549962844240026 0.013493976533653806 -3.3399778158913307 3.7143612218686033 2
-3.180470710491655 -0.5280664712605986 -0.4988946410600912 2.0088202304180522 2
1.471348877857447 2.2766445752907467 4.307047232622567 4.438877346419048 2
-4.118739100275139 3.776517996648137 0.5517264372207618 -1.0836721577117203 2
3.7190506257092033 -3.4982030852748265 1.7430725825886304 4.111400606230047 2
-0.030259464159035798 -2.012777066983264 2.4867221463401536 3.8931653067918344 2
-0.31446699730027095 -2.3313827605686424 2.8376562136374783 -1.9783612727665463 2
2.1712834117134365 2.7299801424341674 -0.11723742215445765 -1.68983665759422 2
-1.3420567567115325 -1.6692339388915411 -3.5857597165068746 0.7070823204216448 2
-2.312223391689815 -3.9746011539930866 2.8240463808908145 2.0238086367070776 2
0.6044919911393447 2.5987087637403525 4.490725471243807 -1.843235455278346 2
-2.1486311428111993 -4.384136180292036 1.6342326986871254 3.8532148808889213 2
0.4324072130252471 -4.301921902689488 4.018354313169371 -0.1333467083344172 2
-1.082918018660091 -0.6748019917145995 -3.934353725699705 2.520956613867495 2
0.34498472361256594 -2.2371885671585297 2.7593170658987693 1.708791518992985 2
1.3816999160685932 -2.839706308652566 3.0911506348855733 -0.9900805388126229 2
0.7343740323116554 3.7721334849300066 -4.39775110035727 3.0981865473549695 2
-1.923950365678373 -2.617678920289087 3.1674115115019297 -2.045350061370013 2
0.18438275837757923 -3.7000244178227346 1.3379846626646308 4.229923958517692 2
0.45384490402401645 3.2227261433384813 -2.73482442061225 -3.301856446040504 2
0.31904206400065616 1.724957769218837 -3.746923941283183 3.9674780733995525 2
-2.131925850273183 -0.8304947552604005 -0.721506258647212 -0.9870836767725631 2
-1.740377723870293 -1.1037763309296633 0.7363163614564242 -3.795155445844805 2
3.748780933091578 3.4712813976458134 -0.542260644775828 -0.5348656263313566 2
-1.4802740618575896 4.028858598303272 -3.1217402161234227 4.241006023814214 2
0.5820337974459228 1.6072682661384436 0.5281897797614107 -0.4930284347558732 2
-2.483054796706205 2.0324617214351424 0.5350859732696391 -4.1176233645856 2
2.315790647282501 -2.9615129012735304 2.6668786018122947 1.7807982204111585 2
-3.7623644503436853 0.5838942769135216 -3.0275280979484367 -3.633894430220187 2
1.5846664066647254 -3.856762736014027 3.4883716366994815 -0.5411404541943061 2
4.345965701534546 -4.181388067262546 -4.292526144353666 -1.138659381349104 2
3.8293501485670127 -4.04595395093978 -1.1290652052482142 -4.020767466337737 2
1.8593622611234593 3.335530922080354 -2.9744607569589543 4.350877106354848 2
-2.7609889010073676 -3.3284753351405545 -3.8300374873612526 0.18484457913138497 2
0.5915630299426403 3.98421636262142 -3.8926268549297935 -3.211852800796465 2
-3.412623587390947 3.5882243038372166 -2.753568468138379 3.3425613484667434 2
-1.1621954515728339 -2.0047925918856047 0.40061809251719893 3.485020972933535 2
2.0879590782587543 0.8079624429038855 1.1663877560535219 -2.6959256658800457 2
-1.9323646798285332 2.6188481529913514 3.143478439143905 -2.43860485266029 2
0.8901137814170055 -0.4210562270207826 -3.458127322895429 1.5078754620576544 2
-2.9349671565785687 3.030577438107308 1.7826685268966918 -3.164174492745841 2
3.936631228317107 1.254710481003872 -1.0382448353165403 0.39967232574045364 2
4.013316096751997 -1.9989208079892113 1.0834990955531385 4.160848214141557 2
-0.7510906984613862 2.2107284967239167 -0.6902579849102496 -2.8620924025598473 2
2.903895881376745 -2.977680961019405 3.0094956826621115 -3.908940807866954 2
-3.9494973324617533 2.091227102148882 0.7924341421757669 2.4083619422518185 2
-3.5926979305004205 1.0217618420315944 1.6051516194927649 1.0496188324640319 2
-4.124135737987654 0.5002953142307516 1.1771291145419478 -4.224533599889963 2
-0.9891477239357552 2.2113159601938257 3.4894682244797726 2.9611587084761197 2
3.5866662456789027 -0.019692971673230586 -2.967223943464595 -0.1758920890710134 2
1.6426434143414175 -3.745197006156629 -0.8274241779676987 1.218618350000388 2
-2.0959555671924592 -2.491464286177437 3.5438625631361864 -2.161545792535432 2
3.6071109768903424 -4.2756406789154315 0.929662641321259 0.05498423325185153 2
-2.3890380834775566 -2.6642005079104583 -1.3025897043553787 -3.4617404392159763 2
4.164858128458166 2.4945389312405792 -2.602422566445197 0.427747961763431 2
-0.9061454314028665 -0.07492355642260762 -0.403006760616307 3.692822068525227 2
-4.431315295069531 0.6619977565046029 -3.6881876115050867 -1.3107597577900867 2
-2.1997110098108763 -1.6284248313231142 3.7852488452995856 4.206538545406534 2
-3.9941136850708205 -1.4997992348862779 2.20443919011382 1.3170889262022187 2
0.47247601325113675 0.9541369137264251 -2.325369715478117 -1.3730295560511425 2
-4.06961870392589 -0.5226765724202389 0.16997093416483988 -3.5601063947693645 2
-2.3879081022458184 0.29264376800253966 -0.31859931662945673 -0.06986097589897866 2
4.156872565128809 -1.8070825237925239 -0.5233429108330458 -0.2487448485043129 2
0.8213828301447129 -2.5688266211234607 3.74410294342568 2.3457076163154547 2
-0.34339647961125597 -1.326382636065718 -0.6517369214088741 -0.09532655784120003 2
-0.6154757377258337 -3.309506749434257 0.6302604939991049 -0.7504644594851445 2
-3.9263315129590977 1.4433767979131629 -4.131173449373924 -3.426319217889707 2
-0.8259201076660911 3.757968467177705 0.2095079533085713 0.689959670121744 2
0.3701643075806851 3.4096230853236893 -2.3517847124573388 2.8741594704118 2
4.487996720874679 -1.8047786499872054 3.519727366003615 -0.9326191207829155 2
0.7867206579804132 0.7415005038763802 3.8992121148352488 -1.7079607524575713 2
-0.7926387962504289 0.023889353199034846 1.0656673572055397 -3.234659055146534 2
-1.1495225658131087 -3.504685155307289 1.2318293840390222 -0.6969502601380796 2
4.406395091712572 1.029577918164984 -1.6989033065766943 -4.433057357513041 2
-0.9736598514515842 -1.7652298765806917 -2.6684011585319767 -3.0907056968864675 2
-1.8534011614218304 2.2677092408982578 1.4052181660238032 4.2101163170975955 2
-4.25912412951541 -4.424699435522976 4.176491397245135 1.7375010107879052 2
2.9881201566250866 -0.7007072247242779 -1.6648499104069325 1.5584446921310264 2
-1.3039255343000424 -1.4603517875550458 0.5393330122289534 1.5213272854682391 2
-2.832195377635088 0.04323709245716001 1.3034246247894452 4.213228479930859 2
4.0109026750791035 0.2656428756382342 -1.8144584380401358 -0.002004086019532836 2
-2.6771008782799033 3.0260465208286402 1.9130006689292913 -0.6217797587369601 2
1.1175477083040852 -3.7577299763597916 2.237169245192608 1.2830297631985657 2
1.9990411538460444 -3.9713662304208235 0.8814646612357766 -3.992943615704887 2
-0.8741543989360138 0.7316130909899458 0.8472223933964118 -4.490200355848365 2
-1.8526210377604542 2.4885901373912547 -4.459288070434983 0.2391537513975226 2
-4.2613279106283795 -3.208379809783661 3.470718266755004 -1.1858017098931546 3
-0.8082288037739469 3.806573479490787 1.03599328290665 -1.1741689858514033 3
-2.9003966693364474 -3.219349458053168 2.7308324824392916 -2.492821580786261 3
-2.905280534904724 3.8817805804188508 0.6657545415376839 -1.8248970052332003 3
1.1809025935214992 2.751127262852523 1.9226132699472345 2.17608742698562 3
-1.5411044293676177 1.364579306489234 0.7206195292200237 0.23751578227559755 3
4.078173982095866 2.7686511931537203 -2.768118265741246 0.24252732708028057 3
-2.6351433864966993 -2.069098018831143 -3.0851105314791862 2.196442345804825 3
3.1459763256632796 -1.5979358594590019 1.1599468314591546 2.3964857199322145 3
-1.7083181223163169 2.8907089986142305 -3.269794862650097 1.7532753604691709 3
-0.3529490860728861 -1.4637324924474302 -3.862912518402344 2.567482499450618 3
-1.1973458888033761 -1.954636695608496 3.45871504574422 0.8723565309557157 3
3.2364778878706293 2.6362949005085237 0.7217474266779866 -2.418738993267664 3
-0.6552933343875554 1.1481285340936123 -2.903338452933053 -4.339383039588593 3
-0.5973985637751817 -0.4772488464325385 -1.1258046709542877 1.2867741941130006 3
-1.1631623160456515 1.0873504388450015 -4.495207648961778 -1.8569920024617057 3
-1.5240471193170881 -4.274373835277564 3.4940678286554334 -0.3251243024762859 3
3.013776952908793 -0.06457562128476502 -2.985348808818401 -4.0146728518419454 3
0.8787213197700205 -2.896067110217123 2.332186835226208 4.0747110471722285 3
1.279944157547539 -2.1683363788737506 -2.4913833411481456 2.941485541115954 3
-4.141657588243249 -4.439251218416157 -4.4540306312275115 -4.3944519762405445 3
-0.7745421798798688 -1.6915108839554651 3.771465340998426 1.6882293115816465 3
-2.5148758929449544 4.029363208665258 0.36993435877452674 4.318868861678252 3
-1.8537470099682518 -3.2247621180135164 1.0677343672632826 -4.040633517895049 3
2.2477214490318285 1.9348748884860878 -4.115154456385803 0.00993195921426393 3
1.5733288024295766 1.5409301019952402 -3.9299237548207557 -1.4740860863741594 3
3.678369868137638 3.461411499944799 3.216372258271206 -0.42006424818678745 3
-0.015680093928357897 -2.132738619553881 -1.8728239396935265 0.6601890922647256 3
0.9440004740375925 0.9940402916658798 -4.42411526459502 -3.345765794089112 3
-0.764656991090323 3.2581456627055783 0.2877875391942867 -1.468728883176488 3
4.4446348985141135 -4.378839472850044 3.8192627059440944 -2.7422631571195675 3
-0.709572080484363 3.5152165295335394 -2.1124209279348607 2.2692493992215175 3
2.237952706722612 -2.040743633377013 -2.3354035273267955 -1.9454089021264078 3
-4.435517049418839 0.7435917473946353 1.1433735239235934 -2.995821683025568 3
2.866160468305886 2.284472765905052 2.054663230442009 -2.6504657798383624 3
3.4287693821154948 -4.216578677214404 -4.13741827778523 -0.2686515032871881 3
-2.581250384311194 -1.0023719653894632 0.5630555834071272 3.719827628747971 3
-3.1473710388931293 -2.0110148182998584 4.437132446257131 -1.0749675197765154 3
4.179358423927226 2.053428072866905 -0.31240915683479764 2.738520063806484 3
4.134550044614201 -0.2188999893351452 -4.451418019460462 1.890015352031262 3
-3.468608552803882 -2.6170123815572115 1.1901045505556112 -0.7797181303074344 3
0.6945008475559928 -2.759362844668159 2.9291710489115705 -3.1895858059483064 3
3.7793279828084003 -1.1679847317143741 1.0755348835923262 1.8842094204115085 3
4.108998550556351 1.86775596372713 3.3973627789829592 0.366227971686498 3
-4.105382309862758 3.635061293393876 0.6606039164844699 1.0406121111121318 3
1.2899603755524156 2.69345732897416 2.5156206752526593 -3.8545328831804664 3
3.663479779656232 -1.2781874876375103 -1.0533839364644808 -4.34914804878049 3
-0.6648467807841941 1.0063040132227918 -2.168112266352325 -0.5932314182906214 3
-4.493191424744097 2.543378950058633 -1.0441434536979246 -1.136296395889619 3
3.9862349898754323 4.493322244666027 -3.0705750399158327 1.1661655791814076 3
2.7460155628890375 2.6827691940933063 2.0806815658676245 4.291305591407088 3
1.1776331276504828 4.090663057070261 -0.0704535248703545 0.6148786501830852 3
-1.6583446355789384 -3.0260785783802393 0.8113656865976224 3.4596476226804147 3
4.153301118452609 -2.0140955443257367 -2.363055785132973 2.187650034444158 3
-2.106342840066891 1.7832539230348536 0.16559261740419307 4.337093544451723 3
-2.7349052443185236 -1.697045118458034 2.996848856120062 1.4059296371196512 3
2.362574712130441 1.4506565967596727 -3.1742533259999304 3.727575192043096 3
-1.5306536991275808 -2.420511291597065 -0.1771474793933131 3.603590209623004 3
4.3928077497942155 2.6976345011012217 1.9782270541617177 1.9826052401102645 3
0.15276257968480234 -0.45361467030271563 -1.2459161712847489 4.0111785309654735 3
1.2032290888789414 2.347088853525535 4.485018003655149 4.093743426451668 3
1.3768538327854474 -2.785255041046206 2.022052229422883 3.370014435205778 3
-0.4769931620891109 0.9323359536065955 3.316766383621133 2.954600642289756 3
2.35951766123299 -1.2062741431379236 3.7393786821829993 -3.271717772722836 3
2.928319133574607 -1.5372644565303357 2.4423994951615176 2.141753797234489 3
-1.3383814486354355 -3.7633962954603004 -1.8066552100516544 -1.7136229724022907 3
-0.6672860474164426 -1.9268162163504643 -3.8367591895128923 2.989796038231767 3
2.5855950191167683 3.440004266235546 3.6063575922646747 -2.677935546718852 3
1.332449849907126 1.9668156538009058 0.3534678622304721 -3.4255940879683244 3
2.797845223568004 -0.2896567192647147 -2.0740534292127384 1.555438124465995 3
0.13862122051019776 2.627242626007435 -2.2219532712716465 4.486354299983897 3
-4.0662824100338755 -3.45756192904894 -2.986351292581109 4.457766491565156 3
2.8658410735453015 1.7851003573216062 -0.9894184175779527 0.1810260567105919 3
-3.117272243398624 2.7809513216365773 2.812659961306221 -0.8983596482766846 3
2.6084158328914686 2.9656110787890997 -1.101022164639914 -0.6646111904644255 3
2.3091350931923036 -4.009693548555137 -1.075895487970449 -0.15690136690581524 3
0.9013247828803342 -3.409174194305307 -1.9205612410115636 2.425624962450044 3
-0.542192004628508 3.8678967666257664 3.956442066298929 0.705330997443868 3
0.5413968598354053 -0.2952952483756761 3.5188543538067334 -1.959107272563673 3
-4.297384509717927 4.188491649246526 4.049596308987893 -3.5965212160043754 3
0.5858666399482434 0.5841164895781645 3.3199225353007042 3.840366322189275 3
-0.2535704609048248 3.504314120817642 4.349884884560087 -0.05156597914706651 3
0.19383017996111684 -0.37280365120690007 4.090189903658513 -2.6660992609427 3
-0.5616424088151637 1.1270483589962765 -3.143793101150841 0.4977743936879151 3
0.38819397449566473 4.184925529844047 0.22680752397014492 3.3878611073941505 3
-0.8827217707140729 1.1387276408649476 3.31459955515806 -1.0075586545703512 3
-4.082967541006166 3.5682281226276196 3.554407652544747 4.2760277784338125 3
1.5310122418063097 -4.422116023156406 3.099264070566602 1.9689326280426016 3
0.6792232430554764 2.071445922052054 1.2633627268929475 3.891362832506379 3
-1.0811672452123986 -0.9662085655929168 3.6510859347764932 3.3398494782360095 3
-3.623541947858808 -3.139983041724999 -3.9484219900970037 -0.2625151942241689 3
2.1931568443622513 0.8599116264047578 3.0012339096095184 -2.013209547073468 3
-1.5591491246981595 -3.393724949673197 3.6847811095180436 -1.6340305546482188 3
3.145264186034293 -1.6605470373695943 1.8984171799601433 0.7091298500458213 3
-3.9082379769811006 -0.7370233978059278 0.32195624825513913 1.6430370436689294 3
-2.054430249129286 -1.8274705333260801 -3.0940806005487387 -1.574866047672613 3
3.34936193677531 1.6407329218387812 -0.5532101775325977 -1.799800937842356 3
-1.2336641517618527 -3.9735981940891776 1.6953079952233576 -1.722483365248498 3
0.4589939831143597 -2.013861495955416 -2.856277873812499 -0.5061825278403848 3
3.180228884094456 -0.9540666662846116 -2.3990804913710133 -3.6586697820513296 3
0.5099484469753436 -0.8247490390755414 -2.969672569947395 -2.557506750237488 4
-0.2343044264975277 -4.460079086450321 0.1749022914041971 -4.3043442502612494 4
-3.6054051219038934 0.9823259665363195 -1.675863719479616 2.6883600664500347 4
2.7112200859801527 3.188509621174906 0.3635061257625405 -2.5645118026973783 4
3.06730750648114 -1.803862691922523 -2.1348234867400664 0.23835852395987767 4
-3.7501348364106137 0.7049152319738249 3.4989741367301583 1.9828985633354943 4
-3.1398675974745607 -2.7459220851258723 -2.9406334126694063 3.1801703234703274 4
0.9133924119189022 0.17252250415667414 -2.772778443444288 0.7558314919177769 4
2.9385408852031434 -0.44320530042834105 3.5379876993724384 -0.609952139184062 4
-0.6401575213962309 -0.8360674743091102 1.0102339455882297 -1.529606534674787 4
-0.806989390599384 -3.0859625962845043 -2.792366100426216 3.917570002313621 4
2.957075319940333 -1.0941585359916233 3.481149648501396 -3.758806101529362 4
-2.8820328019066537 -3.2163568090028365 2.17947954536771 -4.430463401481907 4
3.6476783431472377 3.388796015394656 -1.2745689789809642 -3.0999607391568573 4
-2.2132517171395185 1.3952043207095137 -3.0455610543326093 1.6259095125023708 4
3.5355480470506424 -0.566508039091191 -1.1691322466999403 -0.364892839585653 4
-3.9178548701047626 3.563846603012177 4.042576101154927 -2.0810564752755 4
3.002473037839743 3.806104199333083 0.6412532168241744 3.414949645229263 4
1.5465876429420993 -0.38916136235094156 -3.8152587433952174 -0.6489835347140065 4
0.34374488259373903 3.9433146225515237 1.8314598038490644 -0.10041616208704496 4
3.4183328709266387 1.4222978737857854 -0.2441883556770662 0.41711834578463114 4
4.167449771002883 3.1055033151657288 0.6505608550279468 -3.6452908406316107 4
0.20088679285388844 -0.8182046024067392 1.0409012087379073 1.2268584933282995 4
1.5445186725189104 -0.8929525313068937 3.7043092559607587 4.030965688887828 4
0.1514667968086909 -2.4503480480653135 -1.4920356418160468 -1.5814845107311446 4
0.5462229557523891 0.3131101116622843 0.3025955452024771 -3.618193382164344 4
3.4176465954027595 2.2595951240931607 -0.18262394455100517 -3.7737982881083103 4
-2.992507093694149 2.5993847939865744 -2.72495239811685 0.9347767101288283 4
-2.690620108342108 -1.688077403980945 2.7717502949362394 -0.5699480002789451 4
3.678635550634441 0.9424931615458815 -2.308509855121866 -2.744541641065403 4
1.7891081728944003 -3.512799296297735 3.535613990185763 0.6593718514956939 4
4.26682330661667 -3.4426415817264853 -3.264885062503822 -3.659861067764983 4
1.4476334823180603 -4.467341333815222 1.08764536838936 -1.89372439118472 4
-2.0536137853918004 -0.01703660768758375 4.418947641150287 -1.3208629502187814 4
-2.9097789638926876 1.2028752183327236 2.6039706334393697 -1.9269862421991486 4
2.4835829424293947 3.021946880483317 0.5234960958283024 -0.8705532748755495 4
4.462932533767825 0.04395162316104473 3.2910553882842293 4.481612397463928 4
-2.1642370537877444 -0.8917855096837471 -3.4171515848904015 0.20298808024144277 4
-2.3684076793274045 2.285564667689695 -2.0800104322834185 1.760882074847558 4
-4.2800099384638655 3.6160513765725533 -1.5609589901452945 -3.859561993387599 4
1.2412574536922116 1.9179629207003757 3.4870816048723867 2.7907021389720343 4
-0.5298909450831499 -0.5583369312512106 -2.0098414481495817 -1.7800652146598748 4
-3.8827740694473922 1.1725390795611874 0.0832873152167024 -2.091660179138697 4
-1.6126848181371578 -1.3805741923628165 1.6568964638949475 3.966563409374311 4
-2.2859279784012423 -2.7680918454026227 1.3776329271537617 0.3558382024792468 4
-0.9190660918775232 -2.0419170643389135 -2.9286336018672148 2.2295301306810087 4
4.211084309150163 3.0095095816810122 3.491014322624375 1.7242880650784922 4
-1.118222555348829 -2.914739018283962 -3.7086918333000285 -3.643349206834717 4
-3.410133096890711 -3.6183807663456258 2.884071059101241 1.4965039784684784 4
1.3916256602851487 -2.145939749315073 -1.1134730743109922 4.399289796557868 4
-2.8237980648842536 -0.4263584755057126 -1.1493235350656166 0.8186287865374309 4
0.9323814116848481 -2.3482599688652233 -0.16653938150315517 -1.1364452035093255 4
0.6518795276670503 3.365292834422079 1.1993116113887408 -1.315930663243334 4
4.485130106741058 2.228243921057692 2.191198707015854 -2.600801371264473 4
-0.7044930152077085 -1.8708423240775605 0.12289452306063775 0.014952890237846073 4
-3.28363800464846 -0.5876859083185345 0.9361215639780417 -0.6570992461099119 4
4.469898948877766 -0.9940283740563796 -1.2636051863559195 -0.9004367826479939 4
3.856844335232844 2.004865551928489 4.091525667060126 1.7499199983028877 4
3.5882456712309807 0.46841782936799004 3.2179533242459857 1.950772611922908 4
-3.712748015925302 -1.4589264147599494 -2.481561116154196 3.1782827378704903 4
0.8764605805495889 -2.461889901759827 3.2376942112539253 -1.2792742534054853 4
0.4606434281785132 -0.5609026430169958 3.8953428572549513 0.6187845203621956 4
1.5962251199373068 3.028320770726184 -0.6376312487216107 1.2146219591532972 4
-0.8073412013306502 -3.3686858054747106 -4.228260476297095 -2.946983770176524 4
-1.3417655558785295 -1.863981975705838 1.7546033564400099 -4.05016282843337 4
-3.630032464056582 -0.15180866739433752 3.8313856264367505 3.6760364768965648 4
4.467123067723678 -2.0184862254949745 0.0018636721003879586 -2.6500415807963 4
4.498803756885533 2.2020393547384383 -1.426847328993492 2.9581854281068503 4
-4.2485818687399775 4.147148505068375 -0.16906347055708715 2.544757892100094 4
-0.7861330857449798 -2.8657101823740527 -4.269466997145326 -0.12763525862553382 4
-1.6931561248523963 -3.014650582005761 3.430746294013078 1.1838719052901445 4
-3.499369309271491 -0.1785793691273787 4.13068784973327 1.1685514117186546 4
3.1699527398932057 -0.4092812747009822 -1.5126570944483064 0.3973483367365772 4
-0.19911770540047213 2.330524514241004 -1.7564954135955642 -1.3592990520261519 4
-2.395703144476819 3.188884301792613 2.338886082758292 -3.2572570402691565 4
-1.6564057945865247 0.3247311652199466 -3.780813820987838 2.6051102933083428 4
1.8029619784666495 0.07180058945159129 -0.7558257213947215 -2.94547624734883 4
1.77611878989729 -2.991588581932192 -3.4012492532247296 1.3446020957536324 4
2.388588078035405 -1.0543463847284258 -1.1473721173058054 -3.223122991148512 4
4.413208015960333 3.373304711033493 -0.7518624584656776 1.166408661740884 4
1.6422840154644094 -0.7276727305182514 -0.15590456016601795 0.5368330557482132 4
-2.611606038193557 0.36937099284499497 -1.208140233446874 -0.36108026421730144 4
-3.3107332617101246 -0.0958229709649483 1.2755209863517212 -1.5706659373798877 4
-3.9119117354342974 -2.846635911635358 3.758602109258253 0.19194581997949078 4
-2.1234572871102886 -2.9884562336466924 -3.074766275497896 0.35017268619020714 4
0.7532421405344453 2.716594756322746 -1.5241166367095178 -4.017898650170751 4
0.07292573982962469 2.176199936870848 -4.108890488215589 2.733522195394705 4
-0.38243919982841046 0.03434981240023649 -1.5714110839206301 -3.755105907958069 4
-1.259014053813071 -3.247811269615554 2.188523346527915 1.4111121564410056 4
1.5954150904951756 -3.0112299565111345 1.7902311409426668 1.358396865856169 4
3.402928451735991 -3.362307314976764 -2.610507210543362 2.431074108997874 4
-0.320834727443683 -1.657355902931625 -2.9157212425467693 -1.4547289819415674 4
-3.965096722823036 2.7405200987086284 1.534734296309038 0.7647173789053275 4
-2.486746595470007 -0.9829623649573407 -3.918984455492966 0.743097040750094 4
3.7524784983625277 -3.2430856053347963 1.1803585095104543 4.403543514075354 4
-2.142296265143514 -2.7088076454109444 -3.3519134450942585 4.050545863782723 4
2.359694999823165 3.3595597500846353 2.1825519259057478 -0.24880565696753865 4
1.4911998251911966 3.257444068415867 2.7491004783858575 1.1550479266411435 4
-1.0470178947463862 -1.7951938059431387 0.6769306497503718 1.1161502898931834 4
0.12452839668498372 -1.7539516210560682 -4.1080622358745265 -0.7153736016015763 4
