500 100
-4.061476072717855 -1.8980130618916484 -4.23793496616355 -0.8847517269581063 0
1.9886971214810685 -4.305453750756452 2.806951441357027 -2.535455916320353 0
-2.646695112593049 -4.043040689741609 -2.668919580893694 1.9017356686885742 0
-1.7795529543184485 1.4751926516222997 2.9425404394954566 -3.12189614901327 0
-1.7269704608680905 0.7523214859673887 3.5404610515179447 0.2884758053379437 0
-3.873861408486595 3.306640355937795 2.805128654672428 0.3943085709338898 0
-3.3008353267342705 -2.896878045964515 2.4852345253230244 -2.8414088848155297 0
-0.03663405156459798 3.273296801024012 -3.0925813614068107 3.5470291904131384 0
2.3304945196090285 4.234366128142419 -3.4844353457942 -1.0685584843886256 0
2.3337229750699753 -1.0417497111888352 -0.05673743707076018 -0.5306036069676104 0
-0.8215350350064071 1.9202438509603086 4.312636488765513 0.280097588969789 0
-2.0639720459417963 3.1869258479220965 3.9349947128227556 -2.934195229731545 0
3.71847572650625 2.3468046269814558 0.8672887687275214 3.0638707933729905 0
0.15001683982259584 -2.989478113006434 -3.3654021711887987 -1.0995739930504285 0
-1.811769375520209 -1.9445125947242956 2.027636727156641 -3.618153553354481 0
-1.5550868104404214 -0.3587369958632157 -0.8882475199590701 -1.1428875710036812 0
0.39931523511873857 -2.5433921721625024 2.798102271683334 -0.25085689752301843 0
2.698814942450788 2.040160043668819 3.899392346654325 0.4173859234717946 0
3.1436344205209523 -2.092303758761349 -3.050407714485411 -0.8120988652112235 0
1.0334224003359116 1.374804658745902 2.5104116046708276 -2.969118231769688 0
-1.01865209279143 -0.8068123928446312 -0.283134191057949 -4.136308570489383 0
2.791417945433735 0.9033233884392138 3.740970223966341 -4.076990953979629 0
3.5850630472622487 -0.089709974558838 1.7852620906804497 0.17894409865109973 0
2.9548631899465363 3.23000524051415 3.296907842622784 -3.2068117378584162 0
2.596006292769837 3.4888989348648267 -0.9942274748112135 0.727609334825616 0
1.7897471005723933 -0.4104872315032535 1.2068703601358899 -2.3133912842646573 0
-1.7467635169003004 2.8807596443333416 4.1376031831053925 -1.0994422508451926 0
-3.2430181011838206 -0.8883315136738026 2.6486466947879217 1.5239617304357136 0
-2.419089165536979 0.814119871890209 -0.40360476606410856 -0.8489620986306594 0
3.4764125214163126 -1.5503256862872896 0.3789324559382712 -0.6331889331006576 0
2.7414868681768305 2.6770755552118337 -4.263007354234958 0.11064156529353619 0
1.4912428299677534 -2.302987529495039 3.8984444165537004 -0.18268717113540223 0
2.874206211791073 -0.2915892859669591 -3.5567993078489724 -2.7852953057734062 0
2.151978542856804 -0.35418178509717324 -2.409188305926328 0.20663958039401986 0
3.276771746156768 1.819478628037019 3.138930290548782 -3.4657242958870427 0
-2.988224339103388 -2.8867817418734827 2.8843254023974954 1.218937620881229 0
3.149145256950818 -1.2139897784221314 1.7133355040745823 -3.8645838661820946 0
-1.0706837453021092 -4.129132587604733 1.5215222335013405 -0.9902688832546355 0
1.2074676922326855 2.7376050820061737 1.4652185505967512 -4.310989579130784 0
3.57581607876904 -2.7471286572411904 -1.1512262810880296 -2.764556431257417 0
3.2160812436344224 -2.9094339354234737 2.4814293364699607 4.210499309956766 0
-1.138310112146881 -1.0594911504865305 4.330616786906232 1.1293039010355808 0
0.6358051981397073 0.1002304488706448 -2.7543174841522156 0.8506259738667793 0
0.26169577868515315 0.20882429109874445 -3.316819178361944 1.8629464024672167 0
3.8868980183370594 -2.280816593937514 4.173926292415031 -1.4158675089455555 0
-2.6252725409729276 2.8442735108140216 -0.487266470651874 -0.14310970135913925 0
-1.7651970475618075 1.5785315182158366 -0.47568768485995017 2.742792331729192 0
3.8129224341977777 -3.870275222733652 2.0176349033558196 -1.3069803854470774 0
2.5359249834224773 -4.184073098824383 0.24830807262006338 2.8592195196424264 0
0.08171696375515025 -0.5508749391785399 0.6327404081101132 2.451306802223812 0
1.7146960462246543 2.5132196632576855 -2.750543458945311 -2.9328182880887232 0
-4.074937829949368 -3.8289491894660275 -0.15855737937802616 3.5518994997631608 0
0.9436008501227588 1.9111500240590191 0.7897814635957487 -3.623017203112749 0
-3.1430290664553553 1.032872170507075 -1.526071826519988 4.269292653942362 0
-3.1423411078556867 -0.34441002675006926 -2.11679435476423 3.5918185918100507 0
4.322369509625331 3.0916724202612618 2.0149498115435174 -4.41632972248344 0
1.7272330519762513 -0.33480964955087245 -3.8453780283981542 2.5763527836968656 0
3.7509625850941206 2.093107385774485 2.7329354419915814 0.8116093915266016 0
-4.481095491964437 1.556363249790245 3.0996508788547845 0.0654763621708414 0
0.7087143655619995 -0.1889502696315729 3.7888951720490525 0.7374030974588222 0
-0.574927762421484 -1.2302149013354224 -0.8576592683008939 -4.408652131685656 0
-1.9427105503663378 2.4482295047728186 0.5083538939088673 -2.793315405398634 0
1.942368620598593 -3.0345217672799283 -0.020119158795841585 -0.08873689914129002 0
2.3463699569475622 2.572453517740884 -2.285176907754403 -2.2761798389483587 0
2.1474593718192563 -2.4407861718340356 -1.7811184216687161 1.5221552966517091 0
-1.528096667879852 -2.0148100123028088 4.3721372063096 -0.6199507567692719 0
3.578385671775083 3.8261033335992503 1.961191846994102 3.1986551441632503 0
1.0671800870614918 -3.246267747024315 3.442061328384179 2.4323856810474562 0
-3.262238321250779 -1.2071880776217592 -0.845256525611542 1.0433245655995598 0
-3.460774160352576 0.10649411131777942 -0.025961087036868724 -2.380683882408973 0
-2.1657945465507886 -3.50569897002575 3.800929667937445 0.28309497764251224 0
-2.8069735223562615 -1.584367504109084 -4.2679670281867645 2.8873022282492125 0
1.489852289484568 -1.6923674519929426 3.507345439287838 -0.1660140354763905 0
0.21553879153342437 -1.4960842442972506 3.1630817268310008 -4.194188464182817 0
-3.70498621782679 -3.705428206690986 -0.4547293981967102 -1.371289052716894 0
-2.229364124232811 -2.53566949381086 -2.7173659253932922 3.0638724435959794 0
-3.9357972953881273 2.499993633927693 -2.3506873280794265 3.094089985416544 0
-0.03481081699038657 -2.031744412051473 3.035713061467338 -2.0741485284866767 0
2.7884997438074044 -1.4609149213102877 -1.3856492759303527 3.722161311335059 0
-2.739506475339483 -1.4222704204103795 -0.8175045658765507 2.522076571668761 0
1.5549286092540724 -1.951970008032127 -3.074430516567653 -3.3391088081414857 0
-2.1090990574393125 3.4302705614594196 -0.8854241782118037 0.09922367771944351 0
0.3521693632948514 2.1938862149396927 2.171506752108194 1.143689639923211 0
3.5802765673680232 -2.034350171198181 1.6047522483905132 -4.417932569312081 0
0.30091968164982474 -3.301259022551815 -2.9562019502813777 2.123832877208425 0
4.156696716970251 2.812103348164057 -2.6849068564828746 3.840741203590527 0
1.3626809845740175 -2.679682944806017 0.5995087040836534 3.518455328975244 0
4.237405226174325 -4.180175655423018 -2.2821538058642914 -1.9818885363731404 0
-0.6908919634270677 3.9997281841327457 -3.231310154255719 1.5887319734439616 0
-1.6271122873056578 2.492228673708909 2.4419675032141726 -1.782906577358969 0
4.275824400088824 1.8174113148226065 2.418088474708253 1.5861925458475974 0
-1.7772383424068847 4.217975142304282 2.5055578575767528 -3.113961351615349 0
-0.9385812631921906 4.061781570019748 -0.2063036150973091 1.622981866585709 0
-3.3353456608010528 3.9335775349744826 2.7651857495130705 -2.3957014773766483 0
2.3139722769129776 -4.084926465563518 -2.4044248854469186 1.0497867472062465 0
1.4658493035904496 -2.4608589376799146 -0.7685068778570115 4.491851346891523 0
0.1750557201289592 0.09607766851767574 -4.417077166645409 -3.01613398140063 0
-3.532122651283496 2.8355708266116624 3.0515003305521677 1.7327861781638285 0
4.16207715374083 0.7999415369962161 -1.0627632480120413 -0.8250283387081202 0
-0.8617315440174738 1.4028929314313476 0.39056633872227176 -3.968983329651414 0
-0.9383263515608493 0.856971622387473 4.16375052046408 0.3811262441653166 1
-0.6059415950472311 -3.124172607127689 1.6086473666344994 -1.0975205810835191 1
3.190460978226685 -1.2659933665832266 -4.468145250897749 -2.8575000709069682 1
-3.5792052325020567 -4.16475163977071 0.49110887279881454 1.8111152384020235 1
-0.3966088852082994 -3.3466644741264227 3.045729980073407 -4.382302408467918 1
1.833615288807143 -3.9294331964357343 -1.95463432897614 4.379895986537239 1
-4.472721675301413 -3.6976551108702926 -3.1103056578177206 -2.627513034528251 1
2.7527605195848057 1.810713999881497 1.3127581680671727 4.146979217543498 1
3.2404518128708073 2.71482157381585 -3.873544837408277 1.0909181227183584 1
-2.4422352448201665 0.07824915215215411 -3.774937763466256 3.5840909756249575 1
0.3651282706333301 -1.8566404682779134 -4.092144426796898 0.06424927410903492 1
-1.1770636826311782 -2.0676241143045053 2.2189984901916153 4.0937200162834575 1
-3.6601794904139933 2.278188389490486 4.38487072847153 3.867026880541791 1
2.074776281203945 -4.46737117056269 -1.8273740318864369 -1.72236280578373 1
-2.343335183697435 -2.0725439457307537 1.0529145223617915 -1.995144902281179 1
2.624901700228436 0.06690859236348934 -0.6234217748830829 -2.459679415869158 1
-0.3088209801895373 -2.1340336649781824 4.21386416325583 0.5599620720776568 1
0.9283647741185702 3.3846713799015795 3.2495990642124064 -1.910937474590963 1
4.4396354371581745 -4.257846104848293 -2.823138375897741 -3.0776320280359895 1
0.22184500990919398 -4.107878483789285 -2.60059220401107 -1.3742405451957587 1
3.0929733621172852 1.2447954845928444 -1.6382433815695165 -3.7352809339552353 1
-0.9364135778623619 -1.737416153848532 2.3214834559303794 0.06781478132880248 1
-3.947901092943205 3.5689099446240546 -0.684471643060983 -1.9327945788096776 1
3.696155330243576 4.058503293628314 -2.935473294812732 -3.5095679173467134 1
3.7773834800911033 -4.213769445158724 1.803526734614325 -2.7536705659834713 1
3.385291496192008 -4.120199604076966 -1.6026677935683313 3.217012725054494 1
4.325663025196311 2.329637048998568 2.2730507227131485 -2.250862810245194 1
3.551785096446443 2.264785444945278 -2.1564392127009837 -0.004682185713350995 1
3.655397085779022 2.1677913137574607 -2.5111732503999176 4.368189666114211 1
3.645692542316606 -4.24935011401017 -3.727994892622962 3.4798769978583524 1
1.6210064637420836 3.1170167915650326 0.30152239533026803 -3.907749286529491 1
3.4873512920478063 -4.123751522275163 0.6612470250096114 -0.24841719728819212 1
-0.1955592530859176 0.745474145601148 -0.7987746007847043 -3.3623273851870827 1
-2.499008635222095 -0.6149496129304535 3.618350897940805 2.628909168753114 1
3.033163222146926 4.309358675799946 -4.0569322957181075 -3.1186088095253393 1
1.5189227975923294 3.7638127901942817 -1.5754372940995336 -2.8179608944750756 1
-3.1900917357987524 -0.4372886021983067 3.8260837586443532 1.458242203165463 1
-3.7111596857589717 -2.8539522524271606 0.09770219836516747 4.121383540991877 1
0.34223125895353324 1.6055390741605566 1.2363808835737164 -4.2083473161100455 1
-2.056837393220934 1.2636727947428112 -2.5835168122165624 -0.7902508598429471 1
3.4184250309959316 2.281874737012714 1.24573390998156 -2.761734075372206 1
0.6332874617204955 1.856156000888256 -2.239950676984883 -3.312035046568792 1
-1.521290458882655 1.04721824610853 -2.184200781773951 -3.9408052427303923 1
1.7310708585403014 -4.092019710990462 -2.194522272878368 3.1783995393702424 1
-4.170249453628781 -1.4004989469493307 4.4706912579998255 1.6299110431165535 1
2.7932912658711677 -0.671635507605761 2.6333732465561193 -1.478351057711596 1
3.2588370597766225 -1.8611673673616664 -2.5843709177447685 3.7189469243747006 1
-1.7584676192809794 3.442967331380852 -1.969149933595324 -0.7090614840278355 1
-1.0878883803355661 0.0646531715178782 3.403446290170029 -3.6840565430296723 1
2.6604618493994976 -1.4758102929681298 0.22918919365966017 -4.013199461809396 1
-4.455290836762833 0.7668114353807188 0.15267640859211196 2.4696810391557458 1
-1.353174571501861 -0.4149105503626548 -2.376983014147382 1.3505145297875676 1
-1.8672165071285431 1.3999999819075175 -1.3829874833979119 0.5008099799580414 1
-0.07491913973420461 2.851181083428025 1.817589847781698 2.7676401643745256 1
-1.228118137721177 -2.3135176979930314 0.1315431895337975 1.4095479822647277 1
0.28309435778545855 2.4105779953429685 -1.3517246353221906 3.8084011155355655 1
3.9188871326690644 -2.1377238306232234 2.4838034227051113 4.203989459524218 1
-3.8833844068644425 -1.0476411804976744 0.896488657144443 -3.7827680893323503 1
2.1952144756989482 0.9300662065881533 3.297375059947447 -4.175606418214767 1
2.394049086884924 0.1297963401757044 -3.850148044770422 -3.1934980504813626 1
-1.5003130686795652 1.0954916866100382 -1.80503833701253 1.4824474934229626 1
2.252486360331067 1.1828805334180421 1.9875375804471962 0.6480790527593262 1
-4.3061605714230105 -1.537425882846322 -0.9941317828647388 -0.7531535394014379 1
-0.4046789269003731 -1.4418649909812928 -3.274123109153696 3.5063040846667897 1
-3.117612169372506 1.5806589915644476 -1.0469227230534788 -0.5588208217432493 1
-4.357751545299075 -0.157140153028684 -1.096307640629338 3.3012582050191783 1
-4.221769065064634 -1.745348153256707 -1.3897297043991568 -0.7614142164251582 1
4.1561220846878175 3.908174027854095 -2.136799425271621 2.966016129001356 1
-0.7139416997828933 -3.4056174156702657 4.438892059274133 -0.4161790893548374 1
4.041190871132085 4.017330456984241 -0.6800655541451096 1.9019648817949324 1
-1.1899836535681612 -4.021744032967686 1.6185326241911322 1.5989296471422234 1
-3.383640077654019 3.5763833669558895 2.3274777587294078 0.3461222844450734 1
-3.7565945877814237 -0.6730368559810795 0.7905480590863334 -2.9846631893341367 1
-1.9826700519262594 -2.4715252835319483 1.0783568982557168 0.9294124131791991 1
-3.679542236834635 -4.490628584345773 -4.316030824244669 -4.451447426588618 1
-2.991042740758054 0.9460700487940467 1.9704505161788717 1.7763984801383164 1
-1.5356420943641325 1.8287308576370025 0.2758448765112873 -2.204791387034207 1
-0.4069471577413427 1.9553385295809966 -3.4770828552460946 2.474098344176379 1
-2.77207722131018 -2.458955867928521 -1.05199513970474 -2.6417758157270366 1
3.9970386011529313 3.7037432257396237 -0.291575017528943 2.124264236414305 1
0.6527239671631785 4.310289063165552 1.5928216470023746 -0.4886466959492468 1
3.2938230730764753 3.3863532105561562 0.07539734804988085 3.6078287420959505 1
0.24450178717614413 -3.451090521522285 -2.0469280749679877 0.9062229327710796 1
1.1519520034075366 4.172799956602263 2.092088686134538 -1.0356196168818097 1
-0.5375513412878992 0.2535969825417964 -0.5762928488489432 -3.7155714979806547 1
-3.568402850944917 -1.5213026224649076 1.0064377172815444 2.0884649278265885 1
-3.2238314080089974 3.6502006243605307 -3.1859188416757926 -2.096737081049162 1
4.457845727170456 3.545156817853659 3.4577493053320936 -1.423391132932844 1
1.7737090640765865 0.37157577378205264 0.9262938645138061 -3.1918503377394827 1
-1.1527305106255916 -1.8604200090990652 -4.263260160673693 -2.4041635852339645 1
2.2905543592820172 -4.188008262660673 1.95218624455454 3.0470259164587685 1
3.426345473754754 -1.0836823874523578 -2.360439663411886 0.11887732603490109 1
-1.802992196705199 2.4350172674957022 2.1636481829798404 1.0580380499650865 1
-0.3457048746330488 3.762643738777326 -0.10930056756590789 3.4264552545534235 1
0.25840195170080615 3.4681645870965845 -2.67146339697919 -2.3314610203498507 1
0.157465688318015 4.169478086717778 -3.2330871941882857 -0.9049511925454616 1
-2.1832663944218074 -2.0489274003708715 -0.4898981600185628 -0.40056977294432605 1
4.437328843628665 3.0743126980696993 0.009029111955577207 -3.603641578553216 1
-3.064643703729786 2.135428051464169 1.333079517491678 0.5902720912062622 1
-0.7351640379609357 -3.40622967210755 -3.5170627929640945 -3.6127771355929044 1
2.137195415600689 4.422698172055062 2.489492772913349 2.677442483642315 2
3.1004660167522626 2.2465132854733185 -0.2981830382350935 1.4646788071109396 2
-0.8412881360932539 -3.876681972649779 0.8095261848123888 1.081806148406103 2
-2.8119355729790527 2.4788323954152807 -2.6781134431804414 -3.9794100831687755 2
0.5870941801883267 3.4837765318920515 4.119971732307405 -0.7713263283609244 2
4.252866177216236 3.765104189325775 -0.611824777603659 4.413986359306257 2
1.7130549626562954 -2.672011961004922 2.1324350488399224 -4.249021283801652 2
2.3222611288380666 -0.41720939516687283 0.6722406403265433 3.5672716354957994 2
2.4744272329397567 -0.2418986403284067 1.6156128542958603 3.6864327268140427 2
0.280838534391218 1.0625413173060716 -3.7579920994428915 -0.0051131236470555175 2
-2.123713219385882 3.4624562284466416 1.3114403859845396 2.646173585753359 2
3.6861917513647806 0.6644704300266708 -2.579914084403051 1.989274962849444 2
0.5583334601949782 0.8959278388766369 2.115874290468988 2.339245336207819 2
2.1668531175082064 -1.2593625071940013 0.24390190737378303 1.3251721614062455 2
-3.231774840879873 -3.5548773342862114 1.6679779138570396 -2.4638160391657884 2
1.5966445237062699 -0.5668018720103319 0.9742476596942434 -2.2888540302044307 2
1.1308631873933326 2.59086240829546 0.43533347635516395 1.8715322539276422 2
1.396600372291823 -2.472159529168641 1.4918118190774297 -2.5851118029657156 2
3.316375023942931 3.614759938250815 -2.0412564662631993 -3.0680497850813166 2
-2.670449082571789 -2.3774029272922137 -1.9144977524224651 -4.342698248488189 2
-2.3641540640333942 -0.13952767099755992 -0.3886256696154671 -2.4669390962998277 2
4.216102140699916 0.9917025394952151 3.3601691333170263 0.9263263359969315 2
-1.8831376985561732 2.8055111029678 3.2069876199179053 4.024199558027637 2
2.533333801941754 -0.906850368292716 0.2008545669491727 3.8390967529493993 2
-1.2106752978499544 0.901047500949625 2.7685017187743712 1.5196289920709312 2
2.822819463219889 1.5731846092968396 -4.314147461029421 -0.5750360075656241 2
-3.6877796547283306 -3.9983573649189927 -3.262096537547033 -0.19778254067131407 2
2.55383273336282 -1.7964893627339806 1.5299268433697897 0.5486979224429291 2
-3.577705122943928 -2.3350863938847675 1.6501857171237937 -3.544894709842076 2
2.6490277117863106 4.453312488859298 -2.833242945819799 0.35575732711603536 2
3.7631156445674163 -3.707468231068064 -4.3370555104052295 -3.7268587252934564 2
1.4558205719381598 -1.323499981296157 -0.4539398367862747 3.313476913293791 2
-0.2213823953017674 -0.06742524818307216 -2.0557441499720084 3.583519820665213 2
-1.0523011915889278 -1.9203457869300768 -3.7879119915907906 -1.862368923533254 2
1.1834773369784433 -1.2327181327714953 4.446050419084201 1.4232504468596519 2
-1.4930323544107693 -2.669310379039166 0.1991517226278261 2.6038994198070604 2
4.1653206759587444 -0.626689459325172 1.5466203554241145 -3.8310308057837705 2
-0.7519411763786545 -0.5979491605633772 3.4722921068425383 2.102474417387308 2
1.0862573495546277 -2.9521417367830827 -3.586079236324417 -2.6840038682677316 2
-3.622375924426377 2.8715557218969057 4.300478099318337 -2.6556748696005394 2
2.9369408154822914 -2.8124635074028657 -1.1831593607508348 -1.9633117170901855 2
2.0956801163194663 -2.2274339893360233 -4.20835850418353 3.131217146702799 2
-1.3308494215056712 4.262588929258446 -4.062406425293107 3.1227079029650984 2
2.15235644708606 3.655424820329371 -0.0610134133319421 -2.158023638675438 2
-2.3958430052780986 0.24322908259223397 1.9263964558807423 0.8617416681604537 2
-2.7744842166279673 3.4104619436587527 -1.3738686502707733 -2.6662428273633116 2
-4.070536082199622 3.022019075400072 -0.5312786679707894 2.347132468665447 2
1.958787340454172 3.799772069259217 1.3673799678586636 4.166522623020733 2
2.876581420310837 -2.911176097565883 -0.8013848738665845 -2.8899296229549125 2
0.78955200671976 2.209670201859072 0.896973069011352 1.9963640226336103 2
4.278712733504808 1.3028860071638226 4.333588962162151 3.7887333796215303 2
-1.6210198171290677 2.613083561492866 0.33128820623800614 1.916793089589067 2
-4.341711105224923 0.46681734005520925 1.9974845396445176 4.246963938278665 2
1.0923393017017047 -2.0244431700040755 -3.7071910079760717 -3.6278443109214704 2
-1.0086043642357705 3.3910572582022835 3.8989535913819333 -4.188765065077637 2
4.37394642251537 -3.2441502158543223 1.537888642875774 -3.242706679822346 2
3.969780350336143 -0.7621845452846379 2.925130221842701 -3.27166489308801 2
-0.039955512671250415 1.9989512554521451 0.7544781876742053 0.40339643692186933 2
0.590358203974901 0.8235648375163191 -2.1226547610311814 -4.373778512926237 2
-0.06818578871916503 -1.9987226196310446 -3.5635298273379923 2.067352442259916 2
-1.4098072990326356 3.8833624389993266 1.8434019393717174 3.6387313785457516 2
1.1146924326537528 2.988806035828592 4.0935469395266395 -4.443123093975739 2
-1.192804588270492 3.9276329350196466 3.5729372726439736 3.9121648589834095 2
0.47142529079687945 -2.023727242946594 -4.18366612867322 -0.8451523139338977 2
1.8350372557013621 -2.2376181543621954 4.437049086016859 2.155803147045333 2
0.5357856552654398 0.048010122551934376 -2.988515110474875 -2.931437635976399 2
-4.013790768666472 2.6125616161082545 -4.065546809754802 3.4743756093144165 2
-2.579128369458898 -4.010296120861178 1.3186729027158715 -2.486512981189482 2
-1.9471980726839169 0.45252318882943743 1.5271950281056417 4.051507234479273 2
0.2642920755959969 1.097890034341494 -0.18191170905179077 -1.4111686772725016 2
-3.2165188895343855 4.388997779544942 1.3098259171801865 2.7430186277268365 2
1.3940777106800786 1.166557400735038 -1.048793018915336 -3.493036148543345 2
-3.441105102846272 -4.179651252905544 -3.881869525165323 -3.6297958569936655 2
4.364525941228898 -2.7138280102326173 -2.148066231608668 3.338612224426937 2
-2.183460178887348 -2.006169008017719 -2.0984882394506683 0.796558530856201 2
-2.213489553683445 1.8725773054150174 3.86279739994582 0.913024038048112 2
2.0376261179546744 4.273420297292975 0.6132290374150828 -1.7613185377055953 2
-3.7255876604561777 2.5978464151002116 -2.1876988568492144 -2.794579167479458 2
-0.626363914783608 -1.7329508298891434 -1.5095823129554586 -3.7277380919502203 2
3.8569530448301728 -0.9910655934278467 -4.319778503329767 2.4883677502988184 2
-3.1752153246807184 -2.1322792051383748 -2.8519104915324514 2.87196264737159 2
3.6433569096577463 3.243149206192024 0.29527977116184956 -3.7700781754946235 2
1.3610188100708842 4.053423013131671 0.9602228745296729 4.395299753679842 2
-2.2237837859343212 1.4276592449716037 0.26809759957309853 -0.7580991863224171 2
4.048718929081044 -2.2920669984437785 4.149491242811469 -3.212588647755514 2
-3.174639448459724 4.262214034174768 -2.8884017739149805 2.895223579531321 2
4.306418977867773 -2.40719056167497 2.1574246325985746 0.2111383129224077 2
-0.5422136428234379 0.9938076308705233 -0.9619209309956993 -3.777529844574545 2
1.7281396258894168 2.000013855835483 -2.571955717153288 2.403467333914156 2
-0.25811858707612245 -3.91874973532839 -2.7221471391177436 1.4016170940702208 2
4.352368140403185 1.1922417166507084 -3.1174154034586876 1.1941568828331028 2
3.0692131844604376 -2.1964872246735325 -0.5556460241664927 -1.4219384010565153 2
0.13585506995644236 3.535432830764237 -2.593204569183393 -1.4558653192104174 2
-3.598159352304227 -3.039679465522825 -4.118633317750621 -3.6296410120835056 2
-2.37164128437229 -4.398946008844723 4.421547464053404 2.3089085088365033 2
-3.693450743832609 1.5110529857647075 -3.9651292504796176 1.0838683200668768 2
4.262541316766871 2.0300077446466105 2.895049630741906 4.1975730913055305 2
3.1762948575749412 -4.392134277790964 -0.6147122985911407 2.229853665270592 2
2.3261907150451555 2.5165735267154146 3.3111212635080154 2.8698518145155116 2
-3.552694118334508 -0.645192394329206 1.6048137053024876 -2.66231052059065 2
-1.7436220544984453 2.1816569630000093 0.1116374116359129 3.5542128762721514 3
-3.1409422936298705 -2.0736372188155467 -4.445699656326317 2.9745161025597167 3
0.08746386369716164 4.3743630152602035 1.3480209958286649 3.473491079686434 3
-0.9755898833015555 -2.751396655571715 0.7419517598121566 -1.7375399583489646 3
2.884010837660002 -1.64662847838011 0.0025259624763921407 -0.6411179427950331 3
0.291352098397452 0.40234263646835955 -3.5488238404786596 -4.211866840308233 3
0.7033146940176678 0.7655423678171905 -1.090812041069931 -0.6670460085400459 3
-2.475284475319391 -3.4611432418732986 -1.9587556915339306 -1.1109534349200154 3
-1.472938601500398 4.270568749344251 -3.6715009940708025 2.2365484693489277 3
1.764445219777238 -1.7178542000031543 -0.7473377730252213 -0.7194763092187556 3
-2.679057317721356 -4.387168740976372 3.9384660830966216 -2.403178047312034 3
-3.4241455386743804 1.4304704020548062 1.869753512058395 -1.2970568974465109 3
0.4416802874397009 4.067529044565029 3.445136287604034 -1.8111361980158731 3
-0.37649512104081184 3.3805965121480863 0.6578993657152398 3.2919556107749273 3
0.8423517546587951 -4.132647880083804 3.52057122012181 -2.2180310548643485 3
-3.8797610217795 -2.5663013157691004 2.038614701642935 2.2075249940041175 3
3.5580922373479273 0.027247848612300674 -3.7969831476875413 -2.540139217539262 3
-3.6730097144129097 -2.27243185309036 -1.0435581629281074 -1.7876848799866856 3
-3.155101094606199 0.6050376791256052 -3.2338539182904498 -3.6509345797483097 3
3.206016469981179 -1.7926659659041182 2.227453340157426 -0.7586943878099907 3
2.191396302535965 -1.7053584635674999 -2.877878074181731 1.4881248633527244 3
1.9070690242294064 4.491840676882576 3.946716670780959 0.5149151662803495 3
-1.4300915555910703 -3.872675336505943 3.459766020347775 2.1301300690165617 3
-3.0156764534500713 -3.7612965428989904 3.614674300481942 2.3378978069550564 3
1.0644369010637225 4.016673563948805 -1.7750511597729497 4.432800195242034 3
-2.5179071357595277 -4.182376328668317 1.6580068866466675 -2.236734040090759 3
-1.319964408965541 -1.0211472166976245 3.7921496908435146 1.7893903273092417 3
-3.432925978497242 0.8215640303804339 -3.561963525069693 -3.18007307176019 3
-4.3191580463410855 4.13816769509435 2.7978624415635336 1.8891203560033358 3
3.5569926172513266 -1.8463150365598964 -0.6846154121774318 0.3144686396934504 3
-3.8213289761137075 -1.5168521497342458 -0.4210919235755277 0.3795240451645576 3
0.3245258699788387 -3.2578620334907558 1.8508931427698077 -1.2312441932997271 3
-4.340611928400105 -2.7405510368594515 3.905858468733575 -3.1806884580262116 3
-0.35637457597661215 0.8780490095500878 2.91578034237918 1.27580146888174 3
-0.6826175260000017 -2.4709778244766536 -0.8054872014845508 2.524183190902512 3
4.332165916466354 1.6133982383765701 -3.864048436428665 -4.493072609204718 3
3.856800619034919 4.4453929178729865 -0.5785483893708752 2.2856117335445245 3
-0.7228023134165084 2.998547479306276 -1.9837416703086037 -3.5771229846676333 3
-2.331839247988956 -3.820595720816681 -1.8310494234351782 -2.870671669981803 3
-3.535476914620962 0.6022098215479742 -0.7126790567811906 -3.210387470370593 3
-0.08609290400400871 -3.028573634350016 -1.9911958599190163 -1.7661311801487902 3
-0.6369813927527275 0.7080237359967021 0.9512393710965474 3.7473515181407144 3
-3.1326747489442592 -3.003801216158595 0.7625293645583922 -0.35917509669982906 3
1.2140009661451825 -4.089683785669745 2.667582563492842 -3.0772665016330896 3
2.633264678524047 -2.178950481811447 -0.7483603595448145 2.2358719484152334 3
-2.647652531162036 -4.402083467511671 0.276573694415304 -0.4947679283913413 3
-2.3979002609322526 -4.471795573211884 0.1372871822227656 0.4732946019080787 3
-2.0075239457055893 -1.1395621526686597 1.1024788138887702 -1.4327199957269965 3
3.868611863433305 -1.3295540375282098 3.9733034328139656 1.3339991748607765 3
-4.169508466111328 4.4508135038342145 -1.8878741358737563 -0.9236256656626627 3
-0.03832528375237887 0.5749845667966876 -1.972554626050064 -3.089629357289665 3
-0.8381371917018662 0.9118067280194747 3.659487907330255 3.376033026436713 3
1.8292055522601127 1.1707345632473118 -2.3227761900066985 0.4138070388021772 3
3.61104647442672 -0.20836673695679853 -0.39465574043126384 -2.5502236657162847 3
-3.6048332129680554 -2.11341271491041 -3.789753918053707 -3.7028002673073144 3
3.8474826185853814 -0.8271436819719674 2.566565655794933 3.1564737025105543 3
-3.3458292007340344 3.563715030594811 -0.5403549220330919 -3.991641787406039 3
0.7250912714472775 -0.9207062372145234 -3.2811133440160973 2.8006296447350847 3
-3.8735796770757593 -1.431829215207244 0.07252015622100261 -1.7505491184927982 3
0.6436032359936937 3.0589209307897427 -4.376273978140692 0.8401707245601744 3
3.650252139164667 3.1922725357403685 -2.7367090846681945 -3.583040607926943 3
-0.23275739727911027 0.5607764702241721 2.26453851962992 3.6701626411181123 3
-3.9559896538222037 -1.5750690361169966 2.9896186538729546 0.13696516364997957 3
-1.148692823311378 2.153306438005059 1.1999488585839997 -3.5024016073027373 3
-0.48967676052658304 -0.27681353148382326 -2.512584822700833 -1.383844176887302 3
0.017670449344479477 -2.459871556773704 0.8847948257359889 3.245468451504329 3
2.1819606620652046 -1.5348598298896006 4.245093013360493 -2.2073907715164953 3
3.906044104140953 -2.5757782182229523 2.9653321953237 1.256067057879652 3
-0.26487545014309644 -2.3481107511105392 -3.8972877768806677 2.5243429069373544 3
-0.4342722365074405 -2.4805295627662383 -1.5202816372786634 2.669131181129863 3
-1.9627822914241841 -2.806978284095689 -0.05942114583228164 -1.2002942176741656 3
0.5064343691912472 -1.287040075698271 -2.2643866565333397 -2.630851839279422 3
-4.0924372924508745 4.465549771207056 -0.5188187583401737 2.0455373586729784 3
-2.099867261810112 -2.7087482290957787 3.3729644590844634 -1.7128234714778592 3
-2.4017296236261756 -2.600949332341762 -3.8416828102002993 -0.2644823565212592 3
1.7281196151398315 2.030539928559391 -0.6070094810736939 1.0579878119637285 3
-3.129505757552689 0.12647078637357045 2.4302985925037075 3.2534264364157184 3
-4.102115312348779 -0.0017993046828369552 -1.1565250876731155 1.6846119522941083 3
-0.26040708929875034 -0.7749293128128326 3.1025020045351823 3.371692080829671 3
3.901909559840022 -3.4434641348059056 -4.071411369801577 1.6707072718624651 3
-3.66489718011014 -0.06641831870880122 -4.268141653157679 -1.888098630823532 3
2.9704690249408054 -2.0335399594506107 -4.170683433306578 3.6827903579513146 3
-1.2005500634008048 0.5156113157868111 -0.19310863811758228 -2.592687515709244 3
-2.0298485605021988 4.22850430002986 2.8254957213817296 -3.1746544988132874 3
-0.21118962142605346 4.436482364638913 -3.1884786849747555 4.266196172492009 3
-3.717277851577891 1.3271548715354533 -2.46428914672404 -3.394743512461574 3
3.460066459754134 3.438964882187074 1.029539706933539 0.670584929846039 3
-1.2153342081263336 0.03985038617184178 1.5723898055636962 3.1995395999614282 3
2.8614519362574713 -2.6298647467160827 -1.2279288591314472 -2.2020890382704628 3
-1.010668974635648 -2.1296131879109756 2.077211610335582 2.389488236863218 3
0.0522417108963501 -3.637817351446227 4.451480238989399 -0.8745560729019493 3
-1.7925767176575311 2.6977150422016396 3.3204965700947957 -0.16964646046933773 3
-0.6381305267714273 1.5983689237235856 -1.976111714568987 -1.7956901856733651 3
1.8831090761439488 3.3572140798981795 1.3291858752195835 -2.609173538688841 3
-1.3452797324504906 -1.6406639822238085 1.5624574885647904 -4.198449972061341 3
-2.9857596890897873 -0.26164057857687084 2.802433803437802 2.6683539218428276 3
-0.6059007168372961 -2.1338023806747426 0.2073390174546893 -2.2300524629997023 3
-0.3993388364221322 -2.0922284731084204 0.3803026751077987 3.1112574324417577 3
1.832935948997597 -3.458756259966882 1.1646161189837145 0.055661242395179666 3
4.141195879993888 -2.2587843795280587 -0.321797697812783 -3.7139797601501288 3
-1.337608997906252 0.6043369892553467 -4.4843614942521075 3.738764832461362 4
2.752117808355606 -2.6768998757559537 2.8582937502478396 -3.1303168991453307 4
-0.057478442881436775 0.9986809134240792 -4.148822696320546 3.6514384853809383 4
-3.838102165440388 0.08856379207386456 -4.339903915378092 4.354361831338229 4
-0.3007925274651003 1.1676662402826743 -0.22169091843788624 -4.037310521752042 4
3.475881083360206 1.7209621721242447 3.160515567778723 -1.2485397927653605 4
4.282188915770757 2.452286887053072 2.2026613919361298 0.9978697628451767 4
-0.970538554715732 -0.9148716927346787 -3.006626631477548 2.219824244686915 4
-0.3615639587869848 -2.4909937636655473 -2.5665697679385207 -3.8522088106709176 4
-2.853773282626694 1.539991396424416 -3.6670653529916017 4.005107958794579 4
-0.9045494813467373 1.583586059864359 4.497398488869484 -1.3388171318524944 4
-4.221767211723729 0.7204436667140219 1.1282881161191711 4.354739672932864 4
-1.1379675683873387 -2.346100517593729 2.5837443353458482 -1.1257230717596904 4
-2.1137676779722225 -0.47518205836973815 -0.9776239976040095 -3.721665448853739 4
-2.778209931869729 -0.7915143790992857 -1.3933259556934048 -0.09278114932787018 4
3.721592895318948 -4.366764418854299 2.0076621200360796 0.004220613811884988 4
-3.5071723248284146 3.397204057634531 -1.3150885836392157 3.601637170095847 4
-2.17971377170947 1.088781215651462 -0.6175556999921222 -2.307182919537505 4
4.38996490351917 3.636851821638165 -0.5683267126326489 2.222586600090826 4
-1.21512497173576 -1.4137235009201528 -2.133268540868886 -1.1329203770330096 4
3.375397900687324 0.3351465083950472 -4.134049945511324 -1.3614503370486681 4
0.6193781044309942 -2.415298143178955 -0.9242718052422046 3.452071414851989 4
-3.0111611255501387 2.386110812823189 -2.244396220330364 2.5581543116754233 4
2.529194268460955 3.312902394633644 0.831138800863741 0.802465559403348 4
-0.9940431592243775 -0.32737269363948984 -0.2924435520389823 -3.937153862940467 4
4.039155106035546 -2.829215792842547 -4.339940053299097 -2.0922033575441743 4
-2.899052365536729 -3.5690316801100352 0.670018509928205 2.4174710281572374 4
-3.9437911243238912 -0.8361975094113162 0.7178578036049768 3.4093019543126815 4
4.214508183762985 -1.2017369352898366 0.15157963423900433 -3.4418153830040854 4
-0.5249644204597531 1.75482011749389 0.6932823455603154 0.35422811837476886 4
0.24817921465147197 3.8136012745431564 0.6786763143149775 2.240062592816999 4
-2.4454206565460996 -1.514930188670319 2.184372901700003 2.1952133880834457 4
-0.5778018099378339 -0.41061174904289166 0.8493025973111096 2.4583536451541135 4
3.4967321395461246 2.456818696304865 0.05944016712886646 2.0685453111236463 4
1.8273394545701787 -2.670600078155467 2.762897058440121 2.450555005746716 4
-4.344491053956075 -0.9384819816544366 2.8940916866875037 -3.2977669342919023 4
-1.9098337323000778 -2.163047217998524 3.425595878221653 1.6538390461974704 4
-4.401134585092907 -3.127510641093311 2.478713110251504 -3.4431362620792267 4
1.9663987457619383 3.528925339140499 -3.4090248199043485 -1.3294759414296868 4
3.4044030790802995 -1.623409158512393 -0.6229749357825631 1.7433383889090355 4
-1.5021128629249376 4.378086676908714 1.5914610052388993 -4.404981235590239 4
3.553345155087709 -2.9648811462281177 -1.560974465404232 2.9629220480321603 4
-2.5596681876512735 0.6010185679260821 -3.970840910886279 -0.04654392731087664 4
-4.47642716576063 -1.4610052263429245 -3.1335985849335324 -3.701836351989808 4
-0.3927910498925302 2.8499309450839023 -1.975966736332615 -3.165658747379545 4
-4.366599321466625 2.6274478590678223 -2.348150935293612 0.3586366910281059 4
-0.5792868910017033 1.2921363987961707 -2.7790518971899028 3.043432315129613 4
0.3172706152885173 -1.1951664289618678 -1.4508966911876846 -1.3524623498141435 4
-4.443556654989577 1.3201105868878615 0.2966283186446569 -3.5067534324395284 4
3.7870540180824595 3.803993566248339 -2.3391812921100628 3.4249217334766806 4
-0.34457113909678205 2.0679950072121676 4.348413391726724 3.4366188785387313 4
1.420794152114004 0.1120248785486645 4.265260851021954 1.9984988430414081 4
-3.8599361446857405 3.629691357445419 3.017380916288096 -3.4822319196129468 4
1.8143897460484961 2.437746979505924 -1.1672774494144245 -2.2617652992442734 4
-3.0386505358449543 -2.240011990032503 -1.7959543158753961 2.612423853155242 4
-1.3932134022504248 -1.7016016486233472 -2.1301029570893064 -1.865090024554137 4
-4.457732231806717 0.9086827455952129 0.2704833970299727 1.3338568642836748 4
2.8743269075613433 -3.665290289168729 2.4268216135242886 -2.412351705237137 4
4.105103784540726 -0.9332676115086512 0.396183427192883 -2.6648885737573984 4
0.6398601086917838 0.7749808716580079 -0.5369218232614491 -0.18878319141542765 4
2.6259260008615093 3.4779582943319123 -1.678097987200853 -0.14706977014032296 4
-3.847549650510259 2.969467101577349 0.7993376371626141 2.8793198611468003 4
-0.8712392372866977 4.152239615540121 -3.933415965000418 -0.37248170529473457 4
-0.7938846665829131 1.996880844404217 -2.453815498317079 -3.5561628840308868 4
-2.6091364387534792 -0.5168239806468017 3.9145828041504567 -0.579090785327224 4
0.8342651859749932 -2.5657615872901016 -4.065196383459292 -1.9538863896063605 4
1.8713524930928207 2.075217398342057 -2.240392252022599 4.3135119200066665 4
-1.984613262783792 2.044354676514944 0.07595088778881842 4.071891011613703 4
0.4960700574092278 1.655539382557746 -1.717830220571357 -0.8928056901738037 4
0.40486047307407935 -4.3633737252573965 0.9336785346475303 -0.8086383444859969 4
3.53118118685152 3.0172395338401925 3.229326480425278 1.3375993299315352 4
-2.1690721932631503 -2.5214712454210013 -0.08105715182929718 -3.6375104635358406 4
-3.3839089435994905 2.5997546896195387 4.277072012784251 0.1924209880361335 4
3.20388296901827 3.022213360470264 0.026435143912537207 -3.38351300324335 4
1.0021267234979838 -1.2043322582680787 -0.4095854753749958 -1.619238735583314 4
4.323474359450513 1.6088976401016999 -2.4842264849929294 3.2273852827713077 4
-0.4212711736643757 1.302311961421235 -3.812115576133533 -1.6787312013105926 4
2.9466132781390577 1.4291067481929591 -2.952881685273483 3.528162098997508 4
3.2489061747287447 -3.2363705903682782 -3.5386802353204923 -3.066140270215437 4
-2.3479069472072576 -4.449305359683931 0.757778906182273 3.166062262849324 4
4.348159454085531 0.8669427747146491 3.002101360388295 -3.4998134773395675 4
-2.1790347025594476 -3.1809110612600175 0.12030114242158807 -3.2874885964928175 4
2.7682497642500574 0.6641666159972216 0.9278568243900315 3.373971750354179 4
-4.457770655027577 -3.1555244281412955 -3.212543635433568 -1.2521097564311754 4
3.341299790207011 0.6051822792815363 -2.7702117484100524 3.2993111327096987 4
-0.9742916135291252 4.243384656008678 -3.4547843600529347 2.4818935481286633 4
1.8657126038453258 2.8815651594216884 -2.7471738948531685 -1.5474500369807012 4
1.3250652520504702 1.0382420575196978 1.4745643866557154 0.01699444399086969 4
-4.443867455926636 2.135772414052624 -4.061290770038203 -0.32305728472468354 4
2.7457121097063366 2.7099294062658155 2.988621897312748 1.4822988979488463 4
-1.0615114692798846 3.0621436937314073 4.202391245682961 1.8932850730010304 4
3.5004677383021097 -0.6078630557832718 2.289852166619637 -0.8246699653026589 4
-1.4563355775393607 -0.9707023305976162 -0.572801797960525 1.9618589925595238 4
2.069028541857617 -2.6441238024367273 -0.25576225723314827 2.734566853750266 4
-0.6160027694029907 4.3533055456406595 2.503761669960043 -1.2637641626764693 4
-3.589826640748134 0.050685088022846325 4.1533087371809305 -2.0555490930878757 4
-4.0955848792219856 0.06754323863354417 0.33268706280435056 1.1894165473488234 4
-3.9348715066655933 -4.125910920844561 -4.172141386955516 1.9591302554157166 4
0.052334651235309004 3.5583576519918623 2.263579451859432 -1.6250867838100245 4
2.162842708094892 3.0437732815680514 -3.9283831264754117 4.1219628648229225 4
