500 100
-0.746801957676834 1.9829204409794228 -1.5677103004811566 3.5084460730263745 0
-4.498970626643896 -1.779006846313442 2.265369488273402 2.363688859005996 0
-3.1791969826459825 -3.66895264708082 -0.27468874296066836 -2.6031194777816515 0
-2.823658097600962 -1.3899534566125702 -4.126724283811511 -1.6035408002677995 0
-0.9290927319239706 0.3493506060302125 -4.16598601955405 1.7446987023650975 0
-0.7272493703703468 1.6669755035708356 1.5331502874255154 -0.625753955295225 0
-2.659929752416343 3.4030569275185085 2.410100798923557 0.3240764526560732 0
-4.253511661218664 1.53420759160562 -4.141260660280927 -3.2868619383538884 0
-0.7442567786958573 0.5282084560117649 -2.7592524088657346 -1.479025789518152 0
-3.236517552642896 -2.717086598236091 -4.0291834820627095 0.9460510245032959 0
2.70670111807983 4.214354181474578 0.10854924771526919 1.0571491081544049 0
-1.6791823965668145 1.7309035410238267 -0.6087996471209036 3.1293042141369396 0
3.387502370664345 3.551459971534626 -0.4134684954676382 -4.361368321872712 0
-3.7346020976719987 -4.148506950904059 3.357613336023895 1.40581392969689 0
-2.9715262239188798 3.4032825308647183 2.907027365836239 4.0659812373046655 0
-3.6148784955025492 -0.7100313749545305 -4.041788548348015 -2.3843532231808693 0
4.121005771354517 0.29848756475715366 -3.929909008892942 -0.7050790257079418 0
1.7268940255542602 -1.6603593209454335 3.2744623095130674 -3.765384155564387 0
1.678508349134253 3.011631047076356 -0.24199242402709364 -3.3701120117214876 0
-4.335405503902273 2.2512988345047074 2.4559704195040597 3.072799411162591 0
4.399749800158452 2.2334908894185546 -4.1103815563245725 -0.12203331146644714 0
-1.9760040714203533 2.603513956063397 -2.3453006027601964 4.072264035239333 0
-3.570965940801222 -0.4689582644168535 3.995033650054165 1.0254060214623077 0
3.67735952783786 -1.8574726646368847 4.261386575926767 -1.3962479065537412 0
-1.9100219527228615 -3.329742850935501 3.580656459009136 -0.5886452393234145 0
-4.325697379167327 1.6095197964590187 -2.3776682656723764 3.9674516688125943 0
-2.5953469559994686 -2.110080065649964 1.6579624588490476 -3.915795731947836 0
-0.07584156647695539 -4.019737093946277 3.3338237114075953 1.8124226517001165 0
0.6670584494281177 -3.1794428258477088 0.9443418567685354 2.0913740926139748 0
0.8037498321295582 1.7978252401883805 -2.219048617501973 0.9044005974708994 0
-3.5789901405495677 -0.7734961096238852 2.831572631354898 -4.012977057084001 0
1.7496014195497058 -0.7723865742578762 -3.325403957946606 3.0820122896077224 0
-4.050418869485216 0.3230676532396042 1.0651128239509693 0.281590294329522 0
1.4741518069780994 0.13400200852477706 -2.2653834390261127 -1.8442928227545372 0
4.00135280391732 0.7789953645179363 3.3541754842751574 -0.7050065863526166 0
3.6306172375909513 -3.2627276626838624 -3.9201276997835386 3.5728656255682427 0
-3.246512874743173 2.7665215983857143 -2.6695725045835403 2.936047819431522 0
-0.9209084671301978 -3.011812225947605 3.4359356077452654 -0.11924329663495681 0
3.847577223564305 -1.3701072622904409 0.8861822379417271 0.24540710836875257 0
2.2573089282253997 2.033981868154063 1.1233916476694912 3.1953754921261632 0
3.4497548208522884 1.11304986350048 -1.9607449643562544 3.453799573625408 0
2.2584819062460344 -1.3599149221994171 0.6092129710723434 -3.46407263129787 0
-2.070648974114765 3.5629759637646017 -2.4569895130680783 0.8638414705171238 0
-0.6471792911583458 4.18356042433547 -2.3449838678578767 -3.3172590551628547 0
1.4709734803660326 1.095261481882096 -3.043370572885484 3.1038526641216517 0
-3.467286243419623 4.0454033283636415 0.919652885034397 4.172103784695078 0
-0.4507907986805353 0.7055065294841859 -1.388887080335771 0.8606258832145471 0
-0.8267687751484695 -2.3667571778127505 0.8908676007607776 1.0413385848355388 0
3.6304156850602842 0.6631153800505727 -3.9674051353284985 2.252854661172173 0
-4.474167056719569 1.054304222586515 4.033885483688627 0.3121115146162987 0
-1.5601958840511347 0.24352292031848366 -2.766995811404384 2.27633323481948 0
3.4734788937969707 -1.2845721599775022 -4.434129276049226 -1.5456950671429723 0
3.6768163582781925 1.1102410421262245 3.758457128799539 0.7953059960448909 0
-4.357608814380994 3.8649351036938517 3.1967125551372177 0.9420484711426897 0
1.7180722576523155 4.475905654063324 2.903203372714839 3.415351710863852 0
-2.948935424892043 -3.2657782533401 -1.611122629279921 -3.3934070560303935 0
3.893359167334472 1.7713634534091014 1.9917300976791374 -0.5368762185188558 0
-3.905998445501438 2.299167473422197 -3.3593786177219225 0.8084128329890027 0
2.2848856961512176 3.80722081991835 -4.17538516887126 -2.6983609523011176 0
1.903722827656246 -3.3815613422505177 2.5947107070117204 -4.391129159861779 0
-4.3210787954418395 -4.264101118100527 -1.7698889546228784 -4.307616350207364 0
-4.245241607812849 -2.284100391572587 4.4773649345549655 0.7382697870911559 0
3.240251538145992 0.3494795790748756 -1.8596134936254902 3.860545157038041 0
0.4753978081718929 3.0782780312364513 0.06407481193384046 -0.4077699520283379 0
-3.3824401639207995 -1.9873468888997445 0.7908435566656781 -2.1227612021048734 0
0.7718334431245909 4.226361734877071 -1.7524053058731004 -1.1551088094823578 0
0.5492719733013895 -4.332174395643513 -2.299968005655502 0.7609253950496679 0
2.705694054125547 -2.403231535430816 1.7626152053909379 -3.85247501852399 0
2.763946760569012 -1.0092542034224543 4.239749876629174 2.277635902825094 0
3.271876691034858 2.2240947846346617 2.7554684665806746 2.2647636367316144 0
0.50616210591377 -3.271902969053835 -3.7794512045590443 -0.16473345280940643 0
-3.960740794390095 -3.407908898333364 -0.48894339238509554 1.552253854724369 0
-4.099033093097145 -3.532552838045164 -0.46136467058110275 1.8388205854551865 0
-2.4686159525293077 1.9169008234440899 1.6348080384236061 1.774336758774806 0
0.537452838487282 -4.386996178567958 1.0674066830538278 -3.141173400483188 0
-3.852231482794619 4.205486970002449 2.347222106751804 2.5294123997456133 0
0.6129041572794791 -2.6703608880510856 3.636926873224244 -2.3960817665630465 0
-2.229068298867089 2.1944326866758366 -2.9098899623489274 -0.9801078920391382 0
-2.7411346700161308 0.73223034545932 -1.614918114043558 2.8392923610506355 0
4.230179901794811 3.121459213410317 1.0217330970158847 2.3400157711477396 0
-2.3413701676717245 -0.05607257158143042 -0.6510141027273222 -3.605034933759697 0
1.0796014654324178 2.9608280959516087 -3.4646848915477837 -1.1393358143652423 0
-3.0888774481852415 -4.3328141804033145 -2.7553700924144353 2.8867184876064442 0
-3.8698007065269993 -0.1228940015667137 0.896724075813451 1.699607331167985 0
0.9569651548799731 0.619662933778332 -0.08001034826133435 -3.7064368688203704 0
-1.6437383161005532 4.39754538971204 -2.384301269824467 -0.3455812719754018 0
0.7177069732121723 -1.0787294463880464 -2.712676472514664 -4.270713877990618 0
0.4585339720610714 2.208009878158519 2.0645792843053736 2.024250724972072 0
1.5230960410786614 -2.1157239810347157 -1.5264742827446751 3.091447134572899 0
-3.902986490144026 -1.1692422187730434 -0.6440177164403391 3.282175302871809 0
1.1674575631940804 -2.608433910766444 1.4135888216060057 0.7293209167628114 0
2.274799983649325 -3.9011716678129655 -2.693452607684181 0.26591949430555417 0
-2.157164112793131 2.7427910736901087 3.5498917658481512 -1.7550542174830557 0
-2.7590914563900504 1.2551479279194613 3.3385104824494802 3.678707455725493 0
0.22203278211360322 3.823271733594156 -1.5313989358630589 1.6476692970290774 0
-2.130329065616001 -3.906350183843786 3.5929885460937188 -3.8187280641752697 0
2.115593669598025 2.449602265889221 3.407290768842934 -2.7824457305836745 0
3.6703426725317163 3.8877486227715354 3.1479201901613756 1.5040690982928355 0
-4.374435843219627 -2.3907412249072153 -1.4009472409495152 -3.137619870064809 0
1.0510052130149186 4.041146886188548 1.2183386533960805 3.1300923934326743 0
4.051585073223717 0.5098786937564077 2.8966443728760947 1.1541563741759202 1
3.7404571478964708 1.274095880517038 4.106713587797088 0.8093081436819279 1
-0.9899305727287838 -0.1260839961278123 -2.7195049381687264 -0.6360234964515693 1
0.9387943462797592 0.4459312935770632 -1.4692860116894946 4.427505107165529 1
3.835632840358083 3.768600920702455 -1.0778715349446175 4.434307862983362 1
-0.946119483688006 4.169362755966406 0.16923825660072767 -2.949482686705871 1
-2.9343989998758206 -3.363034325043264 -3.828833358736681 -1.1672487560350109 1
-3.284287577579418 0.05095949109207032 -3.3892302616674312 1.210668446626575 1
-4.306276752532218 4.031731900959129 -0.7747213884353201 4.418240692729051 1
2.9440392405365925 -4.364829173320898 3.869600612879861 -3.1568757092122497 1
-2.9142336998245026 -1.5114278306984672 -0.9460596371687957 -0.3457826013385247 1
-3.321028396701748 2.785416229139239 0.5485387960975068 2.5232717096034163 1
-1.397370125850359 3.9609673410003046 -0.11525481833918627 -0.7200580319078328 1
0.7381276195237204 3.4094878597065965 -2.142002657525979 3.697255251780826 1
3.1026100085299966 3.648530868377843 -4.299556396204762 2.890097083970682 1
-0.3610776076487373 0.41712134418335944 -2.8037844030022336 1.671812092552925 1
2.6874323203683543 -1.9285303343926719 -1.3031154959432063 4.267913651055822 1
-0.08771829642065054 0.8919927688129052 -3.3950508349552204 -2.811870966444844 1
-4.360200520042478 0.8413326737697348 3.5049822791803096 0.750656831474051 1
-0.5969128590948755 2.766244759963573 -1.7167825380709834 -4.493120530696308 1
-1.6627967721416435 3.5359983767263623 -2.4516203550997226 -3.191367292458879 1
0.7007149375608194 -2.8439081853528143 -2.6690955806691843 3.566903011236042 1
2.5913631044295387 1.0082805934044052 3.357849404426765 1.8026049387010477 1
-4.0148165513362235 -0.71825687998981 -0.2655209146301185 2.944224020990595 1
1.6116195290888664 3.7674160017977325 -0.0375624262330887 -1.2286018504358527 1
-4.496381775977783 4.290832341279537 -2.019572075152271 3.822667321845345 1
-1.1107771672880298 4.264051845224903 -1.0170968916933705 -0.06407213911811771 1
0.9424449087664774 2.9596122718262365 -2.210057079170201 3.46469866954257 1
0.6724035423729205 1.1526857847661536 -1.0506288887524193 -1.8218275621751228 1
-1.9298134647387546 0.7815000659047465 1.9583546597527894 -2.782170511449233 1
2.2501958733239396 3.224824527861381 -3.436266335876654 3.0329800399216094 1
2.2957396962091217 1.782515236025727 2.197223292325817 0.8146849288240543 1
3.2803148704913982 -1.5958710284692819 -2.313975825316164 1.1092243066882566 1
1.5370991170882853 -0.44213457227985753 1.2451978866705566 -1.5518750029890738 1
-1.061075231716345 -0.8026978507003296 -3.892595912392119 3.4248473780789404 1
-0.8866837487741346 -1.6435444863755078 -0.36038942033167454 2.374854462597869 1
1.097274311282713 -0.6277745626086209 -2.215002411515343 0.8224846404076517 1
4.26421870134527 1.6002080229088 -0.6408435568608205 -1.061094217057744 1
-2.712871004156002 -0.6596909158677049 -3.359579545377695 -2.3016000311192175 1
-1.409883842030193 2.678749235627099 -3.7859257533751296 -1.7742752575417928 1
3.419984597070886 3.6345776024373473 2.1753432020839982 1.0351415247394395 1
1.46447831137736 -2.06812564173218 1.5516998904053323 -4.424552284274716 1
-2.2286996864586923 3.194081484276621 1.605392750261879 0.028626214885983492 1
0.24943181677871984 2.7194497560413824 -2.4218239456423873 -2.9259314191627 1
0.6523966547244568 2.0982827275876 -2.8351533100425317 3.098340045675886 1
0.17110464717650242 2.437955194516992 4.343308103745768 3.7236566235746844 1
0.6197219163424399 -0.3086110926721721 -1.3736752166446846 2.5220212172222736 1
-1.415799828420464 -3.886115864249663 0.4180913163128759 2.8479815780034397 1
-1.0986823860471013 -3.7833653007157286 -0.14645743929984734 0.8095616846946336 1
4.345354023574005 -2.8654843380231263 2.5853710277183533 -3.5978882120718088 1
2.806728279484858 3.3746548046030833 0.3330640515648663 -1.2061498799731116 1
1.6957192714734899 0.6254497147083814 0.93876159301985 4.129222640733004 1
-3.0512570686595213 -0.2980797951302432 -0.9645934950273378 -0.963243018525452 1
-1.3934515396030651 -2.4746403796732386 2.6157329423063893 1.3057055917688376 1
0.8326068188921708 -1.6895714606827474 -0.9550439293016117 1.7005954340722629 1
3.7467499812151566 3.6867197245640138 -0.8639855185105891 -3.274981611766901 1
-2.1859353559602344 -3.501978293303737 -0.44421058195079 -1.4902254657245466 1
-2.7633354118279843 -0.003742463890025527 -2.5382796294494887 3.831973214727959 1
2.057271011771366 -2.6262500543208764 1.7067545917160196 0.8893880156107973 1
-2.2676979746049235 3.165046874427303 2.2199172491070454 0.3777395559429735 1
-0.7573615355922539 1.0501656043971257 1.8047976535755232 3.875038373248606 1
-2.3970047468467497 -3.582294665167823 3.2635502505469973 -2.9930232824413086 1
0.14271315271676832 -0.20573111655195875 -2.131748784685132 -3.855507485023759 1
-3.1259552031615305 1.0962560856637396 4.3080552464251225 -2.37254311205662 1
0.39609106932544313 1.387236122736699 1.4453852033573886 -3.6933237096528417 1
-3.199090138878062 2.2637503542171946 -2.6030615212168313 0.025419451665640747 1
-2.5015577418006956 0.174166419294297 -3.555416985030648 -1.0001393757474806 1
2.5676642539945704 -4.299026148073745 0.3418894812571279 -1.4471623360341004 1
-1.5807378624643216 3.3563013876009995 0.5031019001391795 0.3309148974821764 1
3.102386468418626 0.3459653333508932 -0.9845055113678479 1.7664307479099266 1
3.2994744674986167 4.048253922182639 1.6063420859813164 1.6857283443695086 1
2.937662978664072 3.1870389945288484 0.553421329194368 -1.2772807738835776 1
-3.611309383616865 1.3617389910689195 1.0180110183031104 3.921626399473798 1
1.8316528933738767 0.9921673138196669 0.871996724513758 4.316311569234827 1
2.6965373556242525 -4.188859021155292 -0.5309404163201594 2.15650766256792 1
2.4321486109948194 2.0855574066557425 -4.161565092153599 2.3825397510043747 1
-2.162714460314822 -2.18637631060068 0.16453422294131137 -4.452151203350071 1
1.1907298568711502 -1.392322845680266 -2.005199056956614 0.3134900926783034 1
2.6692981020655875 -0.4846839119688846 2.4116659045318043 -4.022166640927274 1
2.5447447330575472 4.414246052614566 0.44148099465467716 2.708951002185204 1
-1.7977649441948995 -3.2129475456771055 1.34624749390631 3.8830231349361966 1
3.6117759271434644 0.3740344099863594 -3.82741699486715 -2.0087418365947203 1
4.27266333769574 1.2294396000170749 3.7731375383055523 2.3850463346832864 1
4.44521722149431 0.41463723728656454 0.8976631002488881 2.9967132945336337 1
0.23783340514969153 -3.281148872350471 3.5643914241750174 4.254483175675424 1
-1.29865346114507 -4.26403289433264 4.486684563808253 -3.2431559968430688 1
-3.056443384323158 2.2107347343674646 -3.8651215973067075 -3.83880011075889 1
-4.2264027906409005 -1.201112124806301 -4.367305881900478 4.2463806568013345 1
3.2611162755423972 1.7340994575661886 -3.647097751884938 3.075631435672647 1
1.718479278595517 -2.802268791402202 1.6665569721692965 -0.11198549265373703 1
-0.5228614732641897 0.7341966660986208 -1.3797460677727964 -1.3171699163969546 1
4.407765368973347 -2.6648439729019033 -2.215450058875315 3.699161763287638 1
-2.2704038841388066 -2.1404422460437926 2.0307829094538206 -4.266667864941571 1
2.251551719681935 -0.3872220530787648 -0.34630872077596886 -1.9682885471686977 1
-3.987635054300145 0.0766461654921563 -4.239304324398914 3.4621370487836503 1
-2.5923585182069164 2.687438202841892 2.4390482215921407 -1.5323842868016517 1
-1.82401756643455 -4.251545892409467 2.6690272878303993 -1.5782551001730307 1
0.8408920451815893 3.0945638603806995 -1.7290580056411793 3.8529817065065357 1
-1.0708548834400724 2.2487247965352903 4.292245457512651 0.2119977424520354 1
0.10027330467415374 0.3685662446596978 4.067416508111324 3.4919684453381814 1
4.1349088895557715 2.7356480234878213 0.16229305434967822 -1.1452607811226294 2
-4.209092400387834 1.8844852610816558 1.893191204876484 -0.39920917822151414 2
-0.3149866659284454 4.0279404725558985 0.9469160561089157 4.41365577200952 2
-2.507105391088605 -2.096351822840708 2.4652462496082164 -1.4915123550555636 2
-3.766734316104642 -0.6424305420259212 -3.6990160125985985 -2.8358496874943246 2
-3.5188311238283854 1.2040808455072607 0.24166688302650918 -0.746078237038278 2
2.7266691363636406 1.7712044650816061 2.705936923163157 3.898821043680136 2
2.395902429681934 -1.4179129214083217 -2.899217268437863 3.2406009378859455 2
3.1126633472490988 -0.6410810250050171 4.116554336940019 4.13523546164804 2
2.916088833710869 1.1384654276186437 -4.159236710516126 -3.9817484495264366 2
-3.2091925619677957 -3.7945179013054684 -4.447823463740799 -1.685869594600712 2
-4.335006213782934 -3.8994750212457916 -3.9987142855910585 -1.8552376307651026 2
-0.3727456766241136 -3.4799226950916857 -1.2958516257193213 4.0830931662652965 2
-4.24994986036197 2.2937533325142065 -0.20744169761899844 -1.995854018208027 2
-0.9463456758542452 2.222446460467726 0.02704675545859281 1.2902213218422198 2
-0.42835655928193606 -0.4492192769931499 -3.498788946893085 2.322554923197977 2
-0.19734743953952127 -0.2339646609402537 3.16751194158566 3.098248736124855 2
2.7284700790275265 -0.8784673212803775 3.5145614917088057 -1.0634184291981497 2
3.6421754430926074 -4.166450568413677 -0.505753214701333 -3.585766716484504 2
2.4648690844837677 -3.3692275697603504 -2.467737698118884 4.241884223458899 2
1.0666221022087692 -4.406721647982913 -1.9383842792813812 3.6665652801689754 2
0.3476455431871226 -4.472838390423632 3.5149705774047995 3.8025404753435406 2
4.06074406941184 3.6486183033250024 -3.0946539200328473 3.417499291512428 2
2.6637024774804243 3.737468879233087 1.1879545541682344 -2.6043463942307783 2
-3.1899759195744264 -3.0804293711652004 -1.3939567669792692 -3.0607309026964513 2
-2.811314943878094 1.1024631206992903 -0.5008665829848551 -3.7460254153908554 2
3.6522854640747164 4.409596605231663 -3.0121335856778417 -2.7252328817999762 2
1.9001021288923434 2.0862036822806576 1.719246074010338 0.6642258224881765 2
3.68363884089829 -0.892136408659912 3.359908206330589 -2.298293408527127 2
-2.2513438779746693 -2.9391284629158942 1.166471610470218 -4.190118612236139 2
-3.424886546996439 2.8134952922954586 0.14578614969362114 3.2690383354246455 2
-3.1788686392448113 -2.121322655457894 4.357138894964251 -4.411143221769733 2
2.8718026077017775 -1.7047147338521103 -2.224426661308664 -2.485352967052272 2
4.341757043636486 -2.1002516806352833 -4.072161651950156 -4.408447893644019 2
0.30288010474090277 -1.6697968993273533 -0.08824218980191434 -4.090660688967353 2
3.696955480564537 -1.2009902053388901 -1.9950468223778821 1.2597711219802104 2
-0.5976690545415191 0.11063423050525245 -1.847771625951862 -2.073107689568537 2
3.9499782963274197 -4.221458943559644 0.8149187001921037 -1.0751933051132396 2
1.9519079726852024 3.51917058863105 1.8227073056526084 -0.034884438751250246 2
-4.254414988342781 0.19846122527259658 1.1988833922582978 -1.3194508769853353 2
-1.5660916940697724 3.235403887790272 -1.916604484600422 -3.3011359762400825 2
0.5266489583026606 1.7120508134647305 3.9337234631906783 2.7435226141421514 2
-0.4243185004361629 1.1547813376922142 3.942256888407172 -2.831575278169779 2
-1.8891283348131676 -4.415862798301358 3.89840186540903 3.9217788692291977 2
0.6908034148838169 -1.6970020728078348 -1.9480993775671094 -2.028291764185233 2
0.1554083865101682 3.74765267748508 0.4628841630603523 -2.8323968456830286 2
-0.6617269034874362 -2.2734356705785315 -0.5210900043591076 -2.8321411865608406 2
-1.1583561484885099 3.886750049728865 4.026383261585633 -0.05557808258022945 2
3.931815431781843 3.0989695370914188 4.17525990681598 1.3044750526099063 2
3.7818586287509444 -2.4488973904381472 -0.1411580427085296 4.209257213650777 2
-3.712660114017682 -2.454212373437801 -3.211291964621134 1.1909688719984692 2
-1.670610454973546 -2.9271071127931956 1.4569953105311786 -0.5954415556254664 2
0.9638474577521442 -0.777722264989548 -3.9657849719493825 -0.06549658950570048 2
2.847163606444927 -2.833826415578724 -0.3137945083373028 2.760721296973772 2
1.8168887678067938 -2.3367993763577504 -2.1900510904232138 -0.9771267331415827 2
0.6679717995677373 -1.3591116250129 -2.338450135007605 1.6779907365512767 2
-3.9873204046545054 -2.4406769613566173 4.408951080034039 -2.903134168185643 2
1.476922998193141 -0.02474915975521852 2.893020662036675 -2.4211029664653 2
0.17114385666310894 -2.9275186490196976 -3.9782176796450965 -3.250651337588937 2
0.6364426639163073 4.47078082687389 3.916378039881498 3.496878930206053 2
2.8515159791245974 0.8493536144788 -1.8966555406538101 4.029876594914462 2
4.283901614978144 3.6140632620238913 3.1493748170827702 -0.5881068533549384 2
0.8604714024238097 -4.208163072169886 -0.28755400620174465 1.1686771942508045 2
-3.657806137642673 -3.9116545646199627 -3.077713485325686 -4.366961219321164 2
-0.43440166177672235 -1.1210865014892804 -2.1103918427485273 -4.361007312515152 2
4.278150308432579 -2.988150361203466 1.5704895974603172 0.46321952231498853 2
4.255088327393897 2.4072738197671177 -1.6051666895750012 2.5218210340778278 2
2.9181405566204806 1.1935423510019754 -3.1879311190670068 -2.2960742511430476 2
1.5185949318605885 -0.20805899830925978 -1.8691761416464465 -2.736612481509071 2
-4.38177278769235 -1.322945230123577 -3.7085518460645703 3.3297856224444677 2
-0.07135378655797397 2.070820899810939 -3.7063021898564092 1.6533930223947408 2
-0.28234491528501715 -0.3833557551951149 -3.4163921082804896 -4.403708971702432 2
-3.2610353314895715 -4.402001395768689 0.515414070674224 3.663981496983336 2
2.324504344292966 -1.6204244573008946 3.244110006031967 -1.4539375429357495 2
4.359451051741596 -2.517891964567596 -4.25557053606724 2.707734196170298 2
-1.451627770664883 0.2150652209951852 2.7538643906069935 3.316393046724949 2
2.2940231135447946 -0.32527994489733925 1.5268193988797978 2.770009760835688 2
-3.376597111994913 -1.6874875935715545 3.5774845407253824 -0.4155304455898894 2
0.04067252730895177 1.564641072151809 0.5204277334341941 0.0551801594541127 2
2.4313496068088294 -3.3269779714108116 1.7278551407179688 1.6461618086688736 2
-4.293763818098564 0.1717408999079052 0.18282272276984823 2.956213332769242 2
2.7898983959617465 -4.386566096731113 0.05201448110879803 2.9237270614670874 2
1.5522286018836056 1.6812740399129265 -1.9633942067108134 -2.8935465032026055 2
-0.45677921772026187 3.733098180677408 4.228835133102426 2.177455729104691 2
1.2992497628129365 -4.452841461136807 -2.161874760260269 0.7311180806205452 2
-0.14014399037061975 3.2338602548784 4.097360281843682 -3.7732148296912906 2
2.973596130336055 1.3423877740123011 -3.74819213644433 1.072213482779165 2
1.563285815087685 0.7064962181028047 -2.4795586904763804 2.386655610601573 2
-2.0329220234983305 0.5447699148245291 0.613372886541946 1.4956928120114572 2
1.5455680633567828 -1.3281333280523206 -3.5296748928486683 -3.741452537070989 2
3.2024553052853495 -2.7446626259216345 1.1260896147494068 -0.8124186497938157 2
2.225887292987309 -1.893575284318103 -3.714727285152164 -1.1604244948542979 2
2.464193585197638 -0.650364035975314 1.5492996869116378 -2.7937133982757287 2
2.769285682009885 -1.3181862359880865 3.561561976758337 4.048617499920786 2
-2.57676086133377 2.405560575795899 4.154152881910805 2.0707430196623418 2
-1.72222247132414 2.0992056095378473 -0.8434041508051643 2.1937427671609764 2
2.2002583776995888 -2.5074296918261902 -1.9081180865272362 -1.6702449984832841 2
-2.572990768614164 -2.7094686891563997 0.9530672509607215 0.8536242006712585 2
-3.217334960107398 -1.106256607133993 3.4079487868423 -2.2085931990548078 2
-4.2603490377754065 -3.5017166786918343 2.395695286825396 3.9691194013701114 2
1.5710762138706946 2.697988832076476 -4.490703606080388 -0.21519793798105635 3
-3.775234255844527 -2.4146792056278716 1.4133629612225638 3.089908925275702 3
-2.6313690437656705 3.7560020677346753 -2.8463452931159843 3.2054331418863464 3
1.9018306632283806 0.4849614994627286 -1.2207106812867485 3.530465363485552 3
-1.759338108714418 3.0136864286861864 -4.250594338898715 -3.7314887478914645 3
-0.5822463813343204 3.8111059360689765 4.332694191787013 0.9855173319614694 3
1.8544662390233986 -0.19771822831244967 -0.7413088786723506 -2.977072337756785 3
-3.3641090662557716 4.284391954209728 1.34911037780721 -4.167224384765779 3
-3.06149714690316 -2.6765808730230365 -1.695474778853658 -1.5886872270983219 3
-0.6193642035566616 -0.8621828480236747 0.9669770416309822 1.3574813100812737 3
-3.179236673121353 2.0638702742501103 3.114491393128224 3.848228483377891 3
-2.8012943981053264 1.2950607988049652 1.444119548499897 0.7035652656768434 3
2.288753555186688 -2.6034084712501135 -0.9115601073389243 4.199512433779278 3
0.9085882329687598 2.240355377212528 -3.113287453508783 3.555781277837836 3
1.2439683955830008 0.8741457265198416 -1.7008823890364264 0.4364018069949359 3
-1.8406594291005265 2.084458241173579 1.638596325895334 -2.3717731380646017 3
4.007775959999548 -0.6699474876460776 -2.9903698345475553 0.07633812086654368 3
2.5396363514826477 -3.9947306430427623 2.6267748802620448 1.7317301595036803 3
3.0174444224096932 -2.7697498486006706 -3.4292399654428665 3.606679935645597 3
-0.9441281799902412 -1.799270586671792 -0.1823618965576046 4.0200901131568285 3
-3.7790672057455565 3.641679026426186 0.4809033562343914 -3.736783605056824 3
-1.1686124020163557 0.27627694628525534 -2.6778326789291795 3.188141756247444 3
-0.05295360693307438 -3.3105497225135565 1.853346300882472 3.554455681376318 3
-2.641913469995103 -3.8143007187091094 -1.5376859838513022 0.2520125697386352 3
0.07129529950758717 -2.146054033503116 1.3535831923570782 0.84861768227998 3
-1.2864455200548726 -3.5274120417248684 -2.4168335801917697 -0.6586078549658798 3
2.5879665568725647 -3.54074510890079 -2.2669968234584266 3.1105346600803085 3
4.3713794134186905 -2.905549520054244 4.380097004712743 -3.9008627718085864 3
0.6516460119118438 -4.0963919886982065 1.9253522904026519 -1.5289600302083315 3
2.584046606902507 -2.793546469635331 1.1289184048028962 -2.176833156463161 3
0.25113580567313976 2.1606978884316446 1.359068483776456 -1.159675339835434 3
-3.1506166357446963 0.45978456768274556 -1.8466120841673268 3.7058685632801893 3
-2.5504451250409854 2.3327644438543023 3.9824898680358674 1.0219502390412192 3
2.0062367420059233 -2.911058691506253 -2.5697899725237665 3.9547698381554346 3
3.2576990190036605 -4.322024104352901 2.254081920509917 2.2598082659052547 3
3.242132976808037 0.5301343004484451 -2.5945079863636242 2.9714087354606935 3
-0.8710157510473571 2.328722379201029 -2.339143612549109 1.1845867072514418 3
1.9523610152322288 4.385935573275839 1.896656129096277 2.1814508673639152 3
-1.997234562483155 -4.465856948315917 -0.9876176586037714 2.3384285704448766 3
3.9051234748339905 3.2210739408410443 3.6264231190953895 0.7867801731381923 3
2.0596578976733033 0.15019904629384573 -3.6863125587468124 -3.3392161427195153 3
1.862606207238849 2.5247660118906845 -3.552637260034918 -2.9454528300940797 3
-1.1261165081682656 2.4329027279696183 -3.3621219873928347 2.504708010608648 3
2.2556188725765782 1.0189009038983374 -4.145296390340001 -2.3259742439322237 3
-0.8832066842894636 1.7757721733790683 3.4115976122261893 4.261669747526642 3
-4.471984279573271 2.4740698205213802 0.9487980695434332 4.286144381043496 3
3.5677494221116226 -2.3461586330624584 -4.108936124565209 4.037154915384068 3
-3.4130953412169323 -2.5174441098564517 -1.6983352578944957 2.6907555632543367 3
-1.7811294183891153 3.4472565770745076 2.7956619310221136 3.2399873242231036 3
0.3884978721428507 -1.9195951535421247 -0.37304270187749056 3.8757995294890355 3
-3.2548077918634815 -1.888699832059125 -2.178963140156641 3.9100094327662616 3
1.0248398076712735 -1.5827532309229804 1.0720766992649446 4.369004234503475 3
-0.3837583647810139 -0.50294603685047 -4.206205206336668 2.026499929494375 3
2.9532182465836083 -0.6628666118739244 0.5899881184234297 -0.06818357341512382 3
-1.388710609420479 1.574744443281947 -2.167036869143367 -1.558523836202624 3
-2.506661498398241 -0.29478758466101596 -2.25484013968751 -2.526588807074453 3
-1.6671088140838521 1.1417004194655118 2.69694753772355 0.02155505308432526 3
3.3962442722533135 -0.4707989986893434 -3.7512910017270205 2.492857728246423 3
2.560116769127308 -0.3873086949460465 0.3028416847535782 2.154490086117438 3
1.4060639854541823 -3.3134312247524806 0.138543238288092 -0.9004866841338144 3
-0.6031664372911667 3.68380789789443 4.376221041926655 -4.245816418533786 3
0.9493110092784119 2.4009712851339193 3.894875171683725 3.8776947098397123 3
0.04230547286304909 -0.017499376547932766 -0.9817315964868774 -2.569816159800122 3
3.0860985617356493 -3.889737590931416 1.0729196813991508 -2.898248980768475 3
0.6594504439471617 3.9848631788965436 2.7288737489520756 -2.214595297100383 3
0.16074043355089707 -2.7498077142490396 -1.8827446047058987 3.7432421100896134 3
3.1314545319912854 -2.2352477187973245 3.6262515012696808 0.3184280255746955 3
1.8065343283428414 0.3623484635720988 3.2655508252075407 -1.327206880754444 3
4.039526594521976 1.1190303216240833 4.480958504024121 -0.5967923453552069 3
3.041801658429564 -4.428604114249292 -1.8466918938135417 -4.1258318944574945 3
4.404060505499742 -3.8005688670085216 4.407362584080676 -0.3160113217935985 3
-1.6008343774670735 4.015371559110888 2.111265126453336 1.267268616412872 3
-4.419548078658794 2.90457004879742 2.0078405969940873 -4.040001865564953 3
3.2509047453011495 -0.5415226721228474 3.7804086486874233 3.8415709611201736 3
-2.198293255746619 2.7242056766996874 0.46795524438777414 4.175242998160959 3
-0.1992419601100096 -3.290952522098735 -1.971400167086693 0.9193196442289069 3
3.850640935425097 3.563729703059836 -0.9318357895263848 1.152209085797054 3
-0.07609364984758205 3.2103224686601295 -1.7943094032862668 2.8742254619041816 3
-0.7327977681231123 1.6511841014967101 -3.871926193462123 -4.123101867300034 3
-0.9180842453286979 0.051678157057293395 -4.055432538300171 -3.145904744691029 3
-2.7940346744946543 4.184900316998225 -0.9418457358477869 4.0985099033145715 3
-1.8520588058017076 -3.568863994952388 -3.5028410427363945 1.3279768723478447 3
-3.2011613979385674 -4.373169352268014 0.24859357610714328 -1.320818346152469 3
1.9435112951615505 0.5804848821678669 -2.7162069361182732 -2.514653263373978 3
2.6512051606627693 0.06371930955722782 -4.1056064124556775 1.9184757584383305 3
2.6263893555373845 1.7618779284465549 1.384561792766294 -0.5060718654774985 3
2.500636291732578 -0.8416541792062233 1.9704553928085928 -3.5102162479921164 3
1.3299356986873305 -2.8818513207632304 3.9484725603203796 3.128640383154488 3
-1.6036203295088642 -2.9465584189218674 1.4313209369929496 -1.0905194820444135 3
-0.8222649748806385 -2.327231268309611 -0.750899438867273 -0.16061470058279304 3
-0.8377020528357787 4.277001081935809 3.9175539300612057 3.2723365942629234 3
-1.6171260676017187 4.3424185047740576 -0.19868535705096546 0.49066648450350314 3
1.2267551327038522 -1.1241808344548008 3.3786347605138958 4.043379903950611 3
3.2173604917523693 1.0762806543171641 1.2526628028142137 2.236682880807783 3
-2.231702278822446 2.6357011017919882 -1.3353758427560163 3.76225487177562 3
-0.6035534213925324 -1.2823994940260273 3.030768448684481 0.4685029310228651 3
-1.5275075712742714 1.7763198805182547 3.3086448865365634 3.148846932962991 3
-2.082148884843961 2.774502123348421 2.7757022094552766 -3.3237645804235076 3
-1.8424008504013698 0.397092452268215 0.32402317339630915 3.607048032362244 3
-0.10870657375317849 3.198207713358328 2.437486474984473 -0.713581208773274 3
3.495477909558473 -2.840540018690099 4.300923540239692 -2.2430415899429796 4
0.7681361304442594 3.583845414154234 -1.4975079403689207 4.087804566866301 4
-0.4849450286901328 3.7968147493543385 2.778438133667607 3.603060040595957 4
-1.989081985887262 0.9794805677441616 -4.395693695310944 -1.0821201026940472 4
1.6420833879013386 -2.446148399845643 -2.380302390511176 -1.8365845330132982 4
-4.376092386980549 -0.7494843386637352 2.141959467634568 2.016763603776667 4
3.9463370267106064 -1.4127470115263412 -0.3438053082084469 -1.2125298491361565 4
2.5176986593433996 -2.9273731845533333 0.7622245170407319 0.303369791708487 4
-1.422424473277928 -3.198620512457129 0.45521603107075836 1.03929364003192 4
1.950937327317384 1.793768613271328 -0.9391655495920604 2.4454663417391256 4
1.6964758615402689 -2.219435689623303 -2.2391713498555204 1.4018469111302942 4
1.73124109461068 -2.454322131756454 4.143574333980163 -4.468007155820166 4
-0.6781579566179428 -1.152700904990815 2.0102493995487554 -3.5190446946332066 4
-1.3022287954189 -3.9811067348286926 0.39408742497442706 1.1422441501230112 4
1.1848196417934567 1.8658494241352954 -2.31347586806279 3.7245948772194732 4
1.0222982505255205 1.334814805468121 1.1008127582245602 -2.4147477774462613 4
-2.97053357204468 -3.154978809550238 2.4311896883982675 -3.550436280023987 4
0.12757539173294552 3.3779945371908515 0.4970278667821004 -3.6453953717775764 4
-2.8444190260750015 -0.334447931625661 0.7288566540751755 -2.2231789855183046 4
-0.6396089937308735 -0.02439732672435313 1.3452012715927169 1.94244257572362 4
-3.046403065625893 -1.4180342297867052 0.21767053111795076 1.4176926693279905 4
-2.1430763630683183 3.100742489065311 2.819644607925501 2.7676104447872887 4
2.7029902119876157 -0.6602475755867078 1.0771379284847649 -0.44007784091302615 4
0.9631391471013501 -3.1908095076040204 -0.8284500985736929 3.372728579139271 4
0.08651964795802769 -1.8274762279178591 1.826385589029342 -2.835584798639385 4
3.2368585821228097 1.5443854281575091 0.5915893196633697 3.679272290700512 4
1.2012661136017888 -3.377238299377387 -3.1437900697655596 3.109659079776358 4
-0.2647090845100287 4.379155016281933 2.881822196838149 -0.0059300883194896015 4
4.034692566653986 1.3057707623439923 -4.161745336628671 -3.1724774514275813 4
-3.1344761607122376 1.252141638479145 3.803748252198041 -4.102606835713238 4
0.5909590128953476 -0.28200746104873176 -1.1475111023517646 1.0713567125292376 4
-0.6476627747855687 0.8934278009222708 -2.7274676497738497 4.329717815162676 4
3.149728996643689 2.2600893633474364 -3.096222902609198 0.35711275645146945 4
0.7142448626750975 3.8223376338242527 1.0621019191198018 -2.421090461972665 4
-3.91734014902606 4.422118578586281 -0.30321909711592754 -0.08092323780363675 4
-4.023049115988094 -2.704540084752948 2.401761386938878 1.2085267749648607 4
-0.6952260451989516 -3.532420114333491 -0.2920495224119437 1.5024828887457766 4
1.1130336989793164 -4.0680669235601945 -0.4196031613002147 0.2314043220726869 4
-1.9383850709375208 -3.9506698699229603 1.4271123740252571 -2.869241562415245 4
1.8316739799457302 1.516105508305338 2.592445960550764 0.925788037845576 4
-1.0927746607445799 -2.8062516597316094 4.32299596623595 -2.4985512582194183 4
2.2230434612695062 -1.4365863831107948 -0.30360173250083833 3.5607762233950195 4
2.6577105066507856 -0.10889154738341733 0.912900687289093 2.0336296126393347 4
0.23102499915881458 -4.243582354575895 -0.7769685221877576 1.6587865964818784 4
1.2980881789112861 -1.3440914781104936 4.014495268628068 -2.6983254083461015 4
-2.4371547543714085 -0.5950496140946947 2.766287374895884 4.225842108899068 4
-1.0577928845617417 -0.2718986392227578 -4.368881414130015 -2.563113720650152 4
4.315350187618257 -1.220597366685926 -3.4436077171818322 2.406811659673079 4
2.4696912000243554 0.47490836894903243 -3.7690507265154003 4.485722027318168 4
3.502179801967346 -1.305424339653852 -0.9934918570862535 3.6468248933973637 4
-2.2903318783214326 3.699173156912715 -2.8028015685047896 -0.5321502015993822 4
-4.108191626180112 4.0567808525490205 3.1033063710558313 0.8574280260593058 4
0.5076622410383274 -1.1127310498162126 -0.3405771297777861 0.11384772081405847 4
4.455470901052 -3.974736184671315 0.6649697420311266 -0.5371271317296614 4
0.1503572379085093 -4.22012632090007 -2.7579693804857057 -3.474308146867323 4
0.6405816526761009 -2.8757834190439597 -3.1389486536686677 -4.027581325321795 4
1.1786328030557742 4.328313081755233 0.5280876995726838 3.1294891263240956 4
3.3741229609114285 -0.43347375521216425 -1.2679259496830033 -3.8222021462776397 4
1.8761478304654549 2.4972187500287033 -0.6684802921339539 0.9180705462480121 4
-0.046412242356927425 0.2568014115980861 -0.6713688098192618 2.79649110246633 4
-3.1429404146502664 -1.1754006694928436 3.976976215680347 3.3291969594151896 4
-3.22000872234492 2.042043780101064 1.8359954845189965 -0.2673096769604225 4
-0.20688305037963128 -0.46009046963911016 1.644282386129262 -4.379235204991234 4
3.4739817404881617 0.2485689508040526 4.3423030665183955 -2.9513040135399367 4
-0.8181825127482608 -2.079971800086187 3.6563435636551365 2.7639891149949545 4
-3.8518916834720702 -0.736774796472158 2.701257159482889 -2.079575479934416 4
-4.26821865834075 -1.8796145350281477 -2.5276157481846773 -0.6407937637732014 4
0.031585588635568373 4.193397585177501 3.1443399065758944 -0.4465832177545178 4
-3.515553772257739 1.5573694879495976 3.9187810260635563 -1.325886054734358 4
-0.0006086601072002873 2.4938840634820467 1.0745294912708374 4.326291327202021 4
-3.2075370191321166 -3.75117627207712 1.291162700167244 -4.090516055634566 4
-0.9070325518279159 2.672660267819101 -0.32798618143459357 -1.487237906577026 4
-2.774918349810989 2.409994729325466 0.28963393669507187 -1.9372841224818176 4
-1.8873180264431861 -2.547976611493842 -3.3996489279299746 1.514600898757216 4
-4.349559698306942 -0.9120684606985916 1.6322377940217567 3.304253699991796 4
-1.0702665783589287 1.4341044257582825 -3.308566557935363 2.687582774502279 4
-3.861734395766515 -3.1265641166195532 2.940918645646161 1.3189494217603674 4
-4.350817053891593 -3.4758327919733385 -2.6557006879742957 -2.147213570347459 4
1.3661034840908135 -0.8760883304257272 -0.733528642147419 0.37619165504458185 4
-1.6107631724941571 0.5212079481939522 -0.2030583996700468 -0.29286097159167523 4
4.441144167898649 3.0103786261622667 3.0585663917790065 3.330921287768109 4
1.7966086415962548 3.7643273021885215 2.8507856793909006 3.4002127677122966 4
-4.142441639852237 -3.866999025460273 0.6390788574336576 4.176325200051736 4
-0.23394339010750853 -1.357493283386304 0.9588991342542089 0.9355296697171327 4
3.9352685591560403 -0.09391534969348292 -1.6263203663284305 1.630837657053171 4
0.35684199084015533 3.5573432915809873 -4.032308803451751 -3.28908221089252 4
-0.4802845875867854 3.3933095034331675 -3.3278204918451144 1.3968115850226213 4
-2.2177642556553447 -2.0357126625770228 -2.9220066740579553 -1.4296785907360752 4
-1.5447474892116888 0.42807843432858117 -4.101195097502059 -2.3963907589514046 4
-2.518841933757169 1.54286253973146 4.178018923643647 0.0822546226473092 4
-3.2148604547729964 -3.653097529503245 -3.1403293337571125 0.2070767856101784 4
3.331725715848399 -2.368181667987013 3.991584455199727 3.2911741260570064 4
-1.0259639007966403 0.6438788345279907 -0.9714071796265182 -1.9451923562393763 4
0.23221772956322995 -3.815785085021038 2.3555687642346763 -2.33564107677221 4
3.3671334203822547 4.060220565768229 -2.2119088080838285 -3.7432228123806346 4
2.812565737572046 -1.9457834854781315 3.277296852876242 -0.4689097594174815 4
0.25062116506163534 -1.4452494838415149 0.5560763454897625 2.1303986192416793 4
0.4920057970890006 4.269631220217023 2.66839980418076 -0.4724267490871755 4
-1.6946737405291674 1.5191694533058273 -2.8428519944178148 2.958595663754716 4
-1.5662951342191271 2.470295394135716 -4.221018361545697 4.020554426471572 4
