500 100
3.5357413629240146 -1.512181752289405 4.05329212895093 -1.0446164229914796 0
2.891062107520486 -4.1247303684727505 -2.093132975623891 -2.395769676347495 0
-3.5310898805762885 0.8554685778561621 -1.486960769952503 -1.8871631579938615 0
0.26835625973539445 -0.7307331429901112 -3.4577441980847325 -2.7533135798878563 0
-1.481329356540037 1.1026748897648115 3.3242871408961627 1.2418607375697523 0
-0.5567271650201333 2.122938957138212 -2.180299877284603 3.5734491623175995 0
0.16232770799341878 0.7097274020354138 1.8460234920463003 -1.2171965385891697 0
1.3081958630603443 4.412018442360748 4.337951830597259 -2.1439412173876455 0
2.8787237722965724 -0.7811915866543727 -0.60265385500437 0.09818358935386784 0
3.386408896859647 2.913834893134692 3.7121268057148837 0.42000059787919886 0
-4.009729429598808 1.9677351290777487 2.235142613513907 -3.4329865321454838 0
2.7195350618202783 2.1276597943029505 3.3071727229719943 4.243312094345088 0
1.8821857570305056 0.3684316887227532 3.493959379274362 -2.6304749993437815 0
-3.376582430574512 4.118825659227015 3.942280937552203 -1.6705800561718123 0
-0.8706933113857213 -2.547439557087959 -4.017625163672603 -4.015812836140789 0
1.9554826180798748 4.447866945797438 4.271235948407719 -0.44015333745266705 0
-2.1994734995924845 1.5417848874535234 3.7673395132289698 -4.1716767987163115 0
0.891053218252049 1.9559893099996175 2.320805321016032 -3.2674459279829664 0
3.936145811804141 -1.3337120831426819 -1.735493639849976 -0.4616282085019847 0
-2.217293122757436 -0.8777474186690429 2.982654774964868 3.3629424720840864 0
2.2185964546648647 2.016635106705195 1.932296558861289 -1.582371664954242 0
-0.8450298354744962 4.404418634520021 2.915189818969179 -2.5742412898078535 0
-0.4455064732935061 -1.1357240930968238 0.7686874246776535 -4.234500689531889 0
1.8866574555228188 -3.7578730201946238 3.406271071024398 1.2258151431194313 0
-0.914643730698451 2.4379286967709177 -2.3168611757407414 -1.29480315956495 0
2.382758851504204 -1.945265547980724 -0.04035710806494319 2.6169279030619426 0
-2.794120286666575 -0.25874131738216477 -0.11406604147566657 1.4481842114228463 0
-1.4867455994763883 2.1126153934228586 -4.4355236759901935 -2.072835676384692 0
-2.798035960186221 -1.520063332910211 1.6669277883941427 4.461033967356865 0
3.09805578740312 1.0352163089013846 0.44731014109772127 -2.4624191718834734 0
3.467376717636345 4.288977183669102 1.476818759837371 3.6914813269591145 0
3.032177336164643 -2.872578365226546 2.4987070193296472 -3.317970281004672 0
1.065694576091295 -0.21502014053990248 -1.3578520584074552 -1.2167951420122878 0
-0.8625901079454471 2.1769531879410824 3.910504261314885 -1.033018432872784 0
2.9333996025226527 1.6490684743887747 0.11709569501366135 -1.2194776097969409 0
-3.2465555505812485 1.8254255165857005 4.336533899388101 -2.7701307374208994 0
-3.9704643885227573 -2.766010727239057 -3.1631384094083774 -1.401961407986684 0
3.8231438845967665 -0.8540778837240752 -3.9017168813971943 2.1781492849791144 0
-3.165376206591511 1.640584176071254 -3.844809884055527 2.7735433599378716 0
-3.028601243118434 1.3340271695985952 4.089912953992531 0.18642649732624628 0
-2.2354727114656976 -4.1276204882918845 3.1131056471315373 1.2739909373810756 0
4.128503402843764 -3.9040156726791158 -1.8393443626461878 2.668867351060891 0
0.11646167477074565 -1.4283306790207115 4.179829712535266 3.507047887672597 0
1.4400883678085799 3.0998460340691034 -1.5555139439836023 -0.07439083704771388 0
0.9347990103639509 0.7849232187816175 -4.149409119832756 1.8015162925636337 0
-3.4467026801882232 1.8940530189849922 -2.157482997130537 -0.832048042341493 0
-2.6592906793938047 -0.08668986068556339 -1.3286725730973605 -3.6364902495480096 0
-4.170523226075903 -1.6613678197010613 -3.553793672494424 1.9861161513622325 0
3.267273663894077 0.5261995640175199 -0.02068747580148944 1.3842895642470094 0
0.4203704364883706 -1.18957806959299 0.8567138811313273 -0.7842357126074768 0
2.9534101658905243 -2.012845865106249 -3.36100358936378 -2.56416216972532 0
-3.3690749250003837 0.5650297154340858 -2.5914990638212227 2.5258934790397283 0
-2.0939489516345056 2.475314354757225 3.132684923533772 4.298723347693705 0
-2.8853428901441487 2.54931004203746 1.0312029098147042 0.7656215362610151 0
0.971966887508634 -4.1242601146180204 0.3761884592959791 2.964711271192696 0
0.5514761897244117 1.5132396134424786 3.0819965032553602 -2.1772432590904653 0
3.9455334599992598 2.5740527293076694 -3.216722492345246 4.003428160575675 0
2.2538742436875365 -0.026541217489020608 1.5994872515690992 3.0063263206708744 0
-4.115407485124101 2.8518074680116907 2.629003910338175 0.5438629287049603 0
-4.3773863022734485 0.45037067143594467 -4.397183251225647 -1.6054563416802021 0
0.6011709419254612 -3.483734986915682 -3.3407376039227707 0.2243672397138794 0
-3.935013841518622 0.6725180247032152 0.7797274394966739 -2.7231649907334505 0
-0.13063260788379238 -1.787201125783742 0.17469684799859853 2.4203167868899884 0
-4.141839977580344 1.2050472282670177 -3.8644343379667156 -1.4023430048542198 0
-3.380978851195107 -4.395547400261513 -1.570071160192875 1.2977755619965081 0
-2.010000701893218 -1.7860901391525488 2.1353626247367323 -0.983501407029749 0
-2.877141316469902 -3.8971983322667962 3.592902741256684 2.7870231657431104 0
2.513105581734243 -0.8932637319451545 -3.5536295016745925 -3.9769459828955687 0
-2.2876663382392244 0.21394969070400993 -0.9141565925009607 -4.3461240948504285 0
-2.205128754961065 3.1671761562398455 1.2394256641131947 1.3771777666934986 0
-0.1484677971870504 1.1083495602246756 2.6638757911704416 0.8194594720498102 0
4.2576525439133945 -1.3072722341232703 -0.6715106426852118 -1.2801273970059528 0
-2.4781892920136506 4.308424250638238 -1.8957283360762665 -4.217746664232226 0
0.7836697890073148 4.335132498637506 -3.542638435594275 0.24136113761987277 0
4.217994722838997 1.8459354214924928 -2.673643448010213 -2.0071286869307294 0
-4.325527719171021 1.015473505068891 -3.8204845483973475 0.6048483684367012 0
-2.253967478641593 -3.335078634713762 0.220516058996842 3.5028627878621585 0
-1.2036497858727548 -2.6991584539720193 -1.2824633338603222 1.130253340397459 0
2.398332723081033 3.907630485745363 -0.07658585093789627 -1.6500907629926418 0
-4.26237841746955 -2.1954275612308374 3.9683088685508094 -0.22542049031989164 0
-2.1042175932525646 -3.219050579398979 -2.1133429084212727 2.9415993677783376 0
4.063493797467002 -2.2714924266903296 -3.720298093943989 -2.775761824870492 0
-1.29432451642277 -4.059548207408218 3.752033077475672 -2.8689566478438913 0
-2.356823959106356 3.445422800064346 -0.7791788372205879 3.2679152872863737 0
4.179897144963068 1.4042504170305858 3.346220407139933 -1.1304665527270337 0
-1.828250038522398 -3.9659762457179775 0.7070897908832591 3.826312303835948 0
3.2799283643907984 -3.1037319232132283 1.5974807520622623 0.0886604231071666 0
-2.0740671898518634 0.4338418563984394 0.9176804888339111 -4.36172993804152 0
-2.229503039599138 3.10210277071161 -3.989878261436419 0.8148719105504335 0
0.019933942918518355 -0.13779546085865169 1.1843891568408789 0.9287656574590846 0
3.6473276782248734 3.737415471682831 -1.764229501643429 0.46578405879244 0
-2.3253506657542156 -4.331097969919811 0.034036811969083924 -2.0112124078165805 0
1.5326072655729508 -2.0649293245213807 4.026759965758173 -3.6558756494317777 0
-4.3712419361372925 -3.6258264776671143 4.397015247632313 -4.254174856835781 0
-0.7304606512292487 -3.415065956842076 -2.2256558784282086 -2.570252135669551 0
-2.636199022067576 2.205499192081856 -3.3966328969255715 -1.638329224342913 0
-0.3988080399398446 -3.478413288708701 -1.5229718056855104 -3.9394811392702023 0
-2.5620870152533954 3.87218928750574 1.4103973178272153 -4.4775741072271575 0
-4.428947268531345 1.2768465548077832 1.5242850755747455 4.109578735667055 0
1.3019627487781822 1.6222615233911954 3.628287264292518 4.121354605386027 0
0.7033811798372775 2.5607539320455786 -0.7857317039681452 0.02388979850004591 1
2.8966246402472198 1.321464018071007 2.3384884028766786 -1.5131258938697059 1
-2.8832433224380045 2.0364570324437703 1.5432822122424246 0.9710114291416534 1
-1.9375912101341517 3.0732889638773564 -2.0122235374242985 -2.5061925656144366 1
0.6315043145131891 -3.7325914031965346 3.4024635901650684 -1.180569022796841 1
3.698569767187533 -0.33789679916265125 2.743693662418798 -3.4792699159344163 1
3.986133311305423 -4.1355694610591005 -2.0665106633151678 -3.9711960128123067 1
-3.5329052736027187 2.301476289363131 2.1616185679929707 -2.941942432245148 1
-4.124001741944504 -0.43593160640000417 -0.03095197611317202 -0.3818990863021975 1
2.844772487642947 -0.7272203476401047 -0.01781434359938794 -3.7717924466034676 1
-2.7903678979019793 3.0906952692697995 -2.0841369726243464 2.8906553247226943 1
-3.5347831322227456 -1.907832704084632 -0.842769485990083 3.628044055648448 1
-2.547280904373915 -0.3215949898447249 -3.0953674717462403 3.0574732084059653 1
-1.6236865173990451 3.681847580884323 3.0702085994926867 0.5426806245194432 1
2.5706463998811993 1.851756161010186 -1.9113501195963565 -1.9845700045243135 1
-3.240868946933286 1.0063920164586553 -1.5005587598062686 -1.0277221366995506 1
3.1634552428404468 3.813916186291232 1.4628139210545619 -1.7161360031051616 1
1.4598952838221215 -2.169184736080264 2.743333958502872 -3.670213919385113 1
-2.0088029289807796 1.2193019267327267 3.7237367664074177 -1.6883839190404988 1
2.019654979718815 -1.749714714250247 2.068414886796208 0.03197920308978086 1
1.6016632919455274 0.05844097674841231 -4.111674954619133 -1.8786215689358123 1
2.9644717781924896 1.649682533687161 1.2584530229874114 4.217176878588208 1
3.690910948091303 -3.420543413786257 2.865013682682654 4.473943643919661 1
3.057598196778231 4.034428701346289 -0.6850868200032199 1.0146576911753402 1
0.6625883872152455 -4.462694753602288 -1.7441038769617008 -2.231308475122624 1
-4.198389442909743 -0.7878058722738284 -4.364322526087507 -2.607961150695355 1
-0.37550477642250946 -0.20113364712698212 -0.30470177936493215 -2.685942457259467 1
1.6327876902345624 2.294022911016901 3.910725545178771 -2.8014748006774703 1
2.8870624775542217 -1.3832176185650447 3.5811303671353936 4.12576171970189 1
1.0345510346331812 -0.9641938825635753 2.9101729807437793 0.48574527047590144 1
2.0281108822635714 0.5712537582631161 0.31138029115811117 -0.8389814990858182 1
0.8530068221557 -1.0103704441757535 -1.2040906300651675 1.9113137376657674 1
1.210143023571792 3.3101322879218826 2.345801576353216 0.4795127755167773 1
1.3652439825893374 -3.342653822140802 -2.1722087290588608 -4.1986364991206795 1
-3.7013554836491807 1.5971974031010872 0.29703753871085103 -3.7016982101213807 1
-1.299653134310931 -1.6674628819878161 -4.16109147333434 0.8474480933563043 1
3.5104827593123247 3.2752383983644835 -3.822067469953801 -0.4959798505545129 1
2.7509608953855382 -1.2840906450385985 0.9564683470354478 -2.310330973218846 1
1.2670312997482451 0.8894929262411563 3.7665913770514354 -0.6972858039111614 1
-2.3801187973803204 0.8072663630127874 -3.424148084069161 -1.5699543514293972 1
4.473059692192948 -4.027728267034613 -1.7462712417303978 -1.6225308397964204 1
-2.3623160950195743 -1.5211190976769458 1.1863178834217085 -3.7066427022004476 1
2.708407712142586 -0.5068850341866249 2.896922085457892 4.285717373577645 1
-3.9354883825106453 -1.6356889461078796 -4.02855116027065 2.9905297540941778 1
2.9746736691323843 2.146025266912923 2.3888568568372075 3.245749797757245 1
-1.990485854504235 2.0574013770532376 1.0072429647377632 -3.7777446852888055 1
-1.6227590396152367 -3.12712755274479 -0.3637471168029238 2.5707406699335333 1
4.363905535705996 -2.145329573397789 4.0816150937330855 -0.8804040061777718 1
0.9776448840521725 3.7582642022807793 -1.8808141826400377 1.6852346100579716 1
1.2869132211881609 -0.6589842275051565 3.9790376914535672 0.4116560674168679 1
-0.9250561803356923 -4.059840641696305 1.2630038139700765 -3.3673842647128818 1
-3.768780575871951 -0.4438756060183867 -4.428274576894112 0.7989218410295329 1
3.800874149659889 -2.399674922672437 4.458627726810762 0.1854613799623933 1
3.319733134295122 2.7560430585231384 -2.1476449266576996 -1.3199392507207004 1
-2.9326137706604296 -1.688602825400149 3.007664947711653 1.5211532117228002 1
-0.6444247480692289 3.233463211914922 -0.40280062223577884 1.883479854672497 1
1.207403422115736 2.923147034313703 -2.360262030905017 4.01261331941048 1
-0.026531187287413327 0.7421466621765322 -1.5471637126401023 3.98726423559102 1
-0.41478989532968114 -2.175554941646242 1.302559331764667 -3.658234524458371 1
1.0650296543329938 0.6787576884284551 -1.2185419891095992 -4.224310935593381 1
3.30671959317952 3.821189358865264 2.1887809907442444 -3.9339386578037088 1
0.667370265443227 1.7467430831316415 4.286581460831344 -1.4042499579895318 1
-0.9702289353277929 1.5879658809563753 -2.418478978052452 -1.597188594881894 1
4.483908545982142 3.9634399336676513 2.7626132189927173 -1.0594430000367043 1
-3.228866429896678 3.9435148753246017 3.2396270889298386 1.9814871112112313 1
-4.152081802781434 -4.273337999297727 -2.6022355937952666 -0.9445944202866509 1
-2.899810960672598 -1.7545687026499355 -2.6017888629657087 2.931967262415401 1
4.362725650061828 3.9911530304711498 -2.436034373284531 -2.0017528464682703 1
2.375600111219445 1.1078107414815244 2.2787667374312144 1.556826685453709 1
4.219952220357416 0.6571464196712011 -2.849068600394638 3.810195756419746 1
-2.5810240874804267 -3.298916142514744 0.99003424070404 0.6399920389233822 1
2.3738348201748902 0.24586474117673818 -2.474941783817192 -2.650887105142406 1
2.8565514109737467 2.64465950234141 1.564691122897003 -0.8304427211973222 1
1.5315930338178307 2.490823627652799 0.45253870798502804 -3.2264943889064304 1
1.6933035789748705 -0.6411171380199895 -1.343427014001251 0.5489960389964353 1
2.9713048914362634 3.743010574576779 2.1129174257432686 1.7217746383015475 1
2.4969761469203258 -3.7273530824487233 -3.5451526021554205 0.49496318146658635 1
4.047115326974305 -0.20586869090600957 1.4478765028293168 3.0834374692955695 1
3.4694121304799435 -3.7354017254689547 -1.1919150820563544 2.7680550932698154 1
3.944088685241584 -1.6662876764489434 -4.49811308368074 0.6637097552652281 1
-0.7104421637197933 1.6680463946275919 -3.1086008827236147 -4.036749378888055 1
-3.6826717773680198 -2.6278645969271475 -0.02226294416477792 -1.8765373645929009 1
0.7471000284768402 -1.0327354933865216 -2.082245500708424 0.894071542520862 1
-3.542404399201452 -4.409235214651368 -1.9999125582280266 -1.365941881705771 1
3.5652601834614495 1.5122284397113945 -1.3585643099323723 0.43233168749456763 1
-1.5846143882494124 3.4746015240136674 3.9389604634747 -3.649651597807328 1
4.205000740963863 -3.76612980003735 -1.6821843498187443 1.7178685048087643 1
-2.1556772796507326 0.26704395516989043 -1.9472550968651219 3.29379463059261 1
3.7858338362660935 -2.4024926343989677 -2.0346060959403074 -2.9912294046598626 1
3.9181572103895688 3.6101518814721847 -3.5187535774502763 1.7335568007586621 1
-1.4561449469619412 -2.472880525275899 -4.01500767496872 0.18586919822115933 1
-2.84979461435346 -4.0052025784241465 -4.458898565523972 0.40271221217374154 1
4.1047195446862 -3.178692956922164 -1.5604139417443927 1.0643333280475566 1
4.119959626151591 -1.4478518898470016 3.076744836259196 3.0372055953786368 1
-3.9661916528366294 2.8730820528486514 -2.285582230761415 -1.7563042306261865 1
2.7306226439115817 -0.33008016841416077 -3.12059296934397 4.383475397397239 1
2.4511916462847725 2.239372943735265 -3.4660617108117444 -4.042224129416251 1
-0.4437706039827324 -1.9496570445972132 4.165697219752843 -3.842894674405831 1
-3.2175944765399858 3.690754269333752 -2.1122651962129266 -4.045713334098085 1
-3.788048271397608 2.030947454605068 3.8085534384622663 0.17346951587099246 1
-3.8008587946465573 1.5295989022517116 3.8032529514821194 1.3647220470795745 2
-3.9573575512601833 -3.498714209700712 0.7070970363626305 -0.8341614959960132 2
-0.221913027537035 -3.771378934341113 -2.13254956377499 2.6485717973418303 2
-4.212422910255593 1.2565557740428703 -2.4277340635461826 -3.87472059981705 2
3.556568452875071 -0.15090654134469028 0.5922232879854218 -2.840732885563088 2
3.0389446668681255 1.8808864197949935 -2.0444966669788944 3.5507863435717546 2
3.8972693662007303 4.269202408443813 1.9070865237749248 -3.5850513470940584 2
0.7934120201363491 4.0146780218033875 3.6306003263140374 3.6584878952676902 2
1.848106634747837 -0.3179333568613474 3.94025499194914 0.2969235113398476 2
3.735230050996289 0.7163558495633824 -1.1190720147316406 3.0667157601554225 2
-2.3472039149304553 -0.9944913319385768 3.90477510005915 2.7670196317958604 2
-0.7009568919301633 -3.0234554156214215 3.984326240733677 -3.7251500382430724 2
-4.2750018273434245 -4.026497840338916 -4.356651248889589 1.601775800192875 2
1.6052986810607042 -2.2151199868548503 -2.6590771527731007 1.6829839734177952 2
-3.131505207979922 -2.7217526981550666 -1.306635169260951 0.9205270179777153 2
2.864549697552861 3.525853415369833 -2.0757842441074543 -2.7791428394683475 2
-0.4111265649149092 2.167581753957087 -2.4558157784407015 1.9200519436588945 2
0.6752833544161603 -0.10336364002716236 2.4821678081974876 -4.091750158309453 2
1.2995959531387706 4.0347790025860055 1.0603469270555792 4.488420227892956 2
2.7219870441386838 -0.8061393658585421 3.801037971496677 -3.842231888183285 2
-2.237310387647778 -4.476386232647009 0.8422558701926292 3.5869682518233335 2
-1.8784975775653785 4.312833041980728 2.0938770760337913 0.9214068215694844 2
-0.6850355690589843 0.36075466446102966 -1.6080182215839465 -3.549537652457608 2
-3.9269728567329922 -3.2201010486485644 0.538799350324794 1.7422407383839869 2
4.370354167502872 0.32154588485289015 1.1283603198946257 -1.7685998073833011 2
-2.5095664131044595 1.2774365381052146 4.365069517132927 -0.16647081103178818 2
2.041636285670136 0.03702088391833225 -1.8598383749768348 2.8481137194307418 2
-1.5405518443973962 1.9997878674272083 1.6219077825571886 2.7787141427114554 2
-3.3281821675547376 1.9844385069123223 -1.5796606417473262 -1.3753639796707415 2
-0.4702822027923719 0.1490986980206922 -3.316381329534993 -4.440749932640611 2
1.1412489308233653 3.236343211378785 -4.391302337992698 3.629184234696519 2
-1.6625069066430624 1.7650403753571648 3.338168830386077 1.5831895395278177 2
-3.4507198601656914 -0.5529097940882695 -3.6520191246939095 -2.6952691978703407 2
1.954596518264664 3.509300481339112 2.508197949282645 -4.44915336745077 2
0.5143851094450925 1.2004445872782579 1.473221479421998 -4.34325265641747 2
0.2901664630777704 -1.3881674546174776 1.6152044631768812 -2.1523672566905026 2
3.111916981772714 0.6682859521687444 2.77255664437921 0.7316843960071675 2
-2.151458784563107 2.6740048172400828 -1.776789280513609 1.7385230349859562 2
3.0105960084425303 -0.4240347159800236 -3.669734671201284 -4.0217634038313195 2
1.6165274298821202 -3.6605915133138005 -0.7281101990940201 1.2650628166646039 2
2.0031326675856547 -1.4717331446842672 1.8126097520269333 4.3499487921922535 2
-4.2971179175356635 1.8460346492052713 -2.6816762912118035 -1.5091134741281405 2
0.4342442292276202 2.954412247091948 -1.524840710988058 -3.64001436140181 2
-3.463050591584121 4.438865276726025 -2.8839921978042184 -3.0085201420077436 2
-1.5073149244338893 -3.29448415091982 -4.283367551403655 3.430241929367196 2
-4.118630073661357 -1.6123104127124093 -2.6352130267405838 -1.1021042342429213 2
-2.6110030078897264 0.6688813642652253 3.6685683916827783 3.9441670760714187 2
4.125483478723781 -2.548819964215574 3.8594693329562353 2.711492899100807 2
-1.5378945085999125 -2.10494854016505 1.2264714181944092 3.5132444657328357 2
-2.0604350658779462 1.6838422828952408 4.165720973493182 3.606859531477071 2
3.5390294011478844 0.7582635091305806 -0.8661854458268345 2.7341841296535176 2
-0.8939084717244657 -0.6682392147080048 -1.4379412150169009 -4.047216811918267 2
0.47687818816083094 -1.750778270131988 -0.2063994404687679 2.759184160118619 2
-2.180758014646809 3.6892684114643135 -3.5041092894136496 -3.2312149759282347 2
0.10354489408036782 -3.4237199211870624 3.290888098327944 2.173091836707223 2
0.6352739105738698 -2.2503204526629523 -1.5641069014736315 0.9910828060786004 2
-4.451444608993192 0.6489253192664419 -3.417874278759555 1.5132131121793626 2
-1.2762054460212773 1.6495449199316141 1.9902007010378744 3.844035693622387 2
1.025951723656598 -2.9365470087546317 -3.1742369090338904 -2.3201372719170403 2
-1.7877607962729778 1.942824062669249 -1.9287159187271719 2.201088793170369 2
-0.6238332030443539 -3.287495539462169 2.2490730140724517 1.956495799511028 2
-2.9343989264297456 2.031084609868081 -4.123292084146174 -1.642648560631016 2
1.1200710569050711 0.49865074629001616 -2.0971368894993287 -0.931248257690548 2
-3.997944921358692 -1.0036685873886886 -4.187038301026683 -0.15494980289470484 2
-0.488400067754716 0.759128498948661 -2.4399232423679154 3.9610759282753243 2
1.7647855104879375 1.9609700112170962 -4.089905981395056 4.344067471474956 2
0.8279215463945206 -2.063498901996584 -0.48902287085576734 1.2477459522041014 2
-0.8252190395566397 2.480741650743554 3.7028146249310243 1.3342006621309337 2
-0.30980074617354014 -0.8646139916050612 -1.8213194074274393 4.282671886681592 2
3.190770378833134 4.45586987755881 0.9522989651706055 1.9403643913151045 2
-0.7184137253430473 1.2077440683645297 2.87120883117519 0.8655267484058189 2
3.7016587368044895 -3.1097652808225322 -0.07716909085348989 3.512247366406021 2
-1.87927221450188 1.3253402046779401 -2.8461630040148065 -0.491210526372726 2
-2.8946661152820043 -1.9790708545673117 -0.6708063918745697 -0.2585511167664055 2
3.925826587753484 -1.6659676383466788 -1.7143589576925726 -2.3076453734659452 2
-3.6354716034623866 -0.006029989691347604 -1.957283307019412 0.30217899610591736 2
-3.815827081956967 -2.2411942864596486 2.710148430729784 1.5775538975014107 2
4.0965475098090085 3.073749879639613 0.5891372808186406 3.907157447351957 2
-3.1614237298836176 -2.2842137565898106 -0.43906053513894183 3.383152834392769 2
-4.007163444064837 -2.7014604495602 -1.0871696746218067 1.544753487732235 2
2.7811964825665525 3.7340792597867947 -3.801425542903898 1.2129014147738983 2
1.1247394702072686 -3.7308537337186403 1.3541287578338594 1.820522460022402 2
0.011669372141464351 1.5072613798408478 4.295960642685946 3.248433988065157 2
-3.5409314496655484 0.7399366482039587 -3.4690363026384956 4.28411299143193 2
2.3007106793024117 -1.0294455218843024 0.2050019916277278 2.9486351520275123 2
2.930599974652989 -2.9720500570517925 0.11902626332754196 3.9810194607777656 2
-2.124896895876978 2.7446237383200205 3.263900011264683 4.437415722357492 2
1.6608745797575646 2.5379786624314633 1.0227380415495337 -2.3344360048168413 2
-2.8921981908075955 4.080673240209547 4.353150208314155 -1.2266093286882431 2
-2.9074228921517395 1.7724931949338978 -4.186731910446976 0.39949053929144374 2
-1.7231509081985692 0.08243032936504169 0.5299388733546845 -1.9469517300680468 2
3.7304477757496435 2.4997759198604106 -2.0083066270415197 -0.44995046430071395 2
2.241286495969916 -3.502442764477353 0.08789214481638874 -3.4853859116251082 2
3.719056222720274 3.627694128081 4.321622891892053 -0.9193941657770972 2
4.3570360332158655 -3.482865175988661 -0.9346140230795552 2.0364464223389573 2
-1.0547760490369638 -2.0253443599859344 -1.5410471190759205 -1.6758562857428339 2
3.1383893852617573 3.592275715749657 0.42040067451069263 -1.854037451890048 2
0.04673577590559319 -2.508457929704792 1.1826052241449734 0.2750909000832925 2
-4.065734175600076 3.428676180007053 3.368558880277173 2.462029645712353 2
4.035728149382764 2.292089059821439 -1.9171855838560945 -2.0367132566476673 2
2.9158565602804396 -1.7009842342526469 2.221807826332876 2.0786471460926292 3
-3.3390844756180016 -3.5926069706516177 -3.729984474946445 0.13201466032419107 3
1.547751467996835 -3.2231211514619638 2.81172323036021 3.2055746533487866 3
3.8073270470719063 -2.2958039744037766 2.2749584154299316 -3.0231588550352644 3
2.232588770659793 0.9993866258883154 -2.2369718004303323 -1.8585607784095004 3
-1.3960463832898848 1.1810744934427995 -2.17582993773156 -2.8543783869416046 3
-4.338605341784974 2.380117253625671 3.8678441685211227 -4.153622555031524 3
-2.952246656544985 1.0116585553643467 2.9679525733720467 -3.6419394407904404 3
-3.4415388911178812 0.6335648043282311 3.4202228171776947 2.3877495891269476 3
2.102903312830052 2.669241511979738 0.7512444737217605 1.876770843912169 3
-3.2736687759674323 -0.2084248330036138 -0.3655146061634311 -1.7933881453403635 3
-0.8006693924399053 -0.9082029750495823 2.0554861416555457 -2.4030239744479482 3
2.975984254451235 -2.810566723157471 0.6390454479920223 3.678124713015985 3
2.3536516559717855 2.1221535837851913 3.7581512626301437 -3.395825256390059 3
-0.6981036251367428 -3.2665827118425055 -1.0779651114939897 -2.8099183560970293 3
1.8403354952608115 3.375434420655881 3.879664254299025 -0.304214627994687 3
-2.9172231285387347 -3.4419446563788685 4.10860635871736 -2.087300028246851 3
-2.604561930483501 -0.5086981333855333 -0.8373726005485856 1.4404632160942412 3
-0.35572643811353255 2.312395966212781 -1.0976298881506148 4.489470847999539 3
-3.0219126199153377 3.5960428839365077 -2.2639878691404918 -0.07237431916799175 3
0.1952543681084471 -1.9853861581379586 0.6020092230327235 -0.984551704606617 3
-4.295155617158306 0.7732420900235389 -3.4422238419256246 -3.64943961989882 3
-2.6829937100813632 -0.5262140455217846 0.24343090945946577 -4.449513347454287 3
4.147008199132992 -2.678246106109051 -4.494816711247527 2.5899846558419632 3
-0.7762874939130667 3.0936757665567027 0.11698655719512885 3.2724550305110203 3
-4.255059854486714 1.5397949237399313 -1.3846443435071154 3.70497398523058 3
-0.30947246598798284 -1.4147159435629262 3.7138845211147125 0.8225091504797826 3
-0.0001865823375402087 -0.6109438295942593 -0.8423675905249365 -0.21043113259363155 3
0.5181488812273137 -3.5270700223366176 -1.8620731622264772 2.2619224632637662 3
-1.3047226671007646 3.8687895992575654 1.319294943897654 1.1177662049120127 3
0.03493178713996703 1.2732895254353616 -1.0788678758466714 2.895004154419801 3
-0.2643166670556395 4.211231653632247 0.17247414152534346 -1.3847673890546313 3
-3.4524411419490812 -1.344833250070582 -3.5100401197893376 -3.225101326817386 3
1.621873179389915 2.568869481337935 -0.364705336605044 3.0655346965194394 3
-0.9206774174862575 2.166919996817752 -0.12768466938975698 -3.658869131996361 3
-1.145915252058662 -3.621605936525903 0.723233945240662 2.2806782114608746 3
-4.347252298617081 -3.224847877634853 2.6902586529477337 2.0450967145511227 3
4.3836607430953585 -2.7716550040487404 2.4675198705760257 -3.285424321248138 3
-4.427978216245004 0.6160111762305008 -1.8544050532519771 3.567093104112783 3
-0.1593243970093542 -1.8188067485118453 2.2211567311079037 -1.007195683811653 3
3.8754734540401343 1.8162671677765765 0.6315873934429088 1.024283677985262 3
-0.7720658945834923 -4.286894685575281 3.1363078452851294 0.8522767274142226 3
1.716605241335789 1.5565328740107836 1.6929230662608918 3.1759642614115364 3
-1.462091379702934 4.250901987650857 3.9621259630410264 3.1001276070152755 3
3.7905992636594785 0.022784008272537237 -1.8048850732733221 -3.5856700529342773 3
3.119219354121036 3.1681735621242724 -0.2043174414723089 2.998894443406452 3
-1.1771680976536727 4.436991047826632 0.42820624068549384 3.3970420432615107 3
-0.9960714539653488 2.346063458159833 -2.2263936388111416 -2.217055123135408 3
-0.3974943583908084 -3.467312399038529 -3.654648150928154 -1.6741328303255842 3
0.5428518716207925 1.8638348373342524 -4.488936642996226 -0.41174986877236386 3
1.007485005832414 -1.8102233097167844 1.2884162565403492 -0.05631848799504202 3
3.4943215746704115 2.6360685549604743 1.0201752323869384 1.3701135646906266 3
-0.9061325089473249 -2.0224121098393013 1.9358191859245562 -2.0104836064686142 3
2.8879499211667867 -2.082438416420475 -3.7370261450834406 -2.6211532960745725 3
-2.1568302288385173 -2.087699257820905 -2.9352281595204888 -3.9155625080193266 3
0.9569734175514162 -2.028144676564171 4.20218376175401 -2.8477107420236965 3
3.224953098379632 -1.9471934384999905 -4.4177770296843395 2.807653195102068 3
4.0219592926431975 -0.9764600242952629 -0.17721029875845284 -4.2667786472224805 3
1.9326408271137119 -2.9156897261254087 2.816156586530014 3.276275516115592 3
-2.918237890580575 -2.140389420481745 1.7831231714850475 -1.303109052092827 3
-1.9392727359595927 1.5049599378542526 1.2849995076172285 0.006745116697546849 3
4.113599805537851 1.4536725403694637 4.013883734429607 0.2767943374887589 3
1.110057402832537 4.286382389313026 3.3910996975028413 -0.47712209985017595 3
-1.6962020269267495 2.667028924941883 -1.4432558130869084 -2.04990710160024 3
1.0769982859935885 1.1105191826175433 -4.270792735473756 -2.509263013520386 3
-0.9650951332404712 4.296955914015245 4.242388912789366 -2.3283752752977263 3
-1.6550341366811487 -2.0975608533207994 -0.1852583021439469 -3.616722573721044 3
1.0686591734245345 -3.8264653607396 -1.627796844019195 2.7126242849046642 3
-0.9257243270248019 0.9506574570712554 0.4203185618952565 3.447804780759822 3
0.680115601411157 3.5247972113774555 2.889241526387992 1.5836933220349674 3
3.5802817769890236 -4.031356404589585 3.462745610593768 4.410708375286014 3
1.9740109899861735 3.836548158615435 -2.4267424976289167 -0.7035033575210486 3
-1.8239075533051936 -3.492669125832873 -0.6663562530382771 -1.5358583234222352 3
3.176554142726244 0.30125671251650377 3.669530812576745 3.2648879379649776 3
2.716464459598291 -0.47232894633762146 -1.5196508719176727 1.3058890912352776 3
3.676856841094079 3.664433847803972 2.6489643405824403 3.1294113602164093 3
-0.5415828489419062 3.1390070257988234 4.032565190293297 4.336307789192543 3
2.7691260103984146 0.8599879948157678 -1.610332531555753 1.9317147966735826 3
-1.5689559059053706 -2.296859422869205 -2.776861351694208 2.5090505193296266 3
2.1458718589005437 2.3110465244386376 0.21649275052814865 4.0351021810873435 3
-4.319654833347343 2.2761485508613224 2.6292443407326047 -0.483583302336297 3
-2.6474801779448818 -1.8739242744599292 2.3914505652956146 0.00625942968844706 3
2.5603298448952794 1.0765852639443958 0.9075712159206976 2.1107775125620307 3
3.6735008255171757 3.754457308436618 1.1996803130974576 3.639695310473872 3
-3.119519929033981 -1.6013289441374117 -3.170808143504632 -2.2249607317153473 3
1.6229579219825698 2.208944869935835 -3.8008709600055015 0.9620219464104173 3
-1.5491270595445796 -2.10262653654335 3.5832354593726192 0.91041923821131 3
2.8093243914592203 -4.49969092200263 3.741726261025085 -4.196978241232472 3
3.3389229553335964 -0.8917425357289385 -1.2605467382612277 0.4422847554149626 3
-0.00767867439343084 3.9306436735965837 2.5895418081191175 4.483367888888907 3
0.34733210097361733 -0.26455746016852744 -4.362696314130478 -1.9320354682571352 3
1.7897564983949465 -0.8249595097037472 2.750274324597412 -2.324978409241146 3
0.7931529586617209 2.135196737109114 0.17472798187180305 -4.112108113464038 3
-3.28779373070138 1.7102405136942962 -0.02142177687716984 -1.1787616288927951 3
-1.669290086487222 -2.0319560461227946 -2.3894865430185064 3.053976173174155 3
-0.31758454024348237 -2.7149568031641422 -3.8255360521256803 0.9887308988823621 3
3.8517495285644032 3.7987047561651957 0.7547075781193292 -2.8832790865759725 3
1.2583326680800662 -1.2596458316904633 -0.8846703049498217 -1.7624632766827266 3
-0.16410278480823193 0.1666326989092276 2.6236241640874445 0.3635091329452633 3
-3.922435505575249 -2.8025890197005454 4.0059635667162885 3.1900654682784704 3
1.0178641257798784 -2.317987926988118 1.4031157183758194 -0.30803893124085846 4
-3.6150920593103613 2.3586660060101154 -1.7583086764910958 -0.9573844328877859 4
-3.233911319117527 -3.8094718384220463 -1.1973512852530743 3.833983031532871 4
3.8890618516814146 -1.8444402422729727 3.74780526835911 0.8214102809725558 4
2.9030036821571974 -2.4926194113969666 3.1538181245925783 4.249356935795097 4
1.4336678961604221 1.4130115922617676 3.5623745870587444 -3.663062391742085 4
3.1770124285642765 -3.6599460532962405 1.9330018041221582 -2.1228816935015837 4
0.2925751205495226 1.8904817945424095 -3.788885397778026 -3.4852616231194915 4
-1.9868563822699192 0.5722747145434017 1.1674061583681754 -0.43994247527093266 4
-3.4401062369209696 -0.8026017760954739 0.8078252884520407 -1.992574679382285 4
1.086278548607302 0.6820019997642277 -0.06772535136577551 1.3045145640169533 4
-3.0510015002039768 -2.8312322784637063 3.530299746546736 0.3314509035989148 4
-0.7005829441088001 -4.088586595154044 2.0811688398600108 -1.0703539491362228 4
3.8958022677525963 -4.005268417631005 0.17880631797897228 -0.9996612892493855 4
2.6993401671829975 4.2920621941026775 0.7852579839128033 -4.096169535729502 4
2.1930597510007304 -2.14057485496194 -1.1224736406707754 2.4915829955006523 4
2.2841755236551764 -0.4303627441071102 1.2993894378819832 2.4909222483850866 4
-1.5206637980073197 3.3556591031152756 -1.1636053144983616 0.6184503235762996 4
2.757552324702684 -1.9460144141704752 0.18341943552237494 -3.459557665497444 4
-2.0143723124500874 -0.49224311639895224 3.500208849373303 0.540382391057393 4
-3.463969055269057 -1.1292260286516076 0.7987861737986585 -3.5227913776266275 4
-0.05781693853997161 1.6010608431699052 2.2170008492294184 1.5588225657110049 4
-3.8928751152456953 -3.056095474510836 -1.3900146657157921 0.8136674675692467 4
-1.0860897740498323 -0.2765355532488558 -0.2542712101362413 1.965454821938449 4
4.12604986406884 3.5220745380208185 -3.2330193357772945 -4.091531940118417 4
1.1669339758328867 2.7723715420927895 -0.9993709661143289 2.6527520295660096 4
-4.342816466168479 -0.8314925258088467 -2.6576896650248414 -4.223659997179334 4
3.8404478164593114 0.7762630473687229 1.3502407902513882 -1.1248202558381635 4
-4.017842693662597 1.1747963549327545 -4.0337607683379035 1.6345073144380486 4
-1.263377660071995 0.10087594374720277 -0.641593716715437 -2.7011541107971455 4
-2.1713232937215996 -3.2485405408060837 -2.1921802598374294 2.5957814393664194 4
-1.2216904123890977 -3.6202613986320573 -4.412043776719852 -4.313340022369342 4
-1.0221322374327986 3.854738372877062 -2.7900258970279426 1.4551343365568041 4
0.45029864718051094 -2.5450890766632828 4.399371250629377 -2.0008747254264536 4
2.152803253527629 2.1183565570006944 1.3415748082649892 0.09957934304957483 4
2.6802847266387193 1.6299965007282315 3.8920512718857365 -0.8599759259136401 4
4.310792707061979 -2.9125906937691775 -2.383459043288111 -1.8019130360388944 4
-0.7614863281753883 -0.03658558945210999 3.792464718364777 2.043326327509064 4
-2.6699814141489613 -1.0525977284244088 -0.9593400146002449 -0.4105677728461875 4
3.9811383695993907 0.7416009181852121 1.7538462236532157 -1.262638857124606 4
2.627278988906223 -1.9564680052140702 1.707473918911679 -3.9584610755420178 4
1.0914468798502965 -2.455183754112621 -1.281768605805612 3.314057197382814 4
-2.5410986508903446 4.217875524020899 -3.1985926701902763 2.2183227509231647 4
-1.8326681706021737 -2.467389068837343 0.9751047057532992 -3.8715744776839642 4
-1.9796279420150749 -4.255382468805179 2.549377039344893 3.7653470580202666 4
0.608774311436722 -3.0300382224909215 -2.887933425174138 -1.131659533428716 4
-0.8327761439367094 2.1409703910135978 2.604878165935023 4.258066876321337 4
3.2677122446471545 -2.446493967846985 0.927409548588855 3.7861523194618774 4
0.1305508151016631 -3.776983690602356 1.1074991570014792 -2.568061217735372 4
-3.36048770757015 -1.0583594945738182 -4.392348423590646 3.960647633299928 4
1.3937788276431406 -1.7836920315555065 -3.937410708250183 2.074002156245796 4
-3.735325936134763 -0.5877627169606701 3.7167508837594 3.775940456827945 4
0.05405501807780966 3.408354330534168 1.17671891250622 1.263166866240608 4
-1.6235776434145222 -1.6194591372958578 -4.377910367215037 3.988748747157948 4
-3.924601739211447 -0.8449403681819607 -2.958407413114347 0.8326366164446902 4
-2.844965235846928 0.7337846202229572 2.523286759713025 1.8546144352270932 4
-0.430583130400354 -2.5784515756619375 -2.5095666685648643 0.7244004289619534 4
-4.348695487271224 4.424305461389874 -1.4566756798517124 3.968961482404169 4
4.286664342336737 -3.413457903543012 3.1555793614303993 -4.130076254184374 4
3.3897575804909716 4.396571142486296 2.6998353370721047 4.390150898977991 4
-2.241845421108227 3.0478132070410533 -3.7724639010391727 1.176990410388545 4
0.19903251314526982 0.22580338607263473 0.15414844168245767 0.6652507650071723 4
-3.7038994280223454 -0.4128960133041497 2.9383851344036764 4.095275033393911 4
4.4216818994643114 -3.304052202011129 1.7314681656450994 -1.8215432978002317 4
3.2156921026150287 3.4385421715208775 1.4111007577485886 -3.426901841388195 4
-3.729398666736344 1.9487164782728077 -4.444569729563951 3.580265965878836 4
-4.400629827477298 -1.2025516425833178 1.6157827790090327 -0.45165434731195364 4
3.3640950608947877 3.4615668635874908 0.31000986991757074 -4.331665587298888 4
4.263053491534489 -0.38339755655009233 -0.15527183595003002 2.3612683601802495 4
-1.9648351452144257 0.07712535584049174 -1.8928395256248032 1.0184308635866506 4
-0.599277873846337 1.4808329920526657 -0.5395700954240913 -2.5354423707477465 4
3.9287639414962383 -0.4618596694651337 -2.5562579223771413 -0.9619533797404365 4
3.4225700174445537 2.811548203318771 4.381344259906535 -3.7484955272183127 4
-2.781196898626603 1.4473478358231298 -4.268948278291956 0.0036461175004840474 4
3.1227356992616095 1.3739286675124458 2.9334392152939617 4.440922553684826 4
2.9961730848091186 -0.37132483811554373 -1.877269928820167 1.8354232273451498 4
-0.23054173063575623 2.3407799093279005 -1.1801004413350387 -2.263443885708359 4
0.9708548835817593 3.304572843009501 3.1639597703331517 -2.062263982290955 4
-0.5572681782706653 3.0576715507406655 -3.0584972754172166 2.09480645622115 4
1.224433985513664 -1.7677596824718376 0.04192987958761485 2.304315789278415 4
1.9491977600227872 3.175876918907867 -1.2731690911183795 3.1445883622948188 4
-1.8913854252242626 -2.946990315324915 1.0320027358640766 3.424429059111767 4
0.8235462830608341 4.249823450571612 0.5511961457205024 -3.94900180650714 4
-0.6416523980360147 -3.7674463131478944 0.6692227926516376 1.2791552217724231 4
-2.9236822190973797 2.170444130772855 4.042138175178629 -2.4698219882593673 4
-3.83351596786636 -0.8333949053209315 0.08151486584351753 -3.971112708873458 4
-0.5177864272427638 3.6954758654252124 2.194720285626482 1.9759275561991405 4
-4.002389707079432 -4.212454321347361 1.5875312680577003 -1.222805024789385 4
3.64691004981715 -0.26269012626529253 3.155058863603747 -1.733671945159743 4
-3.236557927888317 2.487919269000244 -1.779483954713191 0.9457243638965667 4
-1.6797994117103126 1.2325078539210144 -3.9876760801541122 -0.34828959364594414 4
0.699209752119781 -2.84957160601016 -2.4459527974108597 1.172792959399189 4
3.219024843164084 -0.6765835520777689 -0.290630802671175 2.690046299295348 4
2.244787851356051 3.844544681754044 1.4753894875102327 2.55832284209731 4
-1.647406421496122 2.859143686942743 -1.347852628750739 0.11595054346257816 4
1.0137515315528263 -2.210866381675892 2.3918168068688854 0.6691360247772742 4
1.8009759472211244 -3.3352916677818802 1.521046177345126 0.25168725836726236 4
-0.8233042057388651 -3.6332858153354826 3.499446120997643 1.8950972927356333 4
-3.135248648728881 -1.764526630903933 2.230728830529557 2.9010991157428463 4
2.095601461443389 -3.283919678590494 -3.425092427419015 0.8997192613020851 4
