50 10
0.12549009395421218 2.458485468713671 -2.367432296432864 -0.9654862768189517 0
3.333849171523314 -4.427577463231639 -3.7560130679546786 2.911957204144353 0
-1.7123766704531629 4.118433654293018 -1.8945332658731253 -3.02401725830361 0
0.11805041041098419 -1.6354401761511124 -3.0317845472897176 -1.9983267650596135 0
0.3527994368308328 -2.508705518150161 -4.4364372941820305 2.2388003789132993 0
2.75833222131843 -1.419708369467841 3.184334046051272 3.8313218920200294 0
0.34999964160430164 -4.447135930040475 -1.7806957937263896 -0.23282674722495722 0
1.5583723036247283 -2.6097816403913567 2.1628392108269456 1.3557350050406147 0
3.893018335908407 -1.131797254666571 -2.0914404986837227 -0.9965584729295728 0
2.2717702987735175 2.3682510166096975 3.6471679109428163 2.0775794997818786 0
3.334495097445751 -3.508999395690585 -3.8137847813855754 -2.6434955684054775 1
-1.7991721764559456 -0.22584810644578335 3.4948654702345663 -0.7856541454931668 1
1.5564304724992724 -2.1816681037144403 -2.6594010136909954 -1.377617693652815 1
1.8103618775203878 1.4130005343683618 -0.7902097041498346 2.297560574054187 1
-2.861930180592952 -1.601433064538093 -3.3022435375642756 3.193390069349902 1
3.4878371122874547 -3.749857550552189 -1.0817264145863663 -0.2080979639246351 1
2.2190770812636735 -3.9388495591487125 -3.328616726361825 -2.0502236118534465 1
2.083330139154556 2.1826021949418943 4.012541745648651 -0.2308002598627925 1
-0.8287576789350485 4.42244699008633 -3.128160444215684 0.46932331655904547 1
-0.43076431117447367 -2.7910931118487063 1.086022846792728 3.1412393107924754 1
-1.3353617511055567 1.9333049978273387 -0.6428805795435032 4.122782563855603 2
-1.2830817307341094 -4.035433014044316 -2.7387863997726996 0.1493036458942414 2
-1.6567289608323084 4.489241504084828 -0.8856521210663363 -1.9906526287297406 2
-1.9088562904441728 -0.3438371572577468 0.9368054595411632 -3.7829482475460416 2
2.1174129988557593 3.993110556708237 -0.04366882955447782 -0.23335213042265823 2
-2.921376216010106 -2.588207616872399 2.1222489341379696 -1.8588932727892133 2
-3.3077014834449447 -2.6218692697726835 -2.546200138571469 -2.6497744610237235 2
4.461191500891765 -2.2801875127441855 4.338453218022974 -0.42368669524211355 2
-3.5095215725020545 0.020882144385049428 4.128164723194048 3.564959037532503 2
-0.39490366298973567 2.110412060512936 -0.5318366690792578 -0.8103420953348746 2
1.088491871900695 1.0896320401993247 1.4486775483163181 3.9058320451838044 3
-3.148446292235702 0.3444709138651251 2.740832775977432 -0.22972227746717 3
-3.416874808394693 -3.1227703018074333 -0.05450747280623813 -2.201444888264292 3
-0.4483929886737713 -0.6383488751396205 0.9674474239113836 -3.930578342899557 3
2.1029587275441104 -3.8378560494464367 0.6432610816012211 -3.676686790639483 3
-1.9909275321335254 -3.012356028770939 0.18480734422242384 0.8788716583742482 3
0.07279324614529581 0.7132603732336285 2.453772322196363 0.22600825339871522 3
1.2474713540474631 -2.5737686609443036 1.2534762379590976 0.36330202881315443 3
-0.7418011641936271 -0.2986723746063108 -2.109758082859765 -1.7011935743751836 3
-3.7523770594450228 0.6324561724611948 -0.5123598483735369 -1.1083783888631022 3
-2.44334193601708 -4.17843252196681 0.6058654185097032 -0.7841234673024762 4
4.180763503980064 -3.828060480979967 4.08061732816001 0.8701111403493128 4
2.074322167681129 0.023669312495594785 -0.23322575661963307 4.459495846761822 4
-3.6665024869257654 0.21554418923404783 -2.471456009021007 -0.4111033717778273 4
-0.592038346684649 0.43214766034020546 -0.5922210525558104 2.345018519167221 4
3.9150627147075596 4.455452726612414 0.6438256313790692 1.6925056352425063 4
1.4608626640253672 -1.3128275513152436 -0.7922120280619095 -2.5431927471911338 4
-0.5475868737089712 2.479642888793685 -3.1781992851887813 -2.20765612645843 4
1.1582155692189338 -3.618081709689216 -0.936756038807289 -3.8840039875799683 4
1.3642745406550398 4.217544075162174 2.700302751101486 -3.8814457222786642 4
