50 10
2.061123680602072 0.5511564209487703 -1.0631472995232483 1.1713471563978453 0
-3.3752961719168315 -0.9216686816989456 -0.5098337407237804 -4.270299953349495 0
2.531773856461285 0.09893683487801819 -2.4010627921498875 2.5132360990120692 0
-2.855759774257575 3.181615877239675 -2.9702769148956794 -0.7688600256223762 0
4.098347033713283 4.35792121426601 0.8532005573242427 3.6978307011027622 0
-2.7656912355536853 4.237155912331954 0.05752411689556258 -0.5523011866882798 0
-2.386724808587014 -4.262815363411164 -4.209370655765927 -2.444317009153017 0
4.0145430878726005 3.795523668188521 -2.8655602850163504 -2.316994035082897 0
-1.8542180896921752 -3.0035366802087817 2.7851004233174486 0.1735962135819641 0
-0.9411944415081641 0.09602761279616501 -1.1824423171499614 -0.33881697271027256 0
-1.727664943583434 -0.6338804976725612 0.9439515911307841 0.5164077543581064 1
2.970624650859833 0.5615421432550421 -4.202506900125887 -0.9088184024781558 1
2.9779947919157523 4.472363619761691 -3.7501098683747136 -0.15150280842202524 1
-1.5067907532564155 -3.6809268625168694 3.2088388525327805 3.129808878572476 1
2.464484027299679 -3.155546425496613 -1.1668452388296835 1.9630825399717726 1
2.0281955368312863 4.096317908858282 -4.458504207256792 2.377695683123437 1
-3.842138027106359 -0.47553524164032956 2.2203008259572607 3.2302694131537777 1
3.0700626099972 -3.1901429911265864 -0.38907935212349853 4.0299490417697 1
2.387443824133701 2.5360642625804752 1.236361190905806 -0.021416466502035214 1
1.5757069075057784 -3.314680326130733 -2.7978976846451715 2.33834443119653 1
-4.146271360476964 1.4042076929141463 -1.1592753873439405 -2.6165362904042864 2
-2.2393564746688503 4.39576545628461 -1.5969501769904357 -2.6444450424231842 2
0.30044740137145454 -3.9674228080605793 -0.8111820031828001 -3.2806081085888086 2
1.7887978267361733 1.1445728982533447 2.84764160293921 1.2445513927247545 2
3.5620068487834255 -3.0426779623510085 1.582304784837861 -4.423145945862624 2
0.9934342056539115 -1.647134120095694 2.1375341539234656 2.4045322898241195 2
2.369391029211163 -3.0934612657469023 -3.0398770152735737 4.146182096097194 2
3.868988176520943 -0.019705320785944003 2.680795565896532 0.7570605592749979 2
2.999105727151972 -2.4302751535620493 -4.117296258748021 -1.4158018078400194 2
-3.5387098984804544 1.5633034279307538 -1.1909138505954346 3.470408860863646 2
0.7108492691968726 3.3826443644521147 -3.37448021099372 -2.7113832786585936 3
4.4741487680685195 -2.022242923761362 4.119319107118728 0.16460079590251608 3
2.1837263630259396 -1.9374124272012896 -0.04101189755584633 -2.370809701236961 3
2.0362380346620412 -0.08036689715985212 3.7824756311288668 -3.933435508635361 3
3.3121448316708992 -3.039644669899614 -3.229717372234524 -2.431812382544033 3
4.241925896601867 -4.060028757387884 -3.8108081466870605 3.2659995405117987 3
1.8049131906940308 1.3675041867706381 0.7894525291122276 3.548818000333469 3
-4.081868188683742 -2.7242921129190156 -0.024284304548862545 2.514666899442805 3
-1.524536947261049 2.273804521275609 -3.353951284965312 1.0048852577762248 3
-1.214868764612596 0.2769390577531642 3.6963609149306573 0.07859632343632983 3
-1.31236813913425 0.13206655173010629 -0.34991726604725504 1.9841226524295368 4
-2.144705652632487 3.1656553700380186 -4.142712553017683 1.9842025799399998 4
1.1091713466845592 -1.7597722462719403 -1.9005655353807018 -0.0842333999448519 4
2.47930701795031 3.5599678474873526 3.361124057086028 -2.8008752481796764 4
2.1366693167875503 3.199971698760044 1.3110612621617381 -0.1609208621708248 4
2.881128002581715 3.286988512656748 2.581872900759156 0.5456985117774886 4
-1.0608334365543053 1.0026635367929635 -1.922583956448535 -2.851998557956972 4
-0.7604464275960462 -2.320786784796424 0.07637608801063533 1.365945787795242 4
-3.948740512191498 2.857644964621594 1.8945176220122386 -1.0420204261722286 4
-1.0473110441860363 4.309564328777642 -2.069687461223101 -2.0079076410988073 4
