50 10
-4.061476072717855 -1.8980130618916484 1.7146960462246543 2.5132196632576855 0
1.9886971214810685 -4.305453750756452 -4.074937829949368 -3.8289491894660275 0
-2.646695112593049 -4.043040689741609 0.9436008501227588 1.9111500240590191 0
-1.7795529543184485 1.4751926516222997 -3.1430290664553553 1.032872170507075 0
-1.7269704608680905 0.7523214859673887 -3.1423411078556867 -0.34441002675006926 0
-3.873861408486595 3.306640355937795 4.322369509625331 3.0916724202612618 0
-3.3008353267342705 -2.896878045964515 1.7272330519762513 -0.33480964955087245 0
-0.03663405156459798 3.273296801024012 3.7509625850941206 2.093107385774485 0
2.3304945196090285 4.234366128142419 -4.481095491964437 1.556363249790245 0
2.3337229750699753 -1.0417497111888352 0.7087143655619995 -0.1889502696315729 0
-0.8215350350064071 1.9202438509603086 -0.574927762421484 -1.2302149013354224 1
-2.0639720459417963 3.1869258479220965 -1.9427105503663378 2.4482295047728186 1
3.71847572650625 2.3468046269814558 1.942368620598593 -3.0345217672799283 1
0.15001683982259584 -2.989478113006434 2.3463699569475622 2.572453517740884 1
-1.811769375520209 -1.9445125947242956 2.1474593718192563 -2.4407861718340356 1
-1.5550868104404214 -0.3587369958632157 -1.528096667879852 -2.0148100123028088 1
0.39931523511873857 -2.5433921721625024 3.578385671775083 3.8261033335992503 1
2.698814942450788 2.040160043668819 1.0671800870614918 -3.246267747024315 1
3.1436344205209523 -2.092303758761349 -3.262238321250779 -1.2071880776217592 1
1.0334224003359116 1.374804658745902 -3.460774160352576 0.10649411131777942 1
-1.01865209279143 -0.8068123928446312 -2.1657945465507886 -3.50569897002575 2
2.791417945433735 0.9033233884392138 -2.8069735223562615 -1.584367504109084 2
3.5850630472622487 -0.089709974558838 1.489852289484568 -1.6923674519929426 2
2.9548631899465363 3.23000524051415 0.21553879153342437 -1.4960842442972506 2
2.596006292769837 3.4888989348648267 -3.70498621782679 -3.705428206690986 2
1.7897471005723933 -0.4104872315032535 -2.229364124232811 -2.53566949381086 2
-1.7467635169003004 2.8807596443333416 -3.9357972953881273 2.499993633927693 2
-3.2430181011838206 -0.8883315136738026 -0.03481081699038657 -2.031744412051473 2
-2.419089165536979 0.814119871890209 2.7884997438074044 -1.4609149213102877 2
3.4764125214163126 -1.5503256862872896 -2.739506475339483 -1.4222704204103795 2
2.7414868681768305 2.6770755552118337 1.5549286092540724 -1.951970008032127 3
1.4912428299677534 -2.302987529495039 -2.1090990574393125 3.4302705614594196 3
2.874206211791073 -0.2915892859669591 0.3521693632948514 2.1938862149396927 3
2.151978542856804 -0.35418178509717324 3.5802765673680232 -2.034350171198181 3
3.276771746156768 1.819478628037019 0.30091968164982474 -3.301259022551815 3
-2.988224339103388 -2.8867817418734827 4.156696716970251 2.812103348164057 3
3.149145256950818 -1.2139897784221314 1.3626809845740175 -2.679682944806017 3
-1.0706837453021092 -4.129132587604733 4.237405226174325 -4.180175655423018 3
1.2074676922326855 2.7376050820061737 -0.6908919634270677 3.9997281841327457 3
3.57581607876904 -2.7471286572411904 -1.6271122873056578 2.492228673708909 3
3.2160812436344224 -2.9094339354234737 4.275824400088824 1.8174113148226065 4
-1.138310112146881 -1.0594911504865305 -1.7772383424068847 4.217975142304282 4
0.6358051981397073 0.1002304488706448 -0.9385812631921906 4.061781570019748 4
0.26169577868515315 0.20882429109874445 -3.3353456608010528 3.9335775349744826 4
3.8868980183370594 -2.280816593937514 2.3139722769129776 -4.084926465563518 4
-2.6252725409729276 2.8442735108140216 1.4658493035904496 -2.4608589376799146 4
-1.7651970475618075 1.5785315182158366 0.1750557201289592 0.09607766851767574 4
3.8129224341977777 -3.870275222733652 -3.532122651283496 2.8355708266116624 4
2.5359249834224773 -4.184073098824383 4.16207715374083 0.7999415369962161 4
0.08171696375515025 -0.5508749391785399 -0.8617315440174738 1.4028929314313476 4
