50 10
2.4418857894007138 -4.3132324557653865 0.7032278689422075 3.185403754504377 0
1.2028341143364787 2.2392349428475065 -3.88712453815845 -0.3192227299860072 0
-0.013436889276686181 -2.476830190222371 2.5375420675723355 1.9674252934402525 0
-2.717434217163384 2.3447764097906285 0.7741978204785827 -4.166150280890329 0
-2.978002470937181 -3.7049416724339075 -1.3440924784518034 0.5687161604347051 0
1.668238365310175 4.080540115754429 -1.8024311481789344 0.11100737946194328 0
-4.46446560304877 0.10973037047198952 1.5612023275624847 -3.0672563995971585 0
2.8135886548690214 1.0127346014644933 -4.045700968614021 -1.4596570164178848 0
1.9957978568861958 -1.8731153864643015 -3.527426044984927 -2.889874722860186 0
3.759967102616491 1.9311820505792152 3.4724438655093515 -1.2117152590729576 0
0.3828993121013514 -3.2204695715862575 -2.5310758573841694 2.272465531967425 1
-1.1399331595367772 1.5672025355971075 -3.5380837404578775 2.2014291669800454 1
-0.5235014301930353 -0.5938740600003566 -0.2719323590355498 0.8843010415119825 1
1.0599028062238545 0.118244182989518 -3.171418269432321 -2.8436866011616386 1
1.353574637383205 0.9093505806408995 1.3056491382141768 -4.06234794362935 1
2.747008771494718 0.19482437154270715 -2.262487429775075 0.3816766460520381 1
3.677839927278014 -1.6268751991030925 -2.459039910569917 -1.0672961858583112 1
-3.6858658565618336 -1.7936994902741699 3.800095082131916 3.8282118558099913 1
-3.474140743228052 2.9581319367690897 0.6007493211749996 0.3012379649010237 1
-4.077933125496752 1.1365843348025328 -4.366259778300947 4.3010933706180445 1
0.4282754032731918 2.873582961030618 0.6572601362986726 2.625812966489616 2
-2.7094721428906894 3.2116527221195987 0.5540162424873204 3.3960171740844123 2
-1.335126245111209 2.291829223768715 0.7577624567760798 1.879648437320597 2
-1.8363446380828916 3.4554283160506762 -3.163198937791873 -0.6439433492889322 2
-1.5703952595097608 -3.014856920527664 1.7450105970817051 -3.5584222992943215 2
-0.9672368044807145 -3.6588566289721474 -0.5435528600286856 -3.004180670659197 2
2.889950920532356 -3.1396318232169254 0.06280766337642618 2.871322777225913 2
-1.0429699617702037 3.9983464101492103 -3.689039387480053 2.7006187562473065 2
4.38862927411685 -0.39325907614694333 0.5861371856202408 0.8041294051254666 2
2.9351055945846585 -2.237632792136466 -2.7170940850535796 -0.5749357019504913 2
0.8763448340779586 3.6254858429846464 -1.8368661400124637 -4.161980916524901 3
0.3110215392163356 0.8118122668688063 -4.2238364366434835 -0.4220549981888989 3
-4.146464094971514 -1.2853641722891735 2.2037766925506097 0.5156586561275726 3
-3.7834821885963223 -1.7508607349146357 -1.0339776039106212 -2.9873448222064325 3
-1.523526192160812 2.4644726658953626 3.044351886333236 0.8914661771534336 3
-4.140367121790205 -0.634570394115255 2.5444333642047403 3.136582637052431 3
-1.6656581534158053 1.2284202876079016 0.9284667827583134 2.529545555612539 3
-1.3828756492797027 -4.11212379415505 1.0416318843021237 -4.309513279450605 3
3.419236570661244 2.3691652842931292 2.254181494387419 -2.9156208004467548 3
3.402869784523725 -0.7424177054465974 -0.37337214386454287 0.11810436959020598 3
0.9501980795438109 0.1211996466745957 -0.1438119874185676 3.0994721508541283 4
0.8805298316667628 -2.1400590498124474 -2.9266749466009254 -4.368286124070751 4
-1.792158219533635 -4.271401961549046 3.1388766463010893 2.184071195694907 4
-1.7724369541406872 -2.3213171213682537 -0.3897221821184501 -0.7479143365556002 4
0.5182036979637977 0.5895631789935079 -3.4494344014773306 -1.4518878030959426 4
-0.223809773264545 -1.8648182133944182 -3.6480686333071226 1.9424778547618278 4
-3.92174045374658 4.309372311818784 -3.8062313602556523 -2.6464476746792474 4
-1.442629407259227 -0.04456232205791111 0.6639860830608194 -1.8555160031660878 4
4.293726533304136 -0.5330355758940013 1.4015406844313838 2.7321151296889763 4
-1.6355447506894392 0.17817287287842132 -1.3390784730323213 -3.6590366075060965 4
