50 10
4.20326855112309 0.42509024258150097 -2.1517005843495403 -0.7877500950351886 0
4.254159239683959 1.933343943069282 -0.7286936890292967 3.621796702885268 0
1.7795594213754373 -2.5551945397766125 4.316546358364368 1.112119554662225 0
4.286470092986176 -4.443927703158691 -3.7513428968622495 2.096988458363955 0
-2.2231587385490044 -0.5868762083599879 1.6081686223108562 2.934205803226976 0
2.514446296143772 -2.7208343285977223 -1.372937969600499 -3.9700791525768917 0
3.2669391203930003 4.350606094577815 1.006396348097629 -3.383868435180552 0
-3.0254198273577115 0.8760054953957329 2.3357657624699826 2.64980985818978 0
-4.419125120992005 -1.0208584562073355 -0.8223589192509185 3.99417755294741 0
-4.102559478616504 4.109876709428123 -2.9359818562025173 3.983272647542822 0
-0.5746801780818211 4.040795761034065 -0.31059292664217897 2.3669427714782953 1
2.576753873415549 3.296603687235286 2.2753817593237162 4.330889272181347 1
-2.9415112065364664 -3.8254627168820368 4.259501947160376 -4.139179878229484 1
0.9066844923999237 -2.9882503465343655 -4.356258502215954 0.3896128352118068 1
2.100421507595129 -0.8240052586318675 -4.1951014389143175 1.4173617225174526 1
0.25117941076128303 3.938144255558478 0.31412341498007323 1.4990255649023412 1
0.195265102004622 -3.5262595540149237 -0.5279336606459697 -2.0477568714863748 1
-3.0759893353368053 0.40682386532891524 4.047020459530596 2.054424961739222 1
0.2196367206162605 1.2384921971339429 -4.443084564610655 -3.6060501159524296 1
-0.886541007687544 1.3482459811740806 1.185230206124816 -1.9076685570206267 1
-0.927899973884406 1.1152450219340078 -0.8314049043750811 2.5337801150793875 2
2.4066447038111147 -2.8892348096298224 -1.3126901563857118 3.832277375513331 2
-1.1198180827121185 0.022797533942409354 1.9840690928215472 0.4673379665823718 2
1.6800037192471122 -2.2168831620475515 -2.8713164757740786 -0.8136774929911553 2
0.4926677664830268 1.1243775965768794 2.365936108589911 4.417171366653514 2
3.5595104945053144 -1.234317704101862 -3.8371286329143603 -3.2872265369840044 2
1.2380136571686298 -2.7769823809293297 2.1604025700173333 3.0040323292925217 2
-0.019852968444248553 -2.8579913588591386 -3.7010442834881756 2.964761547489051 2
3.7654473522578646 -0.6136013579289513 2.5805908299157605 1.6939914588371345 2
2.9716929188851164 -0.7490132578947368 -1.4406622516606045 -0.4991340191912963 2
3.6420082986903024 -0.8565730442018457 -1.2029747467361913 3.06419458249964 3
-1.5194294721798953 0.6492489324547376 -1.5451007680718265 -1.5968252137206986 3
3.1089928418470194 3.249128805777648 3.917617715103187 3.7798861292810804 3
0.8611930536150102 -3.7380455008163076 4.218067128394637 2.7679405789314067 3
0.8753994658725742 -2.290916622752081 -3.717759441215113 -3.681805035411808 3
2.09334103730971 3.551861630850649 0.5137386773868363 3.2056539383503586 3
0.1326057382183059 0.9320715932418575 3.457780775777414 1.2316380557994075 3
-3.914389688554734 0.36067256678525705 4.102241345855239 -3.1330295889057247 3
-3.337318946966061 1.0310656171529877 -2.505771630175023 -1.5075434971125317 3
-1.2271468765964588 2.409822308976712 -2.1887557120659857 -1.6901547094795326 3
-4.063192772224028 -3.5116369369394036 -3.433990352997737 -1.1219387099729787 4
1.6562089361126486 0.13188327375290843 -4.232034029405347 0.3400349955799201 4
0.6447723445327423 3.0933629459158984 4.012454652078991 -0.4938732624575871 4
-0.11036124765293154 2.791299799135304 1.1173791989729183 1.0063111374155616 4
0.09219266365446044 3.840486239162261 3.9004125127293623 2.1106714770778434 4
1.5023499438566341 -3.1614584450934875 2.9233883538542194 -1.4773553108778896 4
-1.2190214220681976 3.2919742434968935 3.667181817852731 -2.833116892440185 4
-1.347433102300359 -2.7987681648946063 -0.8281595799544424 2.1370677607320863 4
-0.24640821750804254 -0.9649694266008306 -1.4988925641258501 3.4752080821871942 4
1.0703693397968426 -0.569103372544381 3.245902759222931 -3.013936916401015 4
