50 10
-3.112534418582949 2.160447268638643 -1.0330471778123327 0.8616770485821574 0
-2.130164863333788 0.3036545404226797 0.9972634995396835 0.8965726955760397 0
-4.368825337631223 3.7687230728989647 -1.6894440284107357 -3.871136927132208 0
3.6064336870531104 -4.199207151362899 2.706608107939747 3.702906451199872 0
4.112544026476051 -3.265116107795312 -2.7479283386171662 -2.6045312503240448 0
-1.9455448233784876 0.9547486592294602 -1.1030329587541976 -0.874375108445939 0
3.998026224477379 3.1746198699835646 3.4665992498951543 -2.680610909669347 0
-4.479666898333378 0.19103424498263588 -0.7288665526462453 1.331632560053352 0
0.46833869938109907 -0.1316032770356127 0.10478657513997947 -1.4955076303685721 0
2.413207386579801 -3.053549221869869 2.506260904734102 -3.281083788891503 0
2.3810440530499086 -4.312711818431405 -2.774603049699998 -0.876697668936317 1
-3.2831083946779485 -3.4535428433847914 2.581600187229522 -2.2157262546507956 1
-1.710921739589737 1.5430738069080239 -3.5146312080163304 3.8760841294369768 1
-0.258931995749873 2.8455146824142417 -3.3625144460286234 0.9450485132720724 1
-1.8937189482250179 2.0981337985140356 -1.8889025707095557 1.1387645273031326 1
1.8236011972972168 -1.5518747136291928 1.4352835845673473 -3.890464545368747 1
-1.488172238045498 4.3025227111486695 -1.3010136767907958 -1.4874833027090468 1
1.1212390056181714 4.052821722295728 -2.9024426950493813 -4.42796994195947 1
2.4072808555843985 2.925083278932961 -4.40605438114751 0.8771292417521094 1
-0.840237283740045 -0.43822429720817146 -3.7382533168309076 -1.6589858676420102 1
-0.8943153537449379 4.456243443047026 4.217564960729701 3.362242961133116 2
-2.901922416558996 4.1633721272506525 3.715055947537419 -2.97091565161303 2
-0.726747567668044 -0.6835279810410115 -1.6487288937985944 -2.3239778785734355 2
-0.3316601724538867 -1.136491660584762 -0.08140527157515409 0.3954906861166225 2
-0.31042709844740113 -4.183485646762757 -0.8509105162349078 2.1816928185911424 2
-3.7415459724133893 2.092686283277551 1.2935971418868242 1.4340901564320359 2
1.2257999444958076 -4.248829900246207 -3.156986832590401 2.2192541082518034 2
-1.7984694615841206 -2.5123273125400303 1.2730283605405484 -1.8159207369152688 2
-4.004820059938199 0.20921463700462695 -1.1175489421248606 4.397650786576326 2
-0.7526730843485084 -4.066031251569866 -1.398645537480737 -1.4089949941385238 2
0.6516406397664842 2.7316498560963867 1.0228810893759288 1.0655344146540595 3
-3.4775845241416468 -2.005945070173234 -4.379819200278786 0.6698951534436199 3
1.2751028251688061 -0.0653642510714294 2.499115068716595 4.048938694239752 3
0.059004681012853166 -0.3470376594064034 1.8268395579001018 -3.454148398969578 3
3.5526876653510167 0.9519992382202644 -2.2805866968921813 -0.7295518735418459 3
0.9302004285079829 -0.5051532942785799 1.1882839204245559 -3.640767718816159 3
-0.17957895005798807 3.496027745067236 -0.9872171151918113 -1.6022917122234603 3
-2.623495603858379 4.001233159406924 4.241927645348202 4.222641416502971 3
-3.8387696045196105 0.8563721097248146 2.190761714029625 0.1592036553192151 3
-4.219640362334102 1.4873168927771026 -3.0196803949298 4.0444341334647635 3
1.2364694562687248 3.2621864606785356 3.7964335921549597 3.4431363030514563 4
3.9747394110569116 -0.48935651930436874 -4.040652599774364 2.4744619389125613 4
1.5296186919217951 3.818976296687925 -3.546943628188867 3.648562799666882 4
1.0748112009097195 -1.5967284056206754 0.7909783624044239 4.392807819254269 4
-1.6247132015977692 -1.876889834940124 -0.6420477913543992 1.1686498105602632 4
4.116756813651515 -0.8463749133632155 2.486532008387873 -2.1616426100914747 4
4.019002401265228 3.2147150294874924 1.2502176233594167 2.9411997764460804 4
1.7003489942921184 -4.470408281228943 0.1917473248838646 -0.6796337501020249 4
3.600931496912842 3.7787838386609103 0.27902734023853937 4.013803104030543 4
-4.446815797183642 1.2863353359226104 4.493462959298186 1.5383122996343528 4
