50 10
3.360864625126346 4.216865965388388 0.018696533719396058 4.474067953828698 0
3.3227508619252797 0.27770122400039077 4.3563658263613245 -2.4562923607505214 0
-2.405445048204384 -4.397410761503131 3.149615611707487 2.8153578207435443 0
-0.6257806353675854 -0.8788377596637166 -2.3747906677297537 1.4116796478501683 0
0.20407204217312658 -0.19447383777837812 4.294539013934333 2.0841166332216843 0
0.498208264400974 0.3904741578828631 -3.6393447482920216 0.00545495349884384 0
2.3480601804263608 1.9113711667388213 -0.3387592931578113 -4.493304995009344 0
1.0771388649309563 -0.6651740657142704 4.4004504641438 3.398579470575855 0
-1.8983247478372105 4.264697170804016 -2.5450996237540715 0.9483975118135523 0
-1.4960335904039668 -2.5307904526215483 -0.25242191517663826 -1.268019766860478 0
-3.9077245099150972 4.345834918980904 0.263632070774971 0.5834079961536432 1
-3.3492985836747136 -1.6008228611623858 3.001941011242714 -3.9346800976350993 1
-3.8615143972482113 -2.4770705492875913 0.9572996084167946 0.03251470446619875 1
-0.9572857655075557 3.565305043925717 -3.057311764570007 -3.190990692993545 1
-1.3908454920191964 4.3627449355674415 1.2405677581942158 3.446155263251688 1
-4.241411559330341 -1.3348373735689192 -4.204207702344857 -0.6478028867869188 1
-1.071369997165323 2.3774411822936408 3.4010376593534613 -0.21143628463200403 1
3.949235219796946 -1.622791831796751 -1.1918651620581653 -2.3341477332682943 1
-0.6077166048862573 -2.068688325676812 -4.065914005527332 -2.9234989871176507 1
2.70950297693755 1.2441492551080922 0.5109788939971449 0.2707693467561033 1
-3.881788798876585 0.932800287322001 0.39799395555299555 -1.8085252624495516 2
2.6601710258607896 -4.211926592167829 3.2888162809301607 3.122518891919426 2
-0.4009696010466026 2.6115528720445704 -0.3086967003254064 2.2622237710722186 2
4.397368663023563 0.7556808915087004 2.552136054900104 -1.1871283632345873 2
-4.149789321219103 -0.4821938323388767 -2.904182094293893 -2.224165467140713 2
-2.8064473623601716 1.1435008216972355 -2.3661804640855357 -0.9729399433540111 2
-2.562139804745284 -3.1412690310825324 -4.435142314390739 -1.9719823496705153 2
0.3252987601161702 -3.596518851979056 0.3336310525134668 -0.6924662668981875 2
2.0804258878259647 3.956859354970573 0.28643692092637196 2.160696237875211 2
3.989863660168816 -1.1273534548400144 3.880938954824591 -1.5660265278026468 2
0.8617522128662323 1.4578444104702093 -2.064838301892764 -0.2139847922579624 3
0.09522409727943304 -0.26196676520535445 0.986545892073871 -2.8147460920447536 3
-4.420149429733643 -3.888932367911677 -4.248041710593944 -2.664058049925197 3
-0.5866539445477008 -0.6165573220767533 -2.2940589506007663 -0.573024938582437 3
-2.827046830322061 0.26734785031714114 1.1783631792434164 -1.787187451623193 3
0.8917762764612546 1.9883202001882512 4.279560419211623 3.3403350723038847 3
-1.7424372902468983 -0.8604408170271114 1.0865882825581745 -1.4590163317854759 3
2.9050417844777385 0.784173161117675 -2.9724155553301026 1.4375713612580086 3
1.8586398906491066 0.09524022013964195 1.9390416280132354 -3.905093548869548 3
2.9705549489380587 1.9861021033183972 2.476045893240923 3.497659300038676 3
3.2963551459348266 -2.6693120506320853 1.1900139561257483 1.8301726794249853 4
-1.813186338447373 -0.2177638014260347 3.2709980075348692 4.038515188978155 4
-0.057559518706788104 0.9690851764600883 -1.3331122028739069 -3.9671837567643182 4
2.8704201932932762 0.24951454577920895 -1.701404177156459 -2.962341221474549 4
3.9528372242148446 2.010450734885464 -1.1335613401669606 0.03573928739448373 4
-2.8911868589891916 1.0775287493631807 2.6144271269363943 4.0723371009280624 4
0.5605504556547012 2.3706415317343175 -1.8916124931005394 4.0681268496687455 4
2.7598170169190324 -1.8123731770248 -2.843601614739452 -0.539447819399192 4
-3.2545376395551875 1.2185812276097734 -2.857504685190414 -2.154141293893379 4
-4.425224630106866 2.5972493804810046 -4.345137919893555 -2.2834834516060116 4
