50 10
-2.5020614601923445 3.3365907555963874 4.366231179262241 2.7126137736996307 0
-2.6395276019451623 3.767498171441294 -4.014341080693678 -2.785700038900476 0
-0.10429930084653771 1.0056947661238114 -0.428230387647221 1.8264786940618036 0
2.39317070832284 0.16576189085648918 -1.5115666541789032 -1.2601512434582314 0
-1.8287954858140023 -2.8105089420487355 3.793235093632593 4.082674551546123 0
-3.773328581116126 2.14596266579073 -0.8308284419057077 3.5871403939625095 0
-0.5282169939364222 -3.0752111905861392 -1.5277207323644435 -3.755352878280111 0
3.4194332808115098 -2.0332218420699784 0.24045808912732247 1.4475995186254678 0
-0.7718848282705382 -1.8352806053971684 3.5368586491976854 4.186417923129066 0
1.1590911799153498 0.7185402917059055 2.4293940920218327 2.3318920646039336 0
0.899362769624888 -2.107627942180435 1.8904414261899456 1.813975493232351 1
-1.9378270742277257 -2.2177061480359126 2.405982430060051 4.269145309970796 1
-1.551924470801393 -3.202521294119216 -1.1365693434362765 -3.752510012653996 1
-3.0094842491885916 4.175374761611477 -2.3432360434899757 -2.5066551596130435 1
4.142040437571245 -2.8042680996365834 -1.2276018287630457 2.7928280890111656 1
-4.281240945334617 -2.659000082580444 -3.9591344712028516 -0.4523079789309954 1
1.7985925271390175 2.515631269999768 2.8185347473501046 -2.1218546291341607 1
-4.293602168048267 0.6989657231678044 -3.9293911622396824 -2.321030949696586 1
-4.485220445555592 0.13925350714854157 -3.7343658442480594 2.7699969181261683 1
1.2581565851777141 4.370619625237699 -2.9677493192572606 -2.7418983699380517 1
-2.168121632300048 2.722471967365832 2.831778104020743 2.7925697626424606 2
3.334347783013348 3.804746525511029 0.8043649041036829 3.732609061057158 2
-4.480072087208008 -0.27460465418180435 -3.9616052692082886 4.18496976243299 2
4.3332186384540945 -0.9094967648743457 0.6387769517022519 -1.7773369874964513 2
2.8235922982822634 0.41810848175229975 2.931352438485156 1.4347555231798914 2
2.437686784262021 -0.135620325103878 4.378512972630563 -3.5325941978241095 2
-4.2379959269455405 -3.7212688043801543 0.7282667487005582 -0.24454660448441867 2
-3.49691568859779 -2.2387939947850715 1.3704370738893055 -2.323268513123138 2
4.184237632737285 1.185894474639709 -4.219829429234346 0.3980911747156718 2
2.849941823538257 0.594737964834807 -1.2176083908685351 3.5309994776865965 2
1.2182058502370379 2.8071215206236957 -0.36588964717220196 -0.7321130996679044 3
3.8401435371948685 3.7136408733340485 1.1961498671187045 0.24460949651905983 3
2.923296483946729 -3.652175410404096 4.150900261567037 2.6010910310061934 3
-1.2505642338257181 -4.180418714157027 -0.029740417896649274 -2.5997309919518594 3
0.41722513686726204 2.6652844877040383 0.9358572698665526 2.23718229499336 3
-4.039714772087876 -2.8019903778620288 2.3027744813455278 4.4415360713940055 3
-1.2107000887905168 -2.3013821973788247 -2.53351996793911 -0.66926399818512 3
2.6557872562892877 -1.3311455781026833 -0.6853535747529961 -1.6321820608590176 3
1.249899138543288 -0.05926453292916256 -1.2120028295903724 -0.19852820905899216 3
0.7514976934805088 3.9536941676836643 0.37881368169307605 -2.1129277803588185 3
3.991860738142916 -3.4947681553478573 -3.2907264493287727 -1.7830251204054308 4
3.091994694992014 -1.3857466341964289 -3.271679155608524 -1.6406981698266931 4
-3.5925545442361937 -1.049318405395963 1.6126441278398191 0.9120704030584945 4
0.09319317605323141 4.149927737686168 4.475029199066298 0.5482313082913677 4
-1.1563864620479345 -4.388675295596781 0.4385357738386284 1.2811458613969995 4
3.2373619828937237 -3.5000032541367125 2.0411043357021845 1.0423218556664575 4
-0.19494860411893544 3.1498202914757423 0.7965005847576405 0.945038821411821 4
0.13264170300611178 -0.48052954869918085 -1.306930853718348 2.496437951656628 4
2.704287786755127 -4.316477593966644 0.9414298280995506 -1.716923056738705 4
0.653567839270193 -0.7975474579856111 -2.289321013102554 -3.8586061431452903 4
