50 10
-1.8480149758160125 0.275280800447647 2.204812900951257 -0.7824363471372807 0
-2.7763129174725463 -3.8888967762783775 0.1323480048805431 3.118873456053452 0
2.58286913999922 1.4070016959826992 3.2297585116220686 -1.7054674745112766 0
1.2376880643927224 0.6804260437773058 -3.42552245419302 0.18863533197450666 0
-4.148433754300202 -1.2796775596480596 -0.45944938532674406 3.5755854743862825 0
4.011148681365668 -3.959597877161532 -0.062078952721260294 0.04029766192432016 0
3.2763789319158994 3.3956147353322725 -1.2138871554863453 2.5470550898292665 0
-4.039257009415917 1.3717675391908934 4.0313071728770895 -3.3298648823362105 0
0.46576231771387755 0.8776192791514592 1.4500140617346364 -3.0264092235884905 0
-0.14824238120998112 -1.9531065522870792 -1.7195511203329685 4.199671388453225 0
-1.8204685352840553 0.55358014793725 -0.15430792801098336 0.3667270067486377 1
-0.9355730755767613 2.5983063871100964 1.9005582156193697 1.6868856965966883 1
-0.7336405318871074 -3.204864713022049 -4.167277671914657 3.4935350936027136 1
-3.1418397502139066 -4.002827848057586 -2.8027421277018156 2.538249822252402 1
1.9623347433328115 -1.869143809462753 1.2953350977492455 -0.1314091250829258 1
-2.7110351501969125 2.982275300794689 3.861404505892761 -2.0710672857435353 1
0.6119200775216791 -3.758942257087673 2.82761087377171 1.7553786606370694 1
0.4049871653764834 -3.069371298894521 -2.3802192729502893 4.079724226569322 1
1.5908614713266438 -3.4337496160883116 0.7689213768575344 0.7475982180781795 1
-0.4950354049193807 3.4918419074147913 -3.0851141180944985 -0.672835823220726 1
2.6754095699577913 -3.8881914456273625 -2.3848027711088373 0.9045659395776264 2
4.147089808201003 1.4328485313841954 -1.2545241974621661 -2.9801389648235075 2
1.9689847490199117 2.192190886206869 -1.374781958844914 -2.5693468228280243 2
3.4896271669707324 -3.2944889918178633 2.6507546369687325 2.6253838628680826 2
2.492771225450222 3.0419236097579256 -3.019136788220143 2.2532764366103613 2
2.963742875175854 -4.23758703132172 -3.9969304303858797 -2.4077661695845185 2
-0.9866295785107393 -0.564732070487632 1.3508678834538206 1.9641758753237795 2
0.18571557160198637 -0.0641459325088427 -0.17955482849500903 -1.461467991083612 2
-3.3261364601224286 4.35945177895025 -0.9926433961044179 3.2291747446050305 2
-3.908679102737232 0.7135566996966298 0.1024705001591969 3.3722101288424042 2
0.7269734257805516 4.0890407900123185 4.0179469873909675 3.92160340264341 3
-2.7230060023769225 -3.7500713943263544 -0.06265861256607308 0.904664480020407 3
3.454777959599135 -4.358734263441507 -2.635469098738366 4.105694448406027 3
2.6603518261817194 2.41371395485481 4.381294132632125 2.964409590181077 3
3.3483940735785342 3.7449907775059974 0.34100513722621617 -3.7481614165258943 3
-2.0356812637399413 -2.372569862556605 -1.6750125989826332 -3.5449789569337753 3
-1.7053214071915113 1.9407893302662662 -2.655822187855169 -1.5703344331894793 3
-3.7553805967193696 1.5793779870398386 0.014480885296068391 3.404868784298227 3
3.226722019897744 1.7360719570485545 -2.150919509749839 0.27123095297572564 3
2.5657532213753655 -1.3204687339744243 3.094763779051924 -3.2709196223584507 3
-2.518271378606363 -2.29164848586225 -0.8979839073963041 0.616367579002176 4
2.0467126401680784 -3.9228500438801195 -2.825629086959498 -4.376556600362718 4
-0.4163628425201381 -0.11090403478306476 0.8351015017286677 -4.358562911191663 4
1.2678734650004533 -3.5444803287299513 0.7739435121490938 -0.8220338881584778 4
0.6624894402093378 4.143112146216399 -2.4423845230916554 -2.791046359163506 4
0.14112522177785936 0.6284254130536215 3.719726279682533 0.8119833469674099 4
4.392059954142837 2.9958384156215647 -2.9592508744701806 1.930270299665787 4
-0.016706861064034406 -3.7786379592237305 -2.3539854702212706 3.7962462892445528 4
3.339422946584662 1.9177776808868194 1.9914648007460567 1.5923068117890198 4
2.089008391811706 2.9125798831801375 4.381295007087442 0.3577067684774148 4
