50 10
2.4993216951643813 -2.3621290196857894 1.7705235946792586 4.167882699326358 0
2.9185067939523166 4.1917427823869975 -2.0005062324172145 -2.397361843368298 0
4.25341002514404 -0.41895677324419034 3.1110484903123026 -2.48208776437697 0
0.9813821648515014 2.4797386314436203 1.7001566960282037 -3.1185482671946456 0
1.2745201028316226 1.9981640656525244 -2.6676167745997783 -3.891609957567807 0
-4.184671283087064 -1.8139547619973855 2.245371258914772 -2.8792854412378612 0
-3.973387573061327 3.2135484832847903 -3.3816536077506867 -2.4767345348208325 0
-1.1443137491267326 1.6186315642028726 -1.9848640171623824 -4.195604420605898 0
-2.193480456060329 -1.3717690636275723 -2.2104073346276167 1.5196923577914878 0
-4.415285069271276 -1.2749959556552724 2.3392717255866726 -2.4658702716004486 0
4.041847635103894 -2.5389089178148 1.00664630392987 3.7103047588675713 1
-1.6254777025767186 3.7599514740052866 0.37449565452012246 -1.134494193814236 1
-4.212867002040947 -3.9142391666173695 -4.381194369915904 2.9638592506918937 1
1.1684609919704068 3.364320989515848 2.849053749422202 -3.782518940194022 1
-4.421558409265936 2.219195132945438 -2.9549223209055167 3.043341289988999 1
2.8155705390236108 -3.8185429844495995 0.5774425097562997 -1.351960077590717 1
1.4080980113726205 0.08335980075166372 -3.194973334300799 -3.6133283167467596 1
-0.18104947653255166 4.100167304379597 0.5416327648447263 1.890593010567574 1
-4.499891697874634 -2.277191691072753 4.0578392936353085 2.232461989135687 1
1.9100941012042516 -1.578761551919582 -1.1497858881829377 2.3262957503838333 1
-2.0070327925457145 1.759009072981271 -3.860338387838327 1.0966083205588057 2
3.7669657333135387 -2.299718680218087 1.9864262756083029 -4.123722427908934 2
-0.37722764450912694 -2.223065854606442 -0.9428236356273078 -3.0479505889032747 2
-1.0860003766524047 0.9408494576853994 -2.015252235201073 -2.461470090181699 2
2.4514088371250224 -3.8887425288502695 -1.7578446272542618 -3.2738995699024387 2
1.6747657126858209 0.43434087656242737 1.7482505183869685 -4.024204182148277 2
-3.258125525175685 -3.611221027155734 0.732944707320369 -2.88244684230977 2
-2.289968052078099 -3.1339200367397466 0.06022215503206663 -1.9663304681841587 2
3.8339503154119607 1.620945140441779 -1.169308101156365 0.040760216773834124 2
-2.3610697030828502 0.6199672730090438 -3.399019098379404 -3.3240222086451245 2
0.5096884629096238 -3.8453651020408697 3.0997283083894764 -0.9702130792673762 3
3.057376593744638 -0.8521245657168175 -2.973937692070052 2.710611615784507 3
-3.196161098583074 -2.781719472000657 3.691157670553941 2.9661972937788197 3
-0.08423876641355232 1.9082193682477797 1.9264583343020092 -3.60569111410464 3
4.364446119309073 3.3730785156154 3.7197111962418976 0.7018141154918976 3
-0.008624844891954142 -3.53898005405662 3.602479065755025 0.572131546821522 3
3.718915262906787 -1.2157563520234351 -4.411391032802803 4.44815426516933 3
-2.4607091079051444 3.3518867611088563 -3.3084194725613587 1.7337263196718569 3
-3.2727748341668583 -2.3725785586246175 -1.4914057285743951 -2.878166181516813 3
0.8585932081714128 0.5753034817084355 -3.234621013454209 1.5232266957550253 3
4.1304125878496745 -0.42084600098760105 -1.7653115445206575 1.022890805083815 4
-3.3393773287931356 2.34510909090651 3.920394467537253 -2.6738559640053605 4
-2.685293323972963 -2.9184312310813656 -3.4235086845979925 -0.9702840337837046 4
-0.5659378861427004 -1.437652774369687 1.7508530397811441 4.0047032982061745 4
4.2052779770451245 -3.212765306211856 -3.0295575503581857 -0.3715802484664986 4
3.1010267952550623 1.5246552598259662 -1.9902280382423025 -2.6585993340379934 4
-3.5162558272840894 -3.705718139736534 -1.724975729995212 2.660486133702788 4
4.198158371496513 -2.7513226330829417 -3.664385712840306 3.3211726032786006 4
-3.7628994598348937 -2.0755377424812274 3.0034384297804557 1.636141978881311 4
1.3511746621182004 0.4209952081019449 -1.8376716825564219 -3.0049218300843865 4
