50 10
-2.8775728001090775 -4.324722826611379 -1.636315254116571 -2.5379696225653205 0
-0.33103326151489854 2.0244053627293304 3.1044467778495815 -1.7805178099115033 0
-0.7181675587104531 -0.1311561164899584 -0.5560139621039064 -3.6772687176691483 0
-4.384972668684522 -0.11365553412115548 -1.7911874714315952 -3.728746745879519 0
3.976259871090295 3.1571558043910084 -1.406580237357261 1.8837091599429217 0
2.069680231987367 -3.5213753531792253 4.265714301887332 1.1270235606418826 0
3.5451375325657306 3.2143882236554666 -2.0762681383931003 1.41037925569796 0
-3.014220441642956 1.1910061244114647 1.1429803727217962 2.930870061650252 0
-4.315647484878906 -3.449364580979854 0.3032458370671808 3.700094983206542 0
-1.6526941954871366 -3.0787892399255674 -0.7604669769764375 -1.9255979745432927 0
2.330816293444548 2.8644782207772916 0.1710696742889305 3.8020521444378295 1
-1.3983795813670432 -1.6308108282380975 2.0152013635765265 -0.05478298979844698 1
-3.4950489120480563 -3.7444217101014865 -0.022532825265638157 1.3384997845623041 1
1.9145334211995861 0.8958905663188996 -0.47005955670859834 0.45575523857131983 1
-3.9989368837342942 -0.18182446506512673 4.240576832678952 3.891723470447737 1
-0.8849116743241302 3.13181097792277 3.0661688734978036 -3.356565649997406 1
1.960642614058909 0.918576461239421 0.5086899528456967 -1.202155100626642 1
0.47145439354947527 4.041921579719737 3.706159358483766 -1.6768876220698106 1
4.380059973226217 -1.45751355315425 3.8768933021334244 -2.354885088840257 1
-2.3411278885277396 2.6679217858915156 -0.7164830263891359 4.139663826064336 1
-3.926822123028101 -1.2184592130356302 0.8593802141674882 3.8893375950229956 2
-3.8697947763794778 -1.62569063654181 0.34965262696568145 -2.447668204251685 2
-3.866556644037388 -1.8876269957821916 1.9166662820973128 0.19416142256222801 2
2.610910110904105 3.6486028872006466 0.049258517576139305 -3.271639380700106 2
2.6335924657193357 0.5563683913039055 -3.195724842859406 3.8664460291522005 2
1.0441654656538626 -1.246648120171184 4.104524376434584 4.19337807029385 2
-2.9806443127309246 -0.5738315970135517 -1.2798968283376428 -4.08716815328268 2
2.0954280271335852 -3.934011385253696 0.48534545539427343 2.126785246038642 2
-4.313403190069458 2.4349325977351715 1.3324182585533721 -4.023604357967365 2
-1.800431915125011 1.8104784753916516 -2.404054506336402 1.8529583276277992 2
2.1120094881405156 3.896141644686113 -4.004236511047926 3.1184727943262285 3
-0.8970441037037242 -1.2740586448665938 4.401730454214203 -2.26980321765118 3
2.75910111834949 2.380419868900243 -4.012962259723075 4.317239774871049 3
1.3735326592402555 2.7986991655956057 2.4049465615275674 -0.4122197988560732 3
1.279933728669496 4.116996475433596 -0.19569023790446816 3.739527036887939 3
-1.4951302069401686 2.144273605638057 -1.2975292812365824 -4.021381540989039 3
4.048499751634631 -1.49072261254884 1.0257329630102734 -1.6870971664691674 3
1.0046879706133294 -1.208968491805622 1.6340313869840601 4.031550267769385 3
-0.34613737751429585 -3.824982062021559 -1.2547810944291382 -2.2770166255166187 3
-4.325909739315817 2.336845207969562 -4.023433187023974 2.984939455774306 3
-0.4251675195720216 1.105506068876906 -3.7945817305590612 4.069579322648181 4
2.1595636601810524 -0.7320291283634326 1.855328650449604 3.7037956209217486 4
-1.1914413743911505 -2.978740704683229 2.829967838235455 -2.7835054843240257 4
2.6448516597132636 2.997336677259847 -2.9168686644663824 4.1524899458136675 4
2.107916885748177 3.3776512202131457 -1.8806582177700448 2.6155217337570735 4
1.3325079777823212 1.764595572935915 -2.9628886695465146 -1.808187927372132 4
-2.7628372776006214 2.4086901144537727 1.5614112934817599 -2.2642228598116887 4
-1.4932539512789484 -0.5583671454349955 2.266804522465689 3.413304567471589 4
-1.630167842172824 0.6146070203453966 -1.616647952797365 -1.8116291127069748 4
1.4282311628977962 0.6800268694971107 -4.250406053174805 -0.6960602281828423 4
