50 10
-0.746801957676834 1.9829204409794228 -1.5601958840511347 0.24352292031848366 0
-4.498970626643896 -1.779006846313442 3.4734788937969707 -1.2845721599775022 0
-3.1791969826459825 -3.66895264708082 3.6768163582781925 1.1102410421262245 0
-2.823658097600962 -1.3899534566125702 -4.357608814380994 3.8649351036938517 0
-0.9290927319239706 0.3493506060302125 1.7180722576523155 4.475905654063324 0
-0.7272493703703468 1.6669755035708356 -2.948935424892043 -3.2657782533401 0
-2.659929752416343 3.4030569275185085 3.893359167334472 1.7713634534091014 0
-4.253511661218664 1.53420759160562 -3.905998445501438 2.299167473422197 0
-0.7442567786958573 0.5282084560117649 2.2848856961512176 3.80722081991835 0
-3.236517552642896 -2.717086598236091 1.903722827656246 -3.3815613422505177 0
2.70670111807983 4.214354181474578 -4.3210787954418395 -4.264101118100527 1
-1.6791823965668145 1.7309035410238267 -4.245241607812849 -2.284100391572587 1
3.387502370664345 3.551459971534626 3.240251538145992 0.3494795790748756 1
-3.7346020976719987 -4.148506950904059 0.4753978081718929 3.0782780312364513 1
-2.9715262239188798 3.4032825308647183 -3.3824401639207995 -1.9873468888997445 1
-3.6148784955025492 -0.7100313749545305 0.7718334431245909 4.226361734877071 1
4.121005771354517 0.29848756475715366 0.5492719733013895 -4.332174395643513 1
1.7268940255542602 -1.6603593209454335 2.705694054125547 -2.403231535430816 1
1.678508349134253 3.011631047076356 2.763946760569012 -1.0092542034224543 1
-4.335405503902273 2.2512988345047074 3.271876691034858 2.2240947846346617 1
4.399749800158452 2.2334908894185546 0.50616210591377 -3.271902969053835 2
-1.9760040714203533 2.603513956063397 -3.960740794390095 -3.407908898333364 2
-3.570965940801222 -0.4689582644168535 -4.099033093097145 -3.532552838045164 2
3.67735952783786 -1.8574726646368847 -2.4686159525293077 1.9169008234440899 2
-1.9100219527228615 -3.329742850935501 0.537452838487282 -4.386996178567958 2
-4.325697379167327 1.6095197964590187 -3.852231482794619 4.205486970002449 2
-2.5953469559994686 -2.110080065649964 0.6129041572794791 -2.6703608880510856 2
-0.07584156647695539 -4.019737093946277 -2.229068298867089 2.1944326866758366 2
0.6670584494281177 -3.1794428258477088 -2.7411346700161308 0.73223034545932 2
0.8037498321295582 1.7978252401883805 4.230179901794811 3.121459213410317 2
-3.5789901405495677 -0.7734961096238852 -2.3413701676717245 -0.05607257158143042 3
1.7496014195497058 -0.7723865742578762 1.0796014654324178 2.9608280959516087 3
-4.050418869485216 0.3230676532396042 -3.0888774481852415 -4.3328141804033145 3
1.4741518069780994 0.13400200852477706 -3.8698007065269993 -0.1228940015667137 3
4.00135280391732 0.7789953645179363 0.9569651548799731 0.619662933778332 3
3.6306172375909513 -3.2627276626838624 -1.6437383161005532 4.39754538971204 3
-3.246512874743173 2.7665215983857143 0.7177069732121723 -1.0787294463880464 3
-0.9209084671301978 -3.011812225947605 0.4585339720610714 2.208009878158519 3
3.847577223564305 -1.3701072622904409 1.5230960410786614 -2.1157239810347157 3
2.2573089282253997 2.033981868154063 -3.902986490144026 -1.1692422187730434 3
3.4497548208522884 1.11304986350048 1.1674575631940804 -2.608433910766444 4
2.2584819062460344 -1.3599149221994171 2.274799983649325 -3.9011716678129655 4
-2.070648974114765 3.5629759637646017 -2.157164112793131 2.7427910736901087 4
-0.6471792911583458 4.18356042433547 -2.7590914563900504 1.2551479279194613 4
1.4709734803660326 1.095261481882096 0.22203278211360322 3.823271733594156 4
-3.467286243419623 4.0454033283636415 -2.130329065616001 -3.906350183843786 4
-0.4507907986805353 0.7055065294841859 2.115593669598025 2.449602265889221 4
-0.8267687751484695 -2.3667571778127505 3.6703426725317163 3.8877486227715354 4
3.6304156850602842 0.6631153800505727 -4.374435843219627 -2.3907412249072153 4
-4.474167056719569 1.054304222586515 1.0510052130149186 4.041146886188548 4
