50 10
0.4393215353459228 1.9367042973517754 1.600348831166071 -2.0699282412705164 0
0.9248703846447949 0.4039486469720718 2.116746199103354 4.159696906056944 0
-0.6871068059498576 1.3130470175999052 -2.261221708320378 0.6854160097605321 0
-0.5617150986357674 3.525957007038718 0.8283773814465512 0.6502671521178603 0
4.172964844509264 -1.0490263305680005 -2.4922653062344353 4.074741103652865 0
2.6255253427439813 0.2600542777761403 -0.4758715924413538 3.1176780522401506 0
0.6124010498453908 3.8303697446339493 1.7953134778575388 -1.8230674423037971 0
-3.8606754762190176 -3.7158363026861334 2.824180377322295 -0.9314483323771382 0
-4.318034423037068 2.993578609931442 3.4299287740004543 0.7314558537227283 0
2.5034107585486542 3.3301093342213726 3.435618256693675 1.732784310699893 0
4.307565080094876 2.692427077950512 2.0272885183767646 0.011919437340320305 1
-0.3466857397236134 2.524762586578099 4.104752712509015 1.2959117930667365 1
-3.435530167179601 1.2592891919477145 -0.6853045629763829 0.9575389271513192 1
-3.2098204133185826 4.002020253446255 -4.327261215215998 -1.785826649929056 1
0.19663489575064508 -0.7680425400852877 1.4415618374341652 -1.8893015351060034 1
-2.118999491058357 2.46810320490795 1.0621388609895739 -0.6410816914881048 1
-0.39464701005106306 0.6159055398178366 -3.280733421997948 -1.815459066395723 1
-4.3308917960728035 1.0587194736828935 0.6296841963113838 0.817854851233559 1
1.0088615045017928 1.0524059718728123 0.6689272396462093 1.3788073787142028 1
3.9937327066316177 1.6363826919313507 1.3689294300152 -0.6172340810942344 1
-1.264428894835926 -0.5667124158059269 3.568919362659567 -1.191943169568931 2
1.7786807633453838 -3.9579707553365715 -0.5772156726093587 3.527310195141049 2
1.500900439011009 1.5357408265634347 2.755745901414772 1.8349972518632969 2
-2.606556950335432 -3.33966332110632 -3.59795801418929 3.775343523702062 2
-1.6611448416823453 -1.2266030615163965 1.9281716959420028 4.489623059110799 2
0.6317709337609168 -0.5525863788391169 -3.1549652580780565 3.3131345163139283 2
4.395364542533036 -3.5815967032677474 -3.0375635879126266 1.0400360785545977 2
-2.6201091951464877 -3.0482143390350336 -3.3856201543550264 3.1320740639001095 2
1.3779749291885859 -2.220375577141961 2.7658706285250965 0.6219066475313398 2
-0.3032030442932434 -2.300169671985575 -0.835350324966003 -3.8774970409037577 2
-3.0692737471903224 -3.506623729521254 1.7768589583010728 -0.4181158558973803 3
1.4069663051874608 -3.256353437862476 1.9985003952331313 3.2974409333576626 3
-2.7307587448795188 -1.1814734640513231 4.279693545025973 3.202230081533499 3
2.888939068631416 -3.6260885178624487 -4.394573242334983 -1.260197419694725 3
3.041504167489235 -3.6351143289543324 2.069915061816522 -2.9553329046470354 3
4.288135185120562 -0.2821391851706858 0.18932945583716354 -4.010958104946718 3
4.2908497937130345 0.9436096777054137 -2.700031275932399 -4.333303849854474 3
2.153372214584715 -4.147309869711114 2.6432793302167856 -2.484677807456579 3
-1.9547373368123138 -3.41823094908148 -1.3918348737278756 3.852731641190318 3
-1.8347382223006956 -3.4314505294118036 1.839729617311795 -4.21344963421823 3
-1.6381513854542158 -0.7716330493679703 -3.0177525915187853 1.0933056134978716 4
-3.9226725328609406 1.7322490743301786 0.6950572974375083 -2.3589646076294226 4
0.5994130878591764 -2.1114945815449913 3.9079259813231437 1.025693603693064 4
0.20923248120029703 -3.654535403174025 0.32069522722462473 0.8091897871911389 4
0.6835184600056134 3.8636657781859265 2.0710982656509267 -1.6924950406835833 4
-1.6328794279380872 1.5066934196731352 -0.9160104400551731 -2.6114062592239007 4
-3.3138192383604705 1.9469448370670899 -2.8242629470769747 3.999351509855402 4
-1.89534516347519 -2.8512777419359487 2.155957155443588 -0.08587072244189631 4
0.7786164132907484 -4.319032084312558 -2.453268348240091 -2.2107916640664635 4
2.9604602629562677 -4.457740714267077 -3.9777375570851197 -0.590250369976913 4
