50 10
-3.8132253956343853 2.5192691301610317 -3.876731369911481 -1.2863643448240896 0
-0.5543169170319585 2.011186600478471 2.8154659514733567 -0.6506565027520448 0
4.301905607969424 0.34646283369390307 0.8986899378910173 2.053451548324204 0
0.010084172939441083 -3.851539799762146 2.8910484747590353 2.344636079822548 0
-2.0840491790831592 -0.00105749256996035 -4.435710522489013 -0.7176884969471843 0
1.6130699650884643 2.7336513249393795 -0.33177403765667424 -4.000504471985496 0
-1.0715298016631545 -3.906572877846854 0.3729791888569767 0.9699367629948045 0
-1.906689606228058 3.686341749476523 2.9560787549651284 3.9762834137230367 0
-2.5795318177807607 -0.43088434364085204 -3.3466693139754042 -2.426123930308025 0
3.8808541772011953 -4.275906952046868 1.4324255736350482 -3.307734100649263 0
0.9049402571771028 4.05116550372281 -2.483292267483126 0.6737632883023419 1
-2.4272740888113167 0.4364092731242737 -2.9742864879041178 2.5400713619140043 1
3.6821553739805815 -3.3014749881667487 3.212780635005841 -4.1969321594743665 1
0.21071322606389253 2.2536887319183134 0.2938032444930625 2.6725622169920795 1
1.521119167955224 -0.2902242622951736 4.2762571304140415 -2.0316726612502087 1
-2.656358187319844 -0.08310699818036604 -2.97809042971155 3.3903083716347178 1
-1.148537795534469 -0.20338960633570435 3.682642173847638 -2.7222039947955885 1
-1.2069865279746632 3.0412619487833457 -0.526232315676242 1.9730892752310285 1
2.417827558675584 -1.6740479050860406 3.108106428875761 -2.985522251694801 1
0.6536279937955859 -2.015558565023744 1.4847206661428494 2.7705191336646253 1
-0.4244136070823964 -1.323194706500448 0.4474270872065471 -3.017550070988884 2
1.4165951650178243 -1.1668402531076831 -4.18024075652673 -1.9661956393635562 2
-0.368163198977117 1.9739171025813738 2.770837618081964 -4.0971036523937485 2
-0.7830735379754887 3.657809422479048 -4.426051454646192 -1.2454501705914847 2
-2.8759354271758655 2.1700698562193788 -3.927399428713033 -3.1546232700819266 2
-0.6986336072117368 -0.661917845835519 -4.291286687105741 0.22247853091768688 2
1.2094188177045488 0.20615580925510757 1.7702631197047163 -0.6565185628764513 2
-0.7660261940450113 -4.487158074935176 -3.2888658721978112 -1.517785101338349 2
-3.6696388873792314 1.8845495435269146 0.8131126887570161 3.9659525405674927 2
0.21911037088677487 1.7654441716527203 4.433019472553762 -2.3255737501153515 2
4.099214907026333 1.6462246893787578 -4.404780837554888 2.975762933944242 3
-4.0218417839433815 -1.7203258362258258 3.8395164399305095 -0.372568682088276 3
0.8333521859103565 -2.383916334682821 2.4429811010731397 3.2957913067595204 3
4.184738995825142 4.005434014135145 0.986533185011033 3.3536446482976836 3
3.1356079275391986 -0.24908403340437957 -4.284872764719022 -2.0556430176639253 3
3.0732904340855756 -3.3200042188687746 -2.005023755751343 -3.4143081452445765 3
-1.7213970843194812 -0.3330324526102464 3.6964210885941444 -4.226046600009392 3
2.176624806151201 -0.12757294161993005 1.5530492656990145 -3.8579428146851344 3
-3.268114930822942 -1.408171232660775 -1.2529755559330096 -0.737104115901907 3
-1.580164472948013 -1.7962298611376424 -2.8673613984836974 0.1891269295395871 3
-3.010487395807913 -0.765884046840732 0.31492584835124104 -1.6466050625742348 4
-0.46691408247548993 2.4741033823261542 2.1337925359706165 -3.058178304427474 4
2.6675163070429364 0.20151115201450698 -2.7674260293613018 -1.3094008375895458 4
-0.354327334530508 2.5039224138950695 -1.0946147991172264 -2.643427291494111 4
3.4856005666746133 1.574268928801089 3.7683828462804128 2.952842125922528 4
2.704311440986172 3.952002183589668 -3.5381093016902274 -1.1746267590565438 4
-4.134097715069828 3.3810455238307493 -2.4059601393122363 -0.44029257344511774 4
-2.010932347939792 -0.21811950518180168 -2.01314532410286 0.016262020065811233 4
2.670848612387121 1.9551800904770698 3.8034283777016116 -1.0573997496314957 4
-3.1756718525247627 1.428734330587309 1.3511549576576942 0.8605900171833671 4
