50 10
0.1556809546193033 4.022663434333327 1.2911418915273472 0.6151479793955634 0
2.3891378345721623 -1.9584374042959856 -2.3383628860822916 -1.8386387720475592 0
-2.510591730645127 1.6759987671372016 -4.454775686468336 -3.33995806280873 0
-2.9957471720994935 -0.968017801814724 0.26239517710798865 1.3274548936639246 0
1.062471125275283 -0.7926291462712861 -3.1917424095522633 1.7225033441476052 0
-4.477816069192024 3.4562896413489432 0.9500867529356888 4.171903020561906 0
3.464527845388262 -1.7963127957016716 3.0856909594386854 0.16483000552574956 0
0.8062367869324311 4.305842244133478 0.9312768649424503 -3.7305381356024876 0
3.1058443991368003 -3.9143210484852586 4.090989882143369 3.55590859401047 0
-1.8472998175437096 -1.9085900312947823 0.5251245845764524 -1.9618525615605504 0
2.902197051930897 1.135647341642215 1.254508908428373 -0.7467470364265394 1
-3.505700574776936 -4.495240699476516 1.1450924978153023 -0.9321242029087354 1
3.9794960956994965 -3.226493180473292 -1.7836815247617643 -0.9184983095362751 1
-0.7056312645045625 -1.381595038663102 3.1480607557699027 3.0486483310971666 1
3.3280657595746335 -0.642583688829423 -1.9315769765813178 -1.4502755034676653 1
2.9587633589048012 1.9606665440343445 -0.14497225804450287 -1.0395778021458262 1
-3.4269597523428956 0.8674575543864798 -1.5409138505387387 0.2610286336142359 1
-3.3321933206533805 -3.8021931744554056 -3.6280353214440595 -4.289580624711652 1
2.980847301213762 -0.32052946697817786 -2.7896521375205556 4.161083801166306 1
-3.0418876889752595 0.43177762883705995 2.348605312535338 0.1925140128436016 1
0.7963723965810829 2.462518521681609 -3.3988749323929817 4.487280129843601 2
1.4026091220621297 0.5193608353058067 3.4943593665706945 4.136803289351896 2
-2.8957746008687097 -2.334748219037882 0.5830690424242772 -1.8159038630314535 2
0.054491691319733526 -0.9292887105315388 -2.8332637426499483 2.527675069218229 2
-0.15250333101352687 4.101658569793673 -3.103067282363629 0.9100705529116713 2
3.6144197352664267 0.051833897797636475 2.1423602187135504 0.5968268907960398 2
2.8863133664662337 2.94944333467483 2.6494137572750627 3.8453401543371486 2
-2.41349987158151 -3.788500622355626 -3.772240016939599 -3.451339604896251 2
-0.3081336616884017 3.410782275638458 -3.475788873921612 -1.908603439996825 2
-3.172472471647319 -2.4187382522052525 0.46262163785404953 -0.49820773249545336 2
3.7615122513353683 -3.338428251544464 -0.4545271554490503 1.6978946208252466 3
3.747669498592556 -2.3868220417983266 -3.160367775965739 -3.423127298046577 3
1.0438809177555217 4.064289840011378 -3.2341186874705103 3.101557353376076 3
-2.2038226224989774 -0.44770366489508673 -1.1561960058303076 1.0020031157876794 3
4.252660023838444 -2.345661016545252 3.696370446929033 -2.8525561025131414 3
-2.7118682757483397 1.691517392289248 -4.048928733029552 -2.128010522759526 3
3.105082752021647 -0.420154363648754 -1.0772337342923812 0.3229968621641446 3
-3.587669752167344 1.1056317349739766 -2.6466059328338525 2.319434524816076 3
-3.7487165682619374 -4.020596148159562 1.0551734438123854 2.5102087401341833 3
-1.3906936981872404 3.6492770269596844 -2.7516810302777834 -2.2861421215539734 3
2.6874018661563572 -1.0419575152641245 1.2650716066360466 -0.8990337602074399 4
-3.66546595980109 -3.3594749134208364 4.164493225969641 2.3730119414905717 4
0.30957553107877667 0.06573777367651745 -2.96287814291824 -3.427413249919446 4
0.031812963100249725 -3.3605390188381152 -1.5275731216613628 2.687597494954537 4
2.6216153195071272 0.8644612871087963 0.9457830550888479 -2.542552617498659 4
2.31992435429253 -0.3657231730068141 -4.241034027933447 0.11532204480424801 4
-3.8298671562194704 0.9223905911984888 3.9558497187943473 0.6889382619792287 4
-0.5796074743526719 -4.442145304199907 4.079169750376589 -0.17381945647836894 4
-4.0803310947447615 -0.7313183999467809 4.4171180629999744 -0.06076529777871109 4
3.4043926968834413 -0.6028407602235156 2.9508049442867477 -2.013457974630429 4
