50 10
-0.668507305329938 2.8312536644509736 3.9847302340123782 -0.9731910761754055 0
2.1185756117971164 3.3120287989176216 3.953162729928466 -0.2054475746311003 0
-1.0495730441464184 4.3151096893006855 3.6335404908802627 2.3729249711976466 0
3.5387491204362176 -2.612563472210621 -0.891262225523464 -3.8524198721234457 0
2.176448826714667 1.468289872167686 -0.8677687075220079 0.5244620720860333 0
3.4812131534274338 3.2221144092199157 0.49556950767421204 -2.6088528489471967 0
2.2433599236916697 3.331302480497292 3.984764559580874 1.095634325221999 0
-2.8191974087572826 -1.569899547051759 1.8634195229728596 2.0018008915261767 0
-1.1435630854098213 2.643417225753088 4.023858575367672 -1.6949131896164644 0
-3.1404575740671956 -2.970515708659712 -3.5004593713417402 2.049411778874037 0
-3.769478163451389 -1.7534219249718572 -1.6722112846056936 -1.5114214807865958 1
2.549608216369868 -3.03384436218948 -3.962282409394734 -2.8576323327085804 1
-3.8642283370320625 1.8096405560238418 -2.42283127535113 -4.186611161547948 1
-2.8711810880966793 0.8902552534088268 1.1810126351499886 -2.4823428645085617 1
-0.7626271572414436 0.12215024156941334 1.5181578871364687 1.1099237435020075 1
-2.51409444348454 2.030157068716164 2.052204984013206 3.0051069084133744 1
3.1449145347857064 3.8600354521225264 -3.480890965375409 -3.113419969263239 1
2.1234603560914156 -0.21071483333712104 -3.6315189665737035 -3.4920818304920545 1
-0.06396324066380865 0.850682445913682 -0.47018127054971115 3.9140022448739105 1
-3.8156673116547797 -3.4427077258902554 3.0667969050295762 3.361538780185873 1
4.198190994216615 0.7499006138973396 3.1063479068622453 -3.0951788519748993 2
-3.6682027750998154 -4.37733448532097 3.8775258742243466 3.67673652941423 2
3.0323709762109616 3.733091094557876 -1.2872299284225637 0.2800143537299634 2
1.8412763463326507 -1.016940620752465 0.6667591130579698 -2.912163125201311 2
1.8512451447552634 3.809800408883019 0.8195354057543773 4.235901926776273 2
-1.9066239490669061 1.6561786119378714 4.473790070195666 -3.6511249033936495 2
0.18263249792909397 3.396291977237021 -4.241715454836924 -2.4310824131490487 2
3.8150037998386206 -0.09692859122324726 1.5280588353470206 -2.5333852306922555 2
0.8659256648774895 -2.1215212579405205 2.8234502334171743 -2.0905783613222493 2
4.425398071767461 -2.6064183295039696 1.7608452521245832 2.258158447050956 2
0.7503307330017698 1.3400995600539587 0.7003664560199725 -0.8554351869489589 3
3.6987408917213314 -3.40507862779289 1.794741833133815 0.18482981922023467 3
1.5823919678938299 2.292762649566824 2.3233164053682214 4.08177504035644 3
3.694818328704221 -2.324808630505969 4.097598015114619 0.2593698380667977 3
4.280359794789855 -1.7664328783995182 -4.183579884514329 1.348685886257568 3
3.6054026974699163 -3.5580593520548978 2.582552169453517 3.398675642731434 3
1.5580786158779365 3.325885714636456 -3.8216236756077833 -3.065037296852047 3
0.549248262085227 -0.29143394991260174 0.39142361079919596 -3.402019343222269 3
-4.364208706330044 -0.9610743945949601 0.2624871131842875 0.3113554269445771 3
-2.607051868174583 -2.614339055724271 3.9976300121522055 0.8555712197150165 3
-0.9402855054110779 4.326327123699556 -0.3510972042365522 -2.034448222410292 4
-2.7530268193775056 3.146675188464904 1.4966614623584051 2.9705250164923966 4
-0.3631950207622562 -2.7667279505122715 -2.6946822955764245 -4.09684684861938 4
-2.958620206798959 -0.35520284676253655 1.4041764980546838 -4.393962413837647 4
-2.5084072370548087 0.12933015122485458 3.9211285310233883 1.2504886151509913 4
1.9903713934236422 4.0635714052132235 -0.05868345108491757 2.6499125512421986 4
-4.18124621071679 4.345245307427186 4.162395168931701 2.2910410204684397 4
2.154698821067342 -2.8512694062429715 3.9038143620417607 3.249604165618228 4
2.9732685800282876 0.09659145233074895 -0.23810816093338216 -3.2501178806289936 4
1.886840749873894 2.0492381405105933 -3.365617993946623 -3.8757483235862753 4
