50 10
4.140155730023267 1.7956084495461844 2.422463525583504 -0.22874172673042237 0
4.4988056336149125 -2.519394301954334 0.17201851873029395 3.9977374121938385 0
-1.250492814323478 2.1585689118849336 1.291728257179538 -0.5557466453677578 0
4.468101525801873 -1.6528771998845246 -0.32591063154833144 -2.260516915539573 0
-3.2710987815882784 -1.044179908635599 -2.1891656743919654 -4.293053417582051 0
-1.615326447913262 -1.202267222248364 3.8916457831683413 -0.9696689429889109 0
1.886864063293147 3.6012818747103617 1.3345863585951334 -1.2893442681615537 0
0.3070389527794848 -2.2743561158104937 -3.5060364159710993 -0.4629761942244418 0
1.5462590631936775 0.5555619658182387 -0.27968547184247583 -3.9766871529543657 0
0.383038890385588 3.5410284332541067 2.849433322916607 -1.8959287122084731 0
3.0850159460853868 -1.7458866904533932 1.359822137528258 -3.1166494449564 1
1.18052799709676 1.622149744015396 0.2544396637384806 1.6393364912368902 1
4.233848043557885 3.542104367286851 1.9061965203538098 2.1835501482588446 1
3.981832752247025 1.2800293310051498 0.708609312586332 -1.075502408584969 1
1.031828704578758 -2.450850710418217 2.38544658675413 -4.038873954307013 1
-0.12571317930264536 2.76497369449572 3.7110267778849164 -0.5666129487623013 1
3.097981381701267 0.31212779606961527 1.2235633129047119 2.8927871425841083 1
2.32018244868996 -0.0029080250654451856 -2.9141080778141175 0.4661234917698184 1
3.152951069354658 1.0772709782046463 0.4356594497904245 3.782952714580367 1
3.2545276114510244 -2.414725230158997 2.9995820778454005 1.4401711787404416 1
-0.8800342687730599 1.1193755594389692 1.7072882773956986 -1.9237881479793564 2
-3.2126696470448834 -3.3948136476604867 3.6168199028614394 -4.002985348903397 2
-0.7485308031374812 0.5119468384676397 -0.7101347955210262 2.582060278979292 2
3.972772578954802 -0.8166687974709251 3.8455546333351207 -3.0830333634259524 2
2.130763044446462 4.459056069296242 0.527258631722034 -0.43945418749681553 2
3.7499791428987086 -4.481790546653476 2.240868241255235 3.0532828824589444 2
4.241985239063608 3.5014335902885145 -4.089828358513927 0.05078755577733873 2
1.79539745613471 -3.6222779830686633 0.7993332696858269 -3.944085163607385 2
0.6608613502656122 2.8803340469708614 -4.275699134276996 0.8333058709186977 2
0.5480194558103497 -1.3431378535160257 2.154400100234384 -4.4128444530901 2
0.3914978048446933 3.4163018254090876 4.340636968413496 -4.086957576055801 3
-3.473130916150321 -4.217050751007285 0.6012457434275515 -3.604929297597095 3
4.07529054335733 -1.9013087307593541 -1.3469672387743121 -0.9498288371112832 3
-0.5224574620347775 -2.1688062096471152 -1.0144542219242942 -0.8757074483929729 3
0.872022993543983 1.397574413795787 3.8692453106481337 3.9792392112046286 3
-2.018740854188122 3.2217521214520755 -2.8778364550531914 2.0746179756771777 3
3.498517317454636 -1.93445468041214 1.621631249331842 3.4550854676458513 3
1.4360437719819281 4.249082334301414 0.7278755867831284 1.7889704023346609 3
2.671867013007128 -2.884820389409015 -2.238437548678929 2.816266837081914 3
2.562056800988869 4.231150997181443 0.5661742761122903 -1.7075559257152348 3
-1.2346940791285101 -3.709025417159144 -1.1282892579125041 2.896346716793436 4
-1.4054991864360118 0.6399868112199391 3.64832627055504 3.7641483061944405 4
-3.0103858578571256 1.1845434496780036 -2.4349448193529932 -3.152880843172908 4
-3.909910182310385 3.715867720844848 2.382119920227951 -1.5305035138675316 4
-3.702114186959209 -2.7055108952835547 3.7970394631460715 -0.9021785759619546 4
-0.25242571844205886 -0.5310253782203597 -2.897869882886283 -3.617653641110442 4
2.3899628401977115 -4.385308196998192 -3.3868012463788437 1.157913102732178 4
1.6259666775383597 -2.0195762406881563 -0.21907429708946657 1.8206015685653472 4
0.935818391320573 0.41375561568561625 -3.579634850943738 -3.6659056163027524 4
-2.6118917050429546 -3.274895216879269 2.0253337139815972 -1.1596802869558385 4
