50 10
-0.5760458807219662 -4.266663913548978 2.5020734382762146 -3.2944121264547808 0
0.4469623009083823 -0.5820984664355081 3.320249637888709 2.2390009044916903 0
-0.7166897812125987 -1.5269866109651329 2.687270886891728 0.39010707525512445 0
-2.6581622936594176 1.0734386971559733 -2.5124587644468432 3.766127819306405 0
-1.8031079369292917 -2.0985545240742 0.8287611989973871 -1.3838588149036821 0
1.090204494923654 0.2622788484933516 -2.125993236479822 3.725239294486188 0
-3.288780491895598 0.12220309139171781 -0.7223808482386136 0.36172364100417775 0
-2.8400412091777625 2.568016330350061 0.9759794202454466 2.9362484559074216 0
3.185777633755399 -0.051868463562649736 1.112068661059177 -2.9095905457401656 0
3.119053368217212 -3.783190706918451 0.8213161738819126 -0.09660449704626772 0
0.04721481109533565 -3.912421460518097 0.43117002081338995 1.7956855781149332 1
-0.646899051623495 -3.631221759054487 -2.2876995248628234 -2.820355689721678 1
-3.355560254688503 0.8707077808073621 -3.50475166983455 -2.033466727175517 1
-2.4658919945618774 -3.5374888412101533 -4.4077496454036815 1.1642375054662397 1
-2.5172441363649627 -1.3515634349703065 -1.8434492530223179 -2.8144210976829203 1
-0.28991263875929785 -2.684310963615312 -3.6424075296527665 -1.9461977328127082 1
1.2636605269342334 -0.15237148003423517 -2.565680542823743 -1.929566394801879 1
0.04713048016694221 -1.0179661399329663 -0.25731128277288895 0.44547138979567225 1
2.6427370899741938 0.7200376099002598 3.106018040172314 4.396587307057479 1
-3.0393126134791753 1.8067711194644063 -4.060187223935838 -2.4109357370745244 1
4.180959720803297 7.525053195067688e-05 1.2898028452341168 -3.0468009339749096 2
3.505680575515304 -1.425477125960013 3.3313130403210134 -2.5433781632547667 2
0.6042971486493834 -0.6520863303350095 2.1757953499510405 1.37718461907991 2
-0.569274632758809 2.4890326649739025 2.6899696035416665 -4.218771939612646 2
0.3204375614789069 4.0836800425038 -2.4338337413008935 1.8416474920841326 2
0.39787344133291924 -3.7611456995247767 -3.7119374189898946 -4.224694651251126 2
-1.2029183849248164 3.157654536040515 -1.2857855967039535 0.8080379232458742 2
-0.8435246125684427 -4.255178706946354 -4.029995453542558 -3.9090270041426023 2
-2.27540484902382 -3.895700663367408 -4.108489325462559 -0.9436431737924658 2
4.444668102791456 4.235222820394561 1.5158434141445196 -2.7177559936544737 2
2.7023251601932814 0.9163540926492065 3.3863980653374317 -0.6084981409963736 3
2.3846387440651338 -2.9769709807423985 1.076773173389682 -1.8861593135851047 3
-1.8627909136250418 0.216601877703278 1.0372911611784863 4.0829396614409035 3
-1.2903814698951699 -4.0888893127914 -0.46786755128319324 -2.6365514557201717 3
4.348381008214915 -0.5278057258063795 -0.6716943728515218 -0.4988316171261805 3
0.036003954412373584 -1.5881281421877105 0.06855738004765244 0.23159924829862133 3
-2.1622972252757666 -1.0179910321131382 -4.118137273057085 -3.02022822446892 3
2.988152096710508 2.130723506584016 -0.44795538344364083 1.8717405355702872 3
-1.0871048975252628 -4.382843969749044 2.4982911747498022 2.493926995226802 3
2.6766444512933423 -2.0755008216332893 0.025008772582992944 4.110728339765228 3
0.744163996761311 -4.2700415233527655 -1.5131365871411173 -0.16687653888570098 4
1.459818173414932 -1.0122891671404668 2.235365994069327 3.220555665955625 4
-0.026335811389386343 -0.765847463627815 -0.7698595038037964 3.1381606284059105 4
-1.3421528882852356 0.45880114791977333 -0.49886152424361707 1.9417237585771883 4
4.2561962088734235 -3.4850140628573567 -4.423964727790622 -4.273187186963259 4
-1.6806732441325778 -4.123820611662209 3.9640544418787966 -3.5807584659192586 4
2.1455978275881034 1.4176114889313958 1.457710113957369 -1.9506713056099128 4
-2.568278282400417 -0.749219038241966 -2.6924189060209915 -1.0049923609671678 4
1.294577407333755 1.4533319404389722 3.833114368576493 0.6324678877564717 4
-2.9657057986460638 3.434870121736937 3.7504315076209425 1.8203781673775246 4
