50 10
-2.6238551637704166 -0.16487044412970697 -0.4496248918992526 3.1608971687526797 0
-0.7151576821706275 3.2326379866920973 -1.2382482219084796 -2.6781513625383173 0
-2.95954601749494 -1.4502243545666964 3.349704955466688 0.9243719802200445 0
-2.0652045003195196 1.7193721540463653 2.986674637640097 -4.241406364300401 0
-2.516359350260469 2.80755828484818 1.8386695854155324 2.366963204785371 0
-4.4052581311550245 0.5508332699669977 -0.9365653533716555 -2.7590736382989247 0
2.8235356867367676 2.2059026645295208 -2.9796922750129613 3.50546254269626 0
-2.797997802654942 -4.444732202885116 2.0784787927423407 3.4847463343844165 0
2.448394843000826 4.120489512839477 -2.0966007004394096 1.4743741319900507 0
1.8174409568488001 -1.8217955982145453 -0.5851165774412329 0.13201653789722412 0
2.4119346776003185 1.6939649240335273 0.588582319403751 -4.18936484592499 1
-1.0153486765707997 1.0368524258375058 3.35147769978044 -1.3493211320221996 1
-0.6520028414009343 0.7586067884120542 0.35011208614896105 -4.433320188080161 1
1.8237196697890674 -3.4929434530469097 -4.059400808238489 3.899716151901913 1
3.809429332600054 4.399976464769842 -2.591074305970935 2.023566226005883 1
1.59669696139236 2.6564829791188758 -0.917503586834473 2.124726610124998 1
-4.238312855957191 -2.900168360678478 1.3602390065955416 3.825317892487118 1
3.374349707499453 2.2043886963175607 1.0269768842013283 -4.166171104592881 1
0.07281146905354419 -3.3449948835500845 -3.459812574045252 2.307998097229433 1
-0.14144185392202124 0.14196139064578328 -0.4339905808582809 0.9420753990515605 1
-1.6986180291805404 -4.089046116610885 3.2733544951415556 0.00343316287084372 2
-0.5608740592611036 -3.6370385107376295 2.8525492345051493 1.3422493170229675 2
-4.093108992830758 1.6634584680041502 -0.37267537557907526 -2.4393144680182397 2
3.142716706868212 -3.373135351259742 3.0262255927488795 0.0934462099768254 2
-3.3384239350934743 -0.24245998131909186 -4.259547884264519 -3.1084482959335933 2
-2.721973417511948 2.5346047394423348 3.6781348158806066 -4.182688168938586 2
0.9667247682779248 -0.5084991515078214 -0.2559615769587428 -3.790065678089548 2
4.338261977219131 1.8805987242551874 0.3586939613042024 1.756249739139145 2
-2.531426261202058 -2.9926053167167956 -4.032323062721027 3.9470155594227574 2
0.3488892578971833 -1.6792129059184924 -0.6220498684409628 4.244072268158444 2
3.703832976468399 -3.723698882076822 -1.11156026464718 0.7063603352041726 3
-1.6733337313804777 -2.5277637432209774 -2.0065427302443495 -2.88976166683662 3
2.1299960656586805 2.956863284523407 0.10488850133086891 4.480328601505477 3
2.201080166572582 -2.9021666585755757 0.07494609248241291 -1.439580189927657 3
3.2260787626835694 -4.450388292867684 -2.809166780307289 -4.108342665238165 3
-1.2812114723282295 4.078334240413691 0.4868215129619845 -0.14691650655221522 3
3.975987474721826 -4.292558885905838 3.2335249417013054 -0.8288602359342215 3
1.5571439732444756 -3.0229709990489884 -2.1489912444506913 4.483143253067999 3
0.6131913327491594 -2.320893389701904 2.686961044275372 -3.9353530874701033 3
-3.0792967724835703 0.032065393642131124 -1.6577584632613118 -3.7549780546084923 3
0.6461563178541073 -0.27042828025362275 2.209649772855644 -2.222106102387251 4
0.0735051643893131 -1.5862355107948893 -1.3419125774947767 1.4057627083172464 4
3.478485197340917 -2.2334804028459425 3.011736241510171 1.994637901467564 4
3.2587903121603956 1.216765705747413 -0.8471307070777475 2.4879483103833167 4
1.775008619568284 -4.22591765691919 -1.0069178053680357 1.471654262418327 4
1.415801723365238 4.493901794750556 -2.862077295899945 3.128363963562685 4
0.05890927989010053 3.893811764346915 3.0024324895848453 -0.3210141621317659 4
-0.5327741834036446 -2.6997421366984478 -2.474973779762506 -4.4460044872220985 4
2.734682113897239 2.7690485329640344 0.3653743750877456 0.08277821858121226 4
-3.978424155849199 2.612754315169647 -4.079547064653399 0.6231174116668416 4
