50 10
3.5357413629240146 -1.512181752289405 2.9534101658905243 -2.012845865106249 0
2.891062107520486 -4.1247303684727505 -3.3690749250003837 0.5650297154340858 0
-3.5310898805762885 0.8554685778561621 -2.0939489516345056 2.475314354757225 0
0.26835625973539445 -0.7307331429901112 -2.8853428901441487 2.54931004203746 0
-1.481329356540037 1.1026748897648115 0.971966887508634 -4.1242601146180204 0
-0.5567271650201333 2.122938957138212 0.5514761897244117 1.5132396134424786 0
0.16232770799341878 0.7097274020354138 3.9455334599992598 2.5740527293076694 0
1.3081958630603443 4.412018442360748 2.2538742436875365 -0.026541217489020608 0
2.8787237722965724 -0.7811915866543727 -4.115407485124101 2.8518074680116907 0
3.386408896859647 2.913834893134692 -4.3773863022734485 0.45037067143594467 0
-4.009729429598808 1.9677351290777487 0.6011709419254612 -3.483734986915682 1
2.7195350618202783 2.1276597943029505 -3.935013841518622 0.6725180247032152 1
1.8821857570305056 0.3684316887227532 -0.13063260788379238 -1.787201125783742 1
-3.376582430574512 4.118825659227015 -4.141839977580344 1.2050472282670177 1
-0.8706933113857213 -2.547439557087959 -3.380978851195107 -4.395547400261513 1
1.9554826180798748 4.447866945797438 -2.010000701893218 -1.7860901391525488 1
-2.1994734995924845 1.5417848874535234 -2.877141316469902 -3.8971983322667962 1
0.891053218252049 1.9559893099996175 2.513105581734243 -0.8932637319451545 1
3.936145811804141 -1.3337120831426819 -2.2876663382392244 0.21394969070400993 1
-2.217293122757436 -0.8777474186690429 -2.205128754961065 3.1671761562398455 1
2.2185964546648647 2.016635106705195 -0.1484677971870504 1.1083495602246756 2
-0.8450298354744962 4.404418634520021 4.2576525439133945 -1.3072722341232703 2
-0.4455064732935061 -1.1357240930968238 -2.4781892920136506 4.308424250638238 2
1.8866574555228188 -3.7578730201946238 0.7836697890073148 4.335132498637506 2
-0.914643730698451 2.4379286967709177 4.217994722838997 1.8459354214924928 2
2.382758851504204 -1.945265547980724 -4.325527719171021 1.015473505068891 2
-2.794120286666575 -0.25874131738216477 -2.253967478641593 -3.335078634713762 2
-1.4867455994763883 2.1126153934228586 -1.2036497858727548 -2.6991584539720193 2
-2.798035960186221 -1.520063332910211 2.398332723081033 3.907630485745363 2
3.09805578740312 1.0352163089013846 -4.26237841746955 -2.1954275612308374 2
3.467376717636345 4.288977183669102 -2.1042175932525646 -3.219050579398979 3
3.032177336164643 -2.872578365226546 4.063493797467002 -2.2714924266903296 3
1.065694576091295 -0.21502014053990248 -1.29432451642277 -4.059548207408218 3
-0.8625901079454471 2.1769531879410824 -2.356823959106356 3.445422800064346 3
2.9333996025226527 1.6490684743887747 4.179897144963068 1.4042504170305858 3
-3.2465555505812485 1.8254255165857005 -1.828250038522398 -3.9659762457179775 3
-3.9704643885227573 -2.766010727239057 3.2799283643907984 -3.1037319232132283 3
3.8231438845967665 -0.8540778837240752 -2.0740671898518634 0.4338418563984394 3
-3.165376206591511 1.640584176071254 -2.229503039599138 3.10210277071161 3
-3.028601243118434 1.3340271695985952 0.019933942918518355 -0.13779546085865169 3
-2.2354727114656976 -4.1276204882918845 3.6473276782248734 3.737415471682831 4
4.128503402843764 -3.9040156726791158 -2.3253506657542156 -4.331097969919811 4
0.11646167477074565 -1.4283306790207115 1.5326072655729508 -2.0649293245213807 4
1.4400883678085799 3.0998460340691034 -4.3712419361372925 -3.6258264776671143 4
0.9347990103639509 0.7849232187816175 -0.7304606512292487 -3.415065956842076 4
-3.4467026801882232 1.8940530189849922 -2.636199022067576 2.205499192081856 4
-2.6592906793938047 -0.08668986068556339 -0.3988080399398446 -3.478413288708701 4
-4.170523226075903 -1.6613678197010613 -2.5620870152533954 3.87218928750574 4
3.267273663894077 0.5261995640175199 -4.428947268531345 1.2768465548077832 4
0.4203704364883706 -1.18957806959299 1.3019627487781822 1.6222615233911954 4
