50 10
-2.4903802876181502 0.20847007260608497 -0.5669296988928288 3.8993486344866097 0
0.45631310923062973 -4.089582448804743 1.855955235981219 -2.095770323314327 0
-1.253440481870046 -2.492271524778401 -2.882102387256343 1.3999801937296281 0
1.6985354563922084 -3.026417174991907 2.8982503464029326 3.67117980377068 0
-3.867076198750497 3.969097742212524 1.1355814939781514 -3.03504716205547 0
0.5731324221134275 -3.798068945490116 -1.9651842617914572 0.7938816565375751 0
2.0037646001235587 -3.073930438291502 -3.494255315658841 -2.0742994579166987 0
-2.2474682393037897 -1.8586146950802225 -4.482140390587915 3.5690703664230314 0
1.769496427877354 -0.3216232076386344 3.8729471239690123 -1.4378944244634462 0
-2.5644407065709443 -0.4785636412830817 -0.6967705422897694 1.531767268315849 0
-3.4120912361493883 3.759183069702525 1.0011473236825275 1.448307055154996 1
0.5980169584727598 -0.25182615832265487 0.06356523604473552 1.2147592945272363 1
-1.6689021781750963 -4.111058432370365 -3.5258287364081706 4.060806440181054 1
2.2720042526397575 0.3894213948418622 -4.19911637106725 -3.6269193024369173 1
2.4047138314323058 2.6140388959420817 3.122520913537735 1.0113187856220653 1
-3.8500075856283287 1.4374425096706278 1.8013630857020035 0.4523411505256565 1
-4.020305954901777 1.6652200745043066 2.8026127383735293 1.2994386803903561 1
-0.5098413418806164 -0.2880346735803502 -2.722705329879337 2.4599039578640065 1
1.4495340128846355 1.7096996873395072 -1.3985620112547423 3.153692103799279 1
-2.1300346399899257 -4.396689596158426 -1.4283166937057392 4.245899715153582 1
2.441650019622887 2.8452809365996448 -2.4891338350387713 1.2455993951530782 2
-3.2432255662653375 0.70206071017357 -3.2637857274071544 -3.3354082836200325 2
-1.4339315516022062 -2.4100606127784014 1.3614815754548442 1.9567477134509241 2
-2.712206217734058 -2.056583040401874 -3.604608257508085 0.6977309772808838 2
4.291674876096237 -2.5611391954677463 -0.7692045481596271 -3.2833261748309934 2
-1.292333246441134 -4.334400480324454 0.15852472876778567 -3.9174770825857386 2
1.0511124263551275 -2.42635150997024 3.5838722759356254 -3.6500644106195352 2
2.181165624592646 0.7582518755539785 3.2656822279955753 2.1462487242621684 2
-0.7190680086921869 1.8832754897537591 -3.4693962652111456 0.3841878682834956 2
4.248409733130325 2.790352058915504 4.231356050657404 -2.2763048283624614 2
-0.6241033830448232 4.119557398303057 0.660831869148089 0.6123161075359586 3
-4.070177090055937 2.0950362080251947 -1.4265672474125624 -3.440460060262711 3
1.5809980435325517 0.24304651014740364 0.4005327726406861 0.6107845913549518 3
0.6028870668514218 2.0065072432242688 3.730857882565523 1.1376056357272575 3
1.6434301514873657 2.6578141208936064 -0.039384790302719686 -2.8309992120705716 3
-3.484390300183856 -2.7075363104576624 -1.0009878847706832 0.6543386124143138 3
1.991873060754782 -0.9551940976545124 2.0456270119611726 4.389601196986597 3
-1.4473313719396224 -3.1189888253554097 -2.7739025825765586 1.5568560181736877 3
-3.5948338684990335 -0.8347760383043007 -0.7619956689925943 1.2285735789541181 3
0.746239180198534 2.1664846886551294 -4.446266710932089 2.0996604214385592 3
3.333247575981199 4.198735443624101 2.9223040947942174 -4.0876941716159125 4
-0.3999163018300488 -0.896193008354852 -1.2929169218986571 -2.5161872275589294 4
-1.8095433213292949 2.9552406006880654 1.339598424699544 -3.722333883807133 4
3.6885705299168023 2.3952300772616555 -1.4482764055791626 1.4271729873465973 4
-3.885166941174675 0.9542386797823192 2.9737326332218488 -2.7993720741935606 4
3.952945191855407 -3.5807160802943927 -4.368304179866763 -2.5085598125592963 4
4.29785564795957 -1.2898014806295914 2.5203900824192482 -4.463240761973301 4
1.3876845150515429 -3.394928643478243 1.7092873935121613 -2.6118682961401274 4
4.152169740722237 1.3606328445445417 2.9586735345172075 2.7712705844894896 4
3.930100289048913 3.679445747469681 3.9735063471842413 -0.04756918060953941 4
