50 10
-4.4066326150287 0.016871329338648766 -2.139541012773433 -3.592272680593005 0
-0.03804036179268522 -3.2955342393665106 3.754734355443901 0.15714217591947388 0
-3.221000230909153 -2.5329719193652958 -3.2981429166890974 -3.4871119736097906 0
-0.7334263754059278 -2.267089484277968 3.074770335726694 0.4146726287737924 0
-3.7434631395118494 -1.3905122395463991 -2.150850751672248 0.6824296603787752 0
-2.999012881209107 3.4070317697939316 -1.6753265389986987 2.624608667760674 0
4.058676284640448 -4.1512646175091215 -0.06218353437337065 4.186423651140419 0
1.791966522588849 0.6548383401246832 0.1828075004743801 3.6271943594754252 0
3.582064064026346 1.5020907562767296 -2.251758954579148 0.19338572865546388 0
0.43054004741833407 1.8218468166124973 0.05171115051003827 2.817643326554376 0
-1.0217054734680115 1.749948099880124 -3.8412520089225293 3.025863006702709 1
2.923834180504933 -0.3089837216946073 2.7381207184094674 -0.8431085623224068 1
3.9647196857399045 2.73365793011086 -4.171938765100496 2.405286962573183 1
4.350233234018993 -2.973273681746096 1.6103481212754174 3.7703599943167583 1
0.1897624031381756 4.009656752786166 0.5416706007185134 4.209470637531652 1
1.3458641684442858 3.2474873090312704 -1.7245408403188514 -1.4499903049618297 1
4.237614108812027 -2.8301248175898537 2.0779363030227005 1.8123291534088062 1
-2.3119589221793237 3.3606075879101227 2.028140296796267 3.545484696601971 1
3.656495492311569 2.3245018811698395 1.949841786541261 1.6393749315426247 1
-1.3778824160203227 -0.3281875741434821 3.088051578469007 1.3060709864565547 1
0.9948396676331646 -0.033464540959316946 -1.775710006841173 2.95903082024617 2
-0.19823387815487792 -0.5800008171028881 -2.2975240709128575 1.8340262369323281 2
3.3336746678387796 -2.813772176447206 0.3229941675927346 -1.0727143312633831 2
1.6890668387340764 1.831762564212493 -2.8924385835703283 3.472484439897503 2
3.826800695439967 -4.144906640931596 -3.7778985586369185 2.7322978236796343 2
1.3240504219060023 1.2424858624564645 1.651233167041898 -0.34190602831796246 2
-0.3447210377637271 -4.022465179631463 1.4764437849725836 -1.9560036393390006 2
-4.152861691538775 -2.974217272129108 3.254172974428512 -2.893683996965371 2
2.6509309828068544 -3.0365455809592725 0.7173970343455166 -0.3272905577822792 2
-3.2513517019840332 -1.3237474209058628 1.5589964404741163 -0.2148799102987594 2
-0.1395139036247811 1.7796274661139981 4.072600381582537 3.1793186737458683 3
2.7104078852611737 -2.099030606352528 3.5865639537402414 -4.2698780700087795 3
3.6852858833242523 -4.294197450272908 -3.092193880394091 -0.2079166484373558 3
-1.1238951375380348 -2.703300042165978 2.112496569119984 -1.29321470407538 3
-1.4147529375473071 -0.5029893446035817 0.5800826940973305 -4.090774516624326 3
-0.016743506743866043 -0.7708830768034053 1.2639717503966978 1.6308574272704752 3
-2.571696334035563 -2.550242585458241 -0.9392627240056662 -3.269942906955976 3
-2.4092358547815125 2.061770585637713 -0.7518802305637617 2.146165507407522 3
-0.7567319968668703 0.7550836021241956 0.7587687218121143 3.450899034764722 3
-0.05097055380563953 -0.6295786720993214 0.708746501885286 -2.8982658573726914 3
2.1128923533255266 0.5059483812328399 0.8257652376087797 -4.0151003069127285 4
-1.7763242250599411 4.237183753321104 2.1907181958944055 -2.6906610466915106 4
-2.4764164908902626 -3.2510775874079454 3.6420780822484833 -0.2378890778295527 4
1.0343922782599686 -0.07263954643728388 -0.5251213425516558 -3.2752826810487035 4
-2.8516253971210155 -3.516205363517703 2.769260377957176 3.7532588173352757 4
0.3561797243108148 -1.8963064660658058 1.751296428513318 1.5079001303305577 4
-3.57251353338489 -0.08458606643115896 1.8595598837380072 2.203322411317139 4
1.1888251625920963 -4.158277047657466 1.9313564313705958 -3.213337283322749 4
0.000971283975833015 -3.748109130634992 1.4972215307126362 3.6932165388457623 4
2.621864112699383 2.322324224304942 -4.208175370237258 -2.836670626525363 4
