50 10
-3.622197584254936 2.3512474500737066 2.887513850124663 2.8499154809568767 0
-2.2775582415030566 -3.2568148127131242 -1.5021387046472525 1.5806858649352482 0
-1.5169809305616169 -3.753003914937964 4.350922029411985 4.132793695889234 0
1.5477937315241996 2.759344183454918 1.529495148019101 3.5366548265248277 0
4.344677230897926 1.2209466131716733 -1.3719804450854718 1.1849898939095629 0
-2.556690695575377 0.4412468887585166 -2.803561243305814 -1.3654389475587443 0
0.4100396220830347 -2.3933153416769852 4.362993647631536 2.2646811518210797 0
-3.476467412936285 -0.003066596559407775 2.9975403904663156 -3.2217249333674647 0
-3.131024198203908 0.29417472501542663 -4.3651872210309275 3.2154702466598586 0
-1.0169390839810588 1.6949464507994794 1.9075089831696006 3.2088616814557502 0
-1.1436555923244638 4.015440404670533 3.2544389738686297 2.6622370235561514 1
2.4962212629603626 0.9723087276070899 -0.20606301075749034 -3.6613773890025225 1
1.0370883292746207 1.2868884114239107 -1.6767835677709724 1.271002432614715 1
-2.083648435826988 2.251405337429039 0.7559752910945869 -2.096406244057429 1
-1.91852559521862 1.8843845204361063 -3.991019502888279 3.6922690052051594 1
-3.9169190207541096 1.7087263131531214 -1.770257857426413 -1.5171362806303228 1
0.46951050122709714 0.4844383227950463 -3.9898236030550436 -4.235719557227027 1
-1.3812423318846874 -2.9464833592422206 -3.3648221570404715 -3.6035897047518306 1
0.37739373806866494 -4.03407861285803 -3.040373328653358 -3.1420674594349753 1
2.9300185206378915 1.8996027320826867 -1.688486389499288 0.5382055494431137 1
-4.102494996033286 -3.8111709461793426 -1.3676048065051054 -1.3552615552687515 2
-4.406904944007788 4.448743400321481 1.023349981961353 -3.8679332177422445 2
0.8949950738723442 -2.882350775117671 0.8781351891778458 -1.6929138610813022 2
-1.2205943823052525 3.2745305433883667 -2.2306189230001774 0.22919317623512958 2
-0.44770049133746903 4.2423279163647445 0.516979617938615 0.8537085133697634 2
-3.279062009563134 1.941070344325025 0.9498297704962525 -3.821695797486128 2
3.7885342552853682 3.918279802930747 0.5374616655200917 -1.0111639586499535 2
3.926726179811323 1.554966403961509 -2.6335941741556272 -1.0809792271114014 2
3.9509337189845635 0.21804957193857033 -2.8474522697471794 -0.12273842666028922 2
-0.459704186983408 -4.21850172001031 -3.9552608929013773 -4.118227797332878 2
3.2319404127721105 -2.857240853792535 1.5039315798383037 -3.869286718730379 3
2.0547850169576494 4.206314507964232 0.8434343788246368 2.2031150650528986 3
3.5848417128599417 3.0093435251182727 3.1229662403769956 0.10893312156953006 3
0.8145702362553889 -1.2468667626581014 -3.375938603345647 -2.3966039397849697 3
-3.0165237291238394 -0.5380941560277009 -2.045288639917978 2.9975459114713576 3
2.3416786914176746 -0.5195355041459743 2.324774146490859 -2.1632869998703246 3
-3.3252894728698856 -2.8616188921236922 3.342394659749817 -2.302304880807545 3
4.47693599204676 -2.0803328873576654 -4.04705324587286 0.1868569284812378 3
3.3953869529574914 -3.0243549580015734 -0.20138894250477202 3.58464331200327 3
4.044907098205505 -0.8984969894013936 -1.4024062642124135 3.123463578801685 3
1.3741144092174933 1.8965940626081998 -3.7617134949257043 -3.5430339400865427 4
-0.8914740113870104 3.7064370611329744 2.5588162428085166 3.279754972405075 4
-4.014738947550427 -0.04316253035145934 -1.2161161756616155 -3.6149757192514897 4
-2.253252234721754 -1.3637622457793979 3.227723458115718 -3.5090545304652547 4
2.1679755459034435 -1.2495869263747976 -3.4506645616141665 -0.6749741047667059 4
1.1766789088007328 4.268077656024564 -4.252742926183147 -3.387608773009086 4
-0.7004838569590898 -3.9305722431833376 -4.342191167312416 -0.7955161553948765 4
-3.7927168480886806 -2.6472039890113943 -0.2478618954766747 -3.755864478521343 4
-1.9123070753625369 -1.0667735112917724 -2.5577304301479638 2.3193251200627922 4
3.016686106637655 -3.7613180892465454 -2.7237159458949565 -0.4984303702354962 4
