50 10
-1.7285854263752625 0.17452331374770647 0.4997887639404711 -4.4546012534580886 0
2.4146789538417606 2.6029866255377376 -1.2178600653924903 2.425176093709971 0
3.335058562282411 -2.80870747540138 -2.019353286477267 -1.8676958067394567 0
-2.0744527894477356 -0.03427073110924883 -3.7324961255461453 -2.8110616132768267 0
2.1520957240233964 -2.745432075225235 -2.1371330472182875 1.3054185051554579 0
-2.882292779466792 0.34943632717637985 -2.45595358112375 0.1255705259756793 0
-1.955109558501202 2.3484588251588883 1.7559251218657561 3.3991448074012482 0
-2.0727635251864736 -1.8583244161739536 2.763172327991718 3.6049639500839907 0
4.16164960451497 3.718928935539991 3.2160744470793388 -0.5600224063628018 0
0.6135736086519831 -0.13056881396823727 0.8026886783003061 2.5672561530927602 0
1.3833393358372659 0.3296645867643717 0.4852449871668839 1.088128597691426 1
4.461650076603776 -3.22215782506707 0.6621142179975533 2.1263363335243612 1
4.278074729163538 1.0760172660237675 4.3927077414981035 -3.3042238000379993 1
1.9843758693447695 -1.8444278576198536 -3.478931244637242 1.8144220773198692 1
0.9011876901307457 2.2557192485207915 -3.9742349513717024 0.5358319424416567 1
1.2722955717643856 3.8096951356623863 -0.12968472926272667 -3.6375595231841658 1
3.4985721726243257 1.3020421726503144 2.7041954511448054 -3.957243319827714 1
-1.8392183094438308 1.6433434154896776 0.5418105505842475 -0.6314055812853346 1
-2.0070245881954563 -3.362130416831421 -2.113528797353163 -0.06534041608778662 1
0.6292554399418137 -0.8184645516937831 -3.866313258804573 -3.7248792055421114 1
0.5436463255653289 3.189090782683504 -2.3124602761233577 3.9476665279442216 2
-3.6295299255165183 -1.3109141417750179 -1.168832330750579 -2.7997402236779196 2
4.262595941354412 3.797695147894761 2.7265821086569577 -3.194901535044406 2
4.217998395740378 -4.041392535624103 3.3165343314498505 -1.8638618079690148 2
3.4520029212841794 2.429772180377928 -4.021627502677267 0.6185888803519625 2
-2.3434611327797317 -3.5656672473599254 -2.5566783211618263 -2.933133567788184 2
-2.8233241081833684 2.2744823900302102 -1.8650796280279462 4.209347393653982 2
4.076075033213661 2.615238216212723 -2.8728420862671338 -3.7548796756842107 2
-2.82051677067787 0.10842244431437176 3.2395781342007712 3.9163797923497206 2
-3.7669582090467504 0.20915796858323055 3.542355212105928 3.9832238312645716 2
-3.295267760124786 -2.7123793808326084 3.5682499310058318 2.787817189409159 3
-3.5262422124764905 1.194527030323655 -0.005613532423753287 4.470371798585276 3
4.067264716532461 0.23723849699346022 3.627060136573453 -3.5412021204639212 3
-1.4686448530196703 0.07477145615192726 -0.27176957246608757 -1.4382396860471949 3
4.414229334941111 1.19937374425716 0.9440016124540666 -0.659345606404031 3
-1.2175231719719877 4.281525853636924 1.5252370292334034 4.15765588802592 3
2.5420605539679944 -4.150847090904004 -0.8441643543906677 -0.8549648534731369 3
4.3686520431489875 -1.3313492311557855 2.354852142894483 3.161259603147977 3
-1.9993295442416754 -1.6764474064499788 4.3698805307151956 1.3066856959172521 3
1.2615636888852615 -0.11791981880112123 -1.7603843379442088 -2.8808864905855365 3
-2.056943637041605 4.013189811563275 -0.7272647809560973 3.643472664122244 4
-0.8119677221242526 -2.0902311817659895 -1.5463587334217195 -2.012660607437586 4
3.270180401226326 -0.3480180759944579 -2.0037188629866947 -3.625140021584964 4
1.8053713295130165 -0.41481400119682255 -3.189196074683924 -0.33754987730954134 4
2.2076801674291033 -3.946352410217028 3.6234823346936427 0.8539732522273994 4
-3.899254879217856 -1.8324835434196651 -3.4273781880033027 -3.307122809094409 4
1.0102005793796955 -4.3791073774695795 -2.6953418089075085 2.279590604594984 4
-1.059641522560434 1.6165822253443398 -3.4418944935112954 0.701627465717984 4
3.7217269916244007 -2.1867455095234507 -0.35393847395057976 2.5968159290988586 4
-3.5666163886700333 3.0047125091079647 -3.157262031066612 -4.445681834635448 4
