50 10
3.331117229644907 0.7404923580530378 2.750513836068812 -3.7291819221848312 0
-1.9904495336903785 -2.826798911188387 -2.3005843557808054 3.5352502776998236 0
-0.8000988486739813 -3.4436200757875604 -0.19250027402702619 -2.786393913678455 0
1.6647186993672152 -0.5615004630631463 -2.2226019039096303 2.3610532292247655 0
0.5060639265477319 -1.1962771054260848 4.126862149687824 2.3608577100032906 0
-0.8787084406721744 -3.482633693750433 -1.6199358619059008 2.6242326499103217 0
-0.4767223835925959 0.7690060485993213 -0.09431056513456548 -1.83284383950454 0
-3.0421340653955555 0.1864690924741521 0.9176508690054761 -2.502442106447996 0
-1.5655398647595704 1.7926761414999692 -1.025346411680627 -4.440621022188058 0
-1.2024490597534472 3.0273705743944967 -1.2764282616526597 -2.729571008794702 0
-0.16791351077234373 0.14852068192674883 -0.813404077582145 -3.5139452189897793 1
-1.0525668464756786 4.477868062898227 -3.7286718896594575 2.228359533580667 1
0.12820039426601038 0.5314794689562367 -2.852911384584477 -4.364213481853504 1
-4.189952087022856 1.9793702373060116 3.7237606849850864 3.8334648390842943 1
-0.7109680715348189 -0.5675838723697602 0.7458333938420694 -1.6864240522729461 1
-1.9646932158991743 3.6024690425104158 4.484408112107909 -3.149873542585336 1
1.5265105029648183 -0.3953812456033048 4.450333250617491 -3.3753240883728193 1
-1.8917608970498756 0.2323706711824971 -1.3405082273593338 0.27952492206998525 1
0.5331785535140557 2.2075544860243754 -1.587567253285383 2.7577563099621027 1
2.9551162821597305 2.9132500673254427 4.142873336677139 0.35526987875349647 1
-3.805737121087272 1.303758633247225 -0.006072502868924912 2.710115164245321 2
-1.7166817292710757 0.2182834428874023 2.6738905674597855 -3.4212034173240258 2
4.122831037807276 3.448808602956488 -2.2861272906029333 1.1410477944267872 2
-1.8411129887787907 0.11138389615511579 -1.1047476855973737 -3.9288831666050985 2
-3.701678240841455 1.27545057979047 -1.1412123238693912 -3.8329573299686897 2
-3.3082150165954323 2.398372331218507 -4.100022116393428 -1.8628930697878188 2
-3.809319838184549 -1.5206055957216578 2.290882690664688 4.079226792651746 2
1.6186642846485966 0.08291771514642332 0.7987367045264319 4.3914624036035 2
1.3963152622192772 0.9190832203121468 -2.717329519181351 -4.113280960361044 2
1.9714910179379979 -0.7630268812351594 -1.0466621850700184 2.5284728566385084 2
-0.9311253372120551 2.926250674723554 2.3680569895595482 3.278177758001636 3
1.9129657829292297 -3.618565630679088 0.33515913558116894 0.24009026155558333 3
3.079388327137934 -0.5326102107936086 2.8436127312344803 -3.337909753830668 3
-1.134096801588767 3.723082377432809 1.9825158210511105 -3.898518016896693 3
0.43000215083201776 -2.2325646342545578 -4.361931848442599 0.4158363145499393 3
-4.252734527630579 -2.6436843034763373 -3.6702998223037695 -2.9546605847885035 3
0.8179682532977981 -3.0271362478925234 -1.4975644547991682 -3.4495274867325305 3
3.032353475288719 2.47682854018382 0.5632803318552934 -0.8016177069532083 3
-2.9786268924192925 2.40294896355253 -1.9274247708279448 -0.9166751559196963 3
-1.481707358385984 -0.24841840691249784 -0.6550880131411226 3.472430685138188 3
-2.564420660339686 3.708845994134019 -0.5665379102322137 1.0535427905911996 4
2.3328688629756824 1.5890522190531966 -4.002106787957465 3.856893992238906 4
-4.307613467704085 1.4478689420446915 2.3153344171517958 4.282926472323462 4
-3.650043686626935 2.9804631280735765 -2.2350703622160584 4.2133443402117035 4
-3.4852586183999894 0.6014664842398935 -3.2402813205408125 1.906318991935253 4
-2.9283652189959612 2.615459661477768 -3.8774105855972865 0.9453521637064481 4
-4.196854810973439 2.6637406412327778 -3.9642759955494893 -1.234015915580658 4
1.704935456103959 -0.07338902678682413 -2.1737383688819842 -4.2648571398540955 4
-3.7030160726945547 3.937952363064602 2.0932176768849837 -0.4368730636015178 4
-3.740739963430078 -0.2754569700817048 3.2687101384805093 0.269315622035347 4
