50 10
3.1393592754172084 -2.889936675711014 -4.3649625928508975 3.59754667929859 0
-4.010731071242117 -1.2461539852059935 1.0386015022570532 4.238478614812808 0
-2.021391642542292 0.2700020240588278 1.0945830067054692 3.9263621063961636 0
-1.7467297583767558 -1.7597307676127119 0.8913570425749683 -3.2464915621276016 0
-3.4943285144196476 -2.2509088750789696 1.6053725091507198 0.4170514259979261 0
3.758669080529062 -2.1226783207196376 -4.418600548197037 2.472932159280577 0
1.9599631872620047 3.2914353077113865 -3.4071794561088966 0.15654728315563893 0
2.763715340208382 -2.6050447560705483 1.491771094574284 2.3662155735342063 0
-2.9948127168919907 -4.0796424748613545 3.9679099260868846 -3.3841119202279963 0
-4.145199194182517 -2.697922712020744 -2.6100383576179054 -1.2116906813552797 0
4.486890624544548 -1.1449171950490062 -0.8884035023764936 0.8100491526512879 1
2.344592465360547 -0.2387300158515493 4.445232311050912 1.003579861931927 1
0.08743775235889206 4.005345754713984 1.6471921580928952 -3.6340983583278175 1
-3.5149801649235304 -0.3141615531164802 -0.5938049559621948 -3.3375717423053186 1
-3.226002660892787 0.3451388594123306 -2.5613696781331354 3.150593518856435 1
-1.8090120914977907 0.33970697476952416 -1.170096782705359 -2.4460876858090908 1
1.4906478404236896 -1.2210407948866862 3.239393861738407 -0.30824298959469276 1
1.1071675740110434 1.2845239672069018 1.6030527397758054 -1.0991162062947955 1
-0.7201636191236395 -0.8708180939085398 1.9479019975800507 -1.2148219134048963 1
-0.9862170651311342 -0.8442942977475764 0.46369685064600863 0.7764183026494434 1
-3.7830050514909197 -3.988519187291246 -3.4615048616730215 -3.0641782454804134 2
-3.7950218223022 1.7611002957521484 2.208944048602619 -0.24892475285169624 2
-4.237569351853714 -0.004568222438244174 1.1718263537739868 2.8081232125719158 2
-3.306291140299849 -4.223199298087934 -3.9059898970764486 -1.800729722706909 2
1.255404854824913 -0.4860166723234872 1.1122384825656413 -0.061312164818753234 2
4.271459721475921 -1.5321066086556778 2.602977560795366 3.0491093485718648 2
-2.741176591081316 1.656415910820685 2.351490040412597 -3.4065757218392756 2
-1.3401102845953716 2.4393250200534142 4.227684408215983 3.2742830513022962 2
2.626195512325273 -0.5051286978711381 -3.6063849834680735 -1.4161049754006951 2
-2.0805452886758373 -4.284860201509351 -4.174856528517105 0.7815679151999557 2
-1.1580069080895767 -3.620422083097231 2.67646946206842 4.222179513755635 3
2.047702937201211 -0.3650001719785585 4.216547256460265 -3.788734454171067 3
0.18446827328766935 1.6611213861316276 -2.8373131977300803 3.451821613984449 3
-0.6723873423688423 0.931257515801294 2.2006235551355973 -2.996853790918357 3
2.9146419761076974 -0.43315862901504343 -0.5534162163550012 0.1139168682136037 3
3.491506809299751 -2.51640416993725 -2.5435650868446342 -3.585209111535749 3
-3.5385961345152843 -4.391908869335321 -2.2593157097844254 4.199510855635344 3
3.761472587865089 1.2290959280508638 2.8966185495438586 -0.5839548234883194 3
-2.5221416639657877 0.4279719028137525 2.950311024867972 -4.072167092769372 3
3.7871970331248 3.3809934787321665 2.4286791944641664 4.190414067477135 3
-3.3516706054316447 -1.7671163419152038 -4.222141788633825 0.8180641111277198 4
-1.8423308547106325 0.6219453387831803 2.235022445380395 -2.7141251351154736 4
2.19077666519399 -1.529863332566992 -0.42960580337981835 -2.2250787561164707 4
0.9706707663527554 0.14107817833472136 2.855308147923232 4.057747234774742 4
3.778206521609459 -2.6877004993321942 -2.139771602291095 -3.300806252295013 4
-4.485197180159366 -3.854401229387097 -2.9891507864346067 -0.8064118739630849 4
-0.7155495313567023 -0.009743653333429636 -0.14209088971552886 -3.185178762123452 4
0.6637651790658521 3.4233604378205786 1.9579815085889392 -1.1713127190244332 4
-2.6935203032633 -0.7093974665698924 -3.073078465513028 0.9274335894144573 4
3.8904960918681866 -1.230382817725428 -1.6907261687434312 3.7996088270445902 4
