50 10
0.45718112317117954 1.8733304035629434 -2.771349332457572 2.0310266153953878 0
-1.881857349783501 0.09744844677896713 2.56443033088018 4.248885273153892 0
3.536522589128892 3.5666378004009425 3.1587427533735153 0.39234893936240467 0
-3.369732205825474 -2.634814096756319 -3.6918821742924166 -0.10014079845498469 0
-4.036795170292531 -0.5327114071442718 3.8514271280591306 2.588563795531287 0
-4.2311141020928975 -0.3885009804476003 -0.13415196551320674 -0.4024857466720231 0
1.3422964285328467 -1.9936144561682223 -2.538128084315818 -2.905079572783588 0
1.5862941178211813 0.8177653567471574 -3.8373869770257816 3.531538688283833 0
-4.284163058605512 0.5296867919179379 1.2615895520915301 -3.210009142758108 0
-2.1667279778328115 -0.7640892269093732 -0.7728577225541343 -4.058019680419138 0
-1.9482742640581314 1.738241264816967 -2.615639854298727 2.076373117161345 1
-0.5359165409633446 -3.088190353725331 1.3601049339743945 -0.18919532360720048 1
0.4018411622866026 2.5228328806023033 -2.0269754505392465 1.3700081255956627 1
-1.7427282086143823 -2.5023790446103673 4.108045601856424 -0.5803149944232647 1
-1.0082586819991612 3.927452848743874 -3.868807454210968 -3.9804166095932922 1
4.283958802256405 1.551453083215323 -3.7541608308219834 4.13736468527899 1
3.6255069768455828 3.1117578416386134 0.3668475256784446 3.037161894027502 1
-1.0980536280399977 -3.6700469201544816 -2.969698101865788 -2.1568943454397633 1
1.3806981227118256 0.5205668614960584 1.7277976068555847 3.560132953277852 1
-1.245917132436797 -2.474509456441513 -1.433803639858564 -3.9179412180874507 1
-0.8413207526137624 -0.27953776170747846 3.277077024695794 -1.8821479875347158 2
-2.0768797957404486 -1.8738650319711065 2.169741657596063 -3.077697107686554 2
-0.3808224060931985 3.244805216522338 1.7546709162678829 3.0727765712803334 2
0.7762761402103927 -1.9486092381101119 2.0443687087203837 -1.2680322762285774 2
-1.9982024403875882 -0.408401320302479 2.040207763411781 -3.244795882357857 2
-2.651306898555112 -2.6875916006123415 -1.6756279629010016 -0.7237551898534992 2
0.12631553835697718 -3.714935680972758 3.394908350498854 -3.116338122859713 2
-0.1477302088357213 -1.2404140885094996 3.42112311224384 2.690678872987235 2
1.86917959634104 2.220716007918041 4.244618673701826 -1.1906731502688563 2
1.719836296701879 1.7026237237942272 -2.655542079829988 -2.334867116988609 2
-1.1375988826596455 1.5132132426174079 2.950765212792788 4.1870533373452385 3
-1.441362024388639 0.6551448288198753 1.7892899854238111 -0.15752662403553086 3
-1.5677355774161297 -0.4936945566282116 -1.9165521178698044 3.003190959088437 3
-3.9462396225305465 -2.3159212003409566 3.349615575594833 -3.6708156737946753 3
4.244423455562108 -2.424742160804334 -2.55645476082201 2.9858498141207983 3
1.723297598525972 1.354291723923656 3.1347350737154644 -1.668123011124024 3
2.015452254937339 -0.22420250429011823 -1.9863486283782932 -0.62266480183386 3
0.8699739714167654 -3.897275184604563 0.35501850238200106 -3.639898664940478 3
-3.8469407595998995 -2.709215763326295 3.0322092484225363 0.3126138331618885 3
-3.1332510269231304 -3.599060898766998 2.4747103353683126 -2.4224736098130584 3
-3.3363552185203122 0.47949958626888145 4.187640159957292 2.2592457658654137 4
-2.809666575685096 4.068911187280874 -1.412155220472347 4.036748822639592 4
1.6345060092668398 0.3691770602379407 1.8046060106964554 3.0650497693761327 4
1.8646254072710793 -2.1250199614273795 -4.09052424729718 -3.9992261305348062 4
3.84053115828355 3.052737520199736 2.1846354619466593 -1.7578221034644717 4
2.036875485852335 -0.17784039523130968 0.15105929258920747 -3.0936381869585383 4
3.078928672889821 2.2027709108192335 4.301571686912863 0.02475942906977524 4
1.4429331575965127 3.7257774030534403 2.9610097062725282 -3.8336598334800325 4
1.202990074088173 -1.2065347363265155 -0.1897609300394566 -3.939484676348017 4
0.47560115835400996 -2.732574809698768 3.458172879789635 -0.48770839158337076 4
