50 10
1.3533681756563252 0.04908036361358603 1.4285482053172038 0.3281858234534911 0
3.4074132382939677 -2.86343797165619 -0.21576172350445777 1.3265145133065008 0
3.1700976180713742 2.2512265749540963 -0.10558601784835486 0.3541058917748686 0
1.4949150073679036 4.39105903448366 3.772015559641331 -0.39999335120446344 0
-2.1872841965655287 -4.245246672547517 1.2306822515359706 0.930236975298223 0
1.221472039149015 3.125811487379636 -2.192820711793668 2.3326079754327846 0
2.1255716260440964 -4.312735992688586 0.369765356344781 -1.877013001536258 0
-3.495571824014705 -1.8204863232972617 3.303839086302414 -4.395157808239295 0
1.6827317220585933 3.254634504014816 -1.8613117133587873 4.399947649253525 0
-2.712290767345972 1.4147012754938029 -0.13271371774454133 0.7561833792838236 0
1.796900660928856 -1.3284677811793837 -4.336523493065551 3.5154306694668636 1
2.609644930427759 2.826431443053436 -3.408124021236808 1.225239666570621 1
-2.7232084394808025 4.045097647763842 3.4753906408384294 -3.143466526362879 1
-0.21059652613106428 1.4994031318340757 -0.9474561523144148 0.4402986755220135 1
-2.598191664737398 2.767736914645307 -0.24774678598533295 2.2172040056891635 1
-1.6228249149831075 -1.854576227683904 0.697569142203162 0.35223375592590267 1
-1.7827364011477902 2.9510046163057546 -0.7630480183445701 -2.1285691529663695 1
0.4728031996699129 -2.7749033556060674 -4.135806144628453 2.8438891419292003 1
1.9283106662697642 1.2588332149887786 1.434426291054539 -2.3142875722173457 1
0.2988344821196217 0.6527512202669212 1.4807481565915577 2.419933648651649 1
-4.389007162653714 1.7571418047401868 0.26800677942895634 3.1131599198778424 2
0.31193289333447416 -3.7877875444492566 -1.5623028929504283 -3.1613275195449817 2
-4.377262484302674 -1.9993226395794563 2.5517187157779406 3.4355921047072826 2
4.47646754231682 -2.469594258420922 2.8745158566778453 -0.0063269990043245405 2
-3.5548618210557796 -4.353292991482257 -0.6082778815408401 -1.54952324815142 2
-1.42535292932483 2.7737825286612443 0.27634661325595267 4.222752967099978 2
-2.5441233938889 3.9114447107760695 3.872052885042299 3.3580881532885853 2
4.396480884395324 -4.4008497463140905 -1.443490548803108 2.8189560454889566 2
2.56412478526562 1.6682725693116993 -1.080164989739964 -4.43057699414399 2
0.14079588894933526 -2.077981464786652 -3.4753603634920056 1.7263771063688913 2
1.4830332371451762 2.4941200751669452 2.170000668967577 -0.9672708413243051 3
-0.2190086524223075 4.390076176974168 -1.8495131039822144 1.289124928475121 3
-0.033791491012266195 1.5436987896176588 3.6293781233940763 2.3950676823480768 3
-0.6276664677017944 -2.1512003151376833 4.458445523560137 4.341957464228515 3
3.997767257571537 1.6841817061465703 3.3758525457771276 4.009826331376081 3
1.4368985605086437 -4.181680026537329 1.8537917647612985 3.180911395274652 3
3.655788875852283 -0.7312921064421244 -1.4896214646268056 0.14549824401340083 3
-0.21650854254952223 -3.2792965358594524 -1.067668191675594 3.3359880854544053 3
-1.2398142486886847 -1.5645268716177725 -1.9540245191852015 4.490675263952463 3
-3.1678394363293574 2.66297133811669 1.577673917580373 3.9417203313668647 3
0.2091790208261115 3.5475688146192708 1.8030108972627406 0.5674043123312692 4
2.649741544533736 1.1641782052772474 1.0717897836417898 -4.131449213014062 4
-3.895857124656976 2.5854301181509514 2.6784547998512385 0.3361015818048867 4
-1.0896657657951856 -0.2643985195157923 -1.6548158663690142 1.0458716634906273 4
-3.788093943973831 -3.1192519125502285 4.472614616108627 -1.029844498432058 4
-1.1053422798433683 -1.3387191913889172 -0.48260571038170463 -3.3585466190885196 4
-4.072454144435508 -2.364073323113761 -1.051989906653147 3.729963877160814 4
-2.731995476803626 -1.021944198762697 -1.6084999296425133 -0.12166082502658171 4
3.0041171985775765 2.4745165191037697 -2.8019970385279045 -1.915740501554872 4
2.73180812723714 -2.776654906203662 -0.5193536176459869 4.035082550875748 4
