50 10
3.2738398701307463 -1.9358463129513588 4.491993571652846 2.1016290545230563 0
-3.840692507246376 2.3691348389725646 2.295631346126224 0.4821606926706721 0
-0.425528481605298 0.3806718660789702 0.7090002730195385 2.3150582540201627 0
2.0397220454475655 3.140145968533399 0.010494830397826505 -0.20657323117219617 0
2.41379980028084 2.0982935098801567 3.7809054687873602 -0.17207090766795796 0
-2.322122177665034 1.9827782329926484 -2.636607271795833 -1.1088827340190384 0
-3.9746042476945096 -0.8129796645799415 -3.236597508120407 0.6990477667035175 0
0.9960504647189409 -2.196766128943005 -4.224496331992525 3.3507814215854017 0
-1.9289526520830131 1.6601737212910601 3.7252068485528618 1.357684244022642 0
3.068277618497031 2.7823807809073924 1.4035205487446818 1.8375395176739826 0
-4.499428538208349 3.8124908524975707 -0.29729374196144687 1.7702062602504052 1
2.7626864683108683 4.104111608588098 -1.172719534849083 -0.0858998384023969 1
-0.1374390908154105 1.4631660321526945 1.3693865023765284 -3.8868603653480367 1
2.1042599183101127 -0.30499085714357477 0.3125242826734679 2.106163973436151 1
2.7490337875809447 -0.5581122402090065 -0.657701730019274 1.3590412945004293 1
-3.338642067208409 1.2793551501865972 0.6866692378751499 -2.0862929737530846 1
-0.19220667253345192 1.4230869484139286 3.518714081408623 -3.034362957519572 1
-3.749823618417771 1.4735082446585377 -1.0495643194422952 -4.143534070938971 1
-0.08153923431316168 2.2978308737185813 -0.3134160483493572 1.196963777265856 1
-0.6491429950036971 -1.5317045831610672 3.1517828622314026 0.8189074449554252 1
-0.20069983833592975 3.775831856860966 -2.091318727982804 -1.5574031131302957 2
-1.7321630514364124 4.364273686941608 -3.704294552489811 1.249292265395745 2
-3.476329169133483 4.234636666185037 0.6786929920928313 1.748765985601536 2
3.3602549578428325 4.02535834170708 1.65309351188044 1.712348245357255 2
-2.370872881959044 3.217824139030287 3.4667744234634794 3.4918665743513353 2
2.7317788592395758 -3.0329569233827414 -3.822107018935757 2.0423977333946204 2
-1.83576540813637 0.6038386444749648 3.9270766218208104 2.1079754212987196 2
3.405264574192941 -4.158867505319233 -3.962332435605641 -3.916065195961327 2
-1.2634036659979706 1.3823907990866973 -1.71510934596617 -4.212625798786291 2
2.1913990164668347 4.153775719512664 4.366950387173864 -1.61523103572736 2
-3.385264563239028 -0.9007543299108476 1.1906234482287696 -3.7085240950657763 3
0.48030913947791354 -0.21718172063956975 2.084898874296181 -1.4222343812440223 3
0.02868018486464763 -0.9759877420541987 2.7992015650150304 -2.1152823405450016 3
4.283653201818654 -4.165947456815245 -3.9447465550612915 -3.0407895263026044 3
-2.930214154260962 -1.043047345654789 -4.07401869513077 -1.5625552966825684 3
0.042302889525491216 -1.1642240854290833 4.1407970931619555 1.5136834104632262 3
2.53508237893097 2.1767920361698936 1.433717422562045 -2.931655050464109 3
-4.456442355625011 1.260413699462811 -4.482653561475581 -2.5299761253683 3
-0.6796209122195638 -2.1312514345495894 -2.732034815898502 3.0074295749004354 3
-2.0770248774800937 -4.4711966511555135 3.9866536735962064 2.847401365477109 3
-0.23954359982431916 0.3624692200219304 3.405237389146342 2.0483991221959146 4
2.7812350962666095 -1.1281351414699712 -3.2248759671777028 -3.4747485056773533 4
3.5260567885073058 -0.024894520472933168 3.1874219371000123 -3.6919294743046467 4
-1.193857372652358 4.277818375822962 4.3237292733830825 2.8497112782452345 4
-0.9290254960555148 -3.2302223238843286 -1.6189379437510134 -2.2272751253510448 4
3.320619325524525 1.4664118496080003 -1.0529350309286882 -2.2569150757173158 4
3.1010401783473878 -4.200339102576441 4.304070188888899 -3.974765760752934 4
-1.1264254915253749 -2.9896171917153103 -1.5344642730656588 -3.82543945241139 4
1.4989204954972488 -1.991560387777095 -2.867320192563212 -2.089832093186829 4
-3.763747139351924 1.3575108541046794 -3.7021024273060066 0.13219260731593285 4
