50 10
0.793177209695468 3.5794235511847616 2.92918276137713 -1.0313589444526157 0
3.5237765652723723 2.842537295769156 -1.3108863397329125 -0.6472932978797502 0
-4.17699372944832 1.7258182358299552 -0.9444133660150147 3.1016674273273708 0
-1.0918715219513269 0.16659850903272566 -1.1355857175333162 -1.1557712143267698 0
1.421563190029317 -2.755348039053465 -0.7565133779320661 -0.6790997127309949 0
-2.0491523814007446 1.967453402410492 1.4652435855043442 -2.7920166694530946 0
2.547032485131094 3.152948757974958 2.0023078600119324 -2.217051243879564 0
2.4772040459492644 -4.170021242210228 4.164067246720153 -3.306048787625962 0
-3.4497563838039436 2.2615262953893085 2.7611702763094916 -1.3050409464675548 0
-2.3470360542035147 -2.206745874520679 -3.738255256794395 2.08051898137938 0
3.2186297805278623 4.048011235028725 4.46940769098067 -4.413665062949407 1
0.5551817221004213 -2.890975321350211 -2.36183951213524 -0.3426769645798915 1
2.4322673982456022 -0.06857064346905462 2.387329541354525 4.252529828887885 1
1.181277590071908 3.0554813062233537 3.743522982326356 0.7870210294472015 1
-0.35064543336812337 -0.01853934023425352 -0.5006220471271801 -0.5303165387115152 1
1.614700057979257 1.3570732271099708 1.7459223426817057 2.0397687633863173 1
-2.0808428513008135 -3.89407799754884 2.1125948172130107 -1.0420152333307526 1
2.443006245227065 -0.17114280930318715 4.008563202995228 2.643023383290308 1
-1.5371423303971794 0.09576950557636588 -2.1796680108321995 1.2283824778171644 1
-2.127340542059489 -1.7053960495833236 3.1062647101431966 -4.430023662001804 1
1.1416809394471503 0.5170482951505424 -3.8066735310926645 4.404826250815807 2
-1.632783963781782 -0.9464110122741536 2.618685110100627 2.131986422737567 2
-2.1782287272133334 0.7401701095669404 3.2975086117529058 -2.4232128988680612 2
-3.045341606005914 0.883204377885178 -3.5504797543888302 2.186417424806435 2
2.932412195304092 -3.0924745334014747 -0.22359291070524479 2.336875508838722 2
2.108704673853478 -0.8222091112905997 -0.1260618087733556 -2.0165958813642884 2
2.508191139269971 2.7357351084990773 -1.0639496953742382 1.5858125866157358 2
2.5746429917416567 0.8305831679023161 2.1282392762516165 4.2354422567860635 2
1.4804028254304298 1.3191055809804815 1.632264469392279 -0.08593201016909058 2
-0.6692716893235421 0.1221150038196892 -3.3443708211817356 0.03447838683592175 2
0.01132059344487546 -4.166245701730807 -0.8129780635203356 -2.1996236178222923 3
1.8730448566336257 1.0838754019530863 1.062594236253056 3.555130037277486 3
2.5002768115551857 -0.3653148091690861 1.507521518162172 0.6826802031993733 3
-1.0817500076772242 -1.8729701680165096 1.3384843394761572 4.149690891549845 3
0.5150597623829289 -3.742527584722201 3.2793232256204714 2.544558989887939 3
1.1815350222964134 4.001134391283312 -1.700070115922693 -2.052775256104799 3
3.521137814457647 3.4072432178705223 4.116424879611393 0.14798412009490347 3
-1.3972353569370408 1.8279047883777277 -0.7431702557336638 1.2497676213178899 3
0.24603844261396401 1.433852600225125 1.7057462490233095 2.4163784540564075 3
-2.0853842969240723 0.969903714764583 -0.5143087107144627 4.061830411071601 3
-4.066583669868421 1.7595057548189446 0.29512156607702 -1.677947587728357 4
-1.8065531011377531 -3.0092800058432 -2.66830142866902 4.368128566724267 4
-1.5097325388904133 -3.0110602904520265 -0.28944709703563587 1.8263629845381621 4
3.7317418290208706 -1.9437749467181233 -3.108563207567348 2.0789944782871568 4
-3.5315346164338615 -3.4469840679056905 1.4452743924772347 2.1278580931948152 4
2.2997123891617233 3.0500501237627393 3.6602036175909336 2.639846822860247 4
-4.180166759956426 -3.407006071793279 -0.9452724192177977 3.7994015594662076 4
3.519072495572877 0.13583010818445396 -4.131492147972699 2.6490789819192897 4
3.81977110465795 0.731183667394573 3.041744844744288 0.37734023290091956 4
2.459307485757636 -0.6959079508953987 1.1733497991118877 4.252355266686245 4
