500 50
0.1556809546193033 4.022663434333327 4.166882481703096 2.970443599269465 0
2.3891378345721623 -1.9584374042959856 -3.843941975535287 -1.6032846293595635 0
-2.510591730645127 1.6759987671372016 4.0779063121775945 1.852172604054068 0
-2.9957471720994935 -0.968017801814724 3.8297309848657664 1.2408556377875795 0
1.062471125275283 -0.7926291462712861 -0.26699120218726125 0.7414057467213327 0
-4.477816069192024 3.4562896413489432 1.3366163641120348 -2.6826268364616124 0
3.464527845388262 -1.7963127957016716 2.867102172125193 -2.2813294253438596 0
0.8062367869324311 4.305842244133478 -1.4337205838998317 -1.4780569712405156 0
3.1058443991368003 -3.9143210484852586 -2.1610916628941745 -1.5302764428151137 0
-1.8472998175437096 -1.9085900312947823 2.6611648952088958 -2.1984170626492663 0
2.902197051930897 1.135647341642215 -1.4424975048867106 -2.202309184058615 0
-3.505700574776936 -4.495240699476516 -1.8364846832770998 3.2228916682166453 0
3.9794960956994965 -3.226493180473292 4.139468364231047 -0.000270299633434834 0
-0.7056312645045625 -1.381595038663102 -0.6570126296406549 3.9475396048193394 0
3.3280657595746335 -0.642583688829423 -1.6547871960624034 -0.5090821295170465 0
2.9587633589048012 1.9606665440343445 3.9842232106083943 0.6150791387432518 0
-3.4269597523428956 0.8674575543864798 -1.6773095423646995 0.500707415079778 0
-3.3321933206533805 -3.8021931744554056 -4.482629615374547 0.6473062754619741 0
2.980847301213762 -0.32052946697817786 4.405666650960731 0.01386356056503868 0
-3.0418876889752595 0.43177762883705995 4.292342717823674 -3.2727397331614085 0
0.7963723965810829 2.462518521681609 -1.8871589442821 -0.1732153340263013 0
1.4026091220621297 0.5193608353058067 -1.2413045685204385 -0.8523536502413526 0
-2.8957746008687097 -2.334748219037882 2.0644059317741 1.1140919854919784 0
0.054491691319733526 -0.9292887105315388 -1.8175805610231417 -0.5199976745280973 0
-0.15250333101352687 4.101658569793673 1.9705513838045767 -2.5443217393241566 0
3.6144197352664267 0.051833897797636475 -2.257871656522288 -4.167685086465289 0
2.8863133664662337 2.94944333467483 3.525292289226983 -0.3239241870949555 0
-2.41349987158151 -3.788500622355626 3.748545165611944 2.8841497643586504 0
-0.3081336616884017 3.410782275638458 0.7999336962489206 -2.296849243164454 0
-3.172472471647319 -2.4187382522052525 0.9612452555922437 -3.9836424180827184 0
3.7615122513353683 -3.338428251544464 2.833469251132933 3.750960674069814 0
3.747669498592556 -2.3868220417983266 4.373009759850645 3.9978483972466847 0
1.0438809177555217 4.064289840011378 -4.474684696393667 2.9909699351196792 0
-2.2038226224989774 -0.44770366489508673 0.8600846641319737 3.540187631959838 0
4.252660023838444 -2.345661016545252 2.055001970670889 -4.267439533756029 0
-2.7118682757483397 1.691517392289248 4.424913395732335 -4.1338017394079465 0
3.105082752021647 -0.420154363648754 0.02720519041498215 1.7269109987843536 0
-3.587669752167344 1.1056317349739766 -2.411109374798054 0.07179581931263546 0
-3.7487165682619374 -4.020596148159562 -4.46528225562446 -2.8693008726040397 0
-1.3906936981872404 3.6492770269596844 -2.552324224458728 0.4043418613510983 0
2.6874018661563572 -1.0419575152641245 -2.5510944706234033 2.7193003908896767 0
-3.66546595980109 -3.3594749134208364 -0.6435440103488463 4.091745820827619 0
0.30957553107877667 0.06573777367651745 -3.0635502480610146 -1.6549488887914845 0
0.031812963100249725 -3.3605390188381152 1.7627051100317608 -0.2625509798641542 0
2.6216153195071272 0.8644612871087963 3.96107013279355 0.7072980986982663 0
2.31992435429253 -0.3657231730068141 0.6489985496403188 0.6490192872391 0
-3.8298671562194704 0.9223905911984888 -3.2131751518400855 0.2499940819540848 0
-0.5796074743526719 -4.442145304199907 -3.7939290508844925 -3.6541256199862646 0
-4.0803310947447615 -0.7313183999467809 0.7701087270057122 -1.0488897905650867 0
3.4043926968834413 -0.6028407602235156 4.370637150543127 -2.958074460574884 0
1.2911418915273472 0.6151479793955634 2.376268760154799 -1.8480349042003335 1
-2.3383628860822916 -1.8386387720475592 1.1618464636012367 2.0888142849728686 1
-4.454775686468336 -3.33995806280873 0.4068081299921317 0.727580768511242 1
0.26239517710798865 1.3274548936639246 -1.730860747131441 -3.522853157813835 1
-3.1917424095522633 1.7225033441476052 -1.519690170986157 -0.35768316590891214 1
0.9500867529356888 4.171903020561906 0.39396660012956786 3.7282279710994173 1
3.0856909594386854 0.16483000552574956 -4.127127563784633 4.134991492052594 1
0.9312768649424503 -3.7305381356024876 -2.2339604953428367 -4.304428473078891 1
4.090989882143369 3.55590859401047 -2.3482128096612236 2.7325081273699627 1
0.5251245845764524 -1.9618525615605504 -2.856091504225817 -1.5581568584401526 1
1.254508908428373 -0.7467470364265394 4.112181045787096 3.6838992069452523 1
1.1450924978153023 -0.9321242029087354 -3.257371796316522 0.5156800698804714 1
-1.7836815247617643 -0.9184983095362751 2.4844761253514442 0.9060200288412367 1
3.1480607557699027 3.0486483310971666 -2.737451688195505 2.711455991797371 1
-1.9315769765813178 -1.4502755034676653 -4.206371571349499 0.6195302518674468 1
-0.14497225804450287 -1.0395778021458262 2.9704867956261385 -0.25482124072450785 1
-1.5409138505387387 0.2610286336142359 -2.860867416764008 -0.6266619463770392 1
-3.6280353214440595 -4.289580624711652 1.371258247310569 -1.8410815488914811 1
-2.7896521375205556 4.161083801166306 3.50972470242973 -2.6935116283586527 1
2.348605312535338 0.1925140128436016 -1.4821324171587347 -2.6058398432771415 1
-3.3988749323929817 4.487280129843601 1.0197922793597771 -1.814003929197167 1
3.4943593665706945 4.136803289351896 1.986026426224353 -1.166963082536446 1
0.5830690424242772 -1.8159038630314535 3.2812129287088316 -1.6723581095931928 1
-2.8332637426499483 2.527675069218229 -3.4365704964688017 -1.231598016239646 1
-3.103067282363629 0.9100705529116713 -0.23332970787799923 4.2273488688810525 1
2.1423602187135504 0.5968268907960398 2.292636020338834 -2.767578120682182 1
2.6494137572750627 3.8453401543371486 3.8892198541352574 -3.8467174299691758 1
-3.772240016939599 -3.451339604896251 -2.8877332021311974 1.752449912067124 1
-3.475788873921612 -1.908603439996825 0.28112174067190676 2.120774275595636 1
0.46262163785404953 -0.49820773249545336 -1.2263006871291178 4.44148440534744 1
-0.4545271554490503 1.6978946208252466 0.6470597877712448 -1.1958639860291624 1
-3.160367775965739 -3.423127298046577 4.195472005368211 3.790555639016892 1
-3.2341186874705103 3.101557353376076 -4.057354545993128 3.9411210764616347 1
-1.1561960058303076 1.0020031157876794 -3.5793408159346694 0.07356570832682852 1
3.696370446929033 -2.8525561025131414 2.031930729784831 -2.6068864829724157 1
-4.048928733029552 -2.128010522759526 -3.57647943448758 -3.0589499212593707 1
-1.0772337342923812 0.3229968621641446 -1.8847530205937004 1.3141543984338753 1
-2.6466059328338525 2.319434524816076 -3.1528205074396958 -0.6717354642167013 1
1.0551734438123854 2.5102087401341833 -1.4263490357127357 1.3456813233822538 1
-2.7516810302777834 -2.2861421215539734 0.26977440101463546 -3.218626486192433 1
1.2650716066360466 -0.8990337602074399 -3.1161933033848257 3.3692453470203008 1
4.164493225969641 2.3730119414905717 0.37845289482140687 3.139054935023702 1
-2.96287814291824 -3.427413249919446 -1.1667398128093007 3.86322214510979 1
-1.5275731216613628 2.687597494954537 3.284358207282815 -2.540893208401463 1
0.9457830550888479 -2.542552617498659 4.03766717834261 2.612039350432473 1
-4.241034027933447 0.11532204480424801 3.3840933624590677 -2.762567876557511 1
3.9558497187943473 0.6889382619792287 0.9757967942694178 -3.2107036105711586 1
4.079169750376589 -0.17381945647836894 3.0825626179935384 2.7815014646909475 1
4.4171180629999744 -0.06076529777871109 -2.4885968511202825 -0.03441991443233672 1
2.9508049442867477 -2.013457974630429 2.558967081003738 -4.280957473602731 1
-3.8896262565320256 1.992240909260253 -3.756033945232402 -0.9959619309054745 2
-3.4055223032930044 2.7860972132546116 3.7954670674617925 -2.3824894738693065 2
3.9131300030725744 -1.417813393026111 3.13198905239806 -3.856902157635748 2
-1.6862860840236988 0.9026739573072832 3.175438071939668 -0.7078174275063147 2
1.750872214279771 -4.093459535038418 -0.6816781959543655 3.0935983812521184 2
1.140621083642435 -2.920529512300206 -1.098536160879442 -0.0016756243748827782 2
-3.771305524644649 -1.6766907232364079 -3.245832882522712 2.3638484309687686 2
-0.7728869811923635 -0.9468732547233479 -3.5051792827921524 -2.9235354532361537 2
2.007364760093023 0.10462265682536764 0.49511477520966785 0.28711714500002705 2
-1.4071893440606864 -0.27982547976606753 -1.4889999815670265 4.338719490520377 2
0.42064890872519545 3.0138725187103867 -1.0379368599375751 -3.5519698259143304 2
-1.3671728958415255 2.5486745712459937 -2.0940974933630816 -2.13459968500924 2
1.3591028260384572 3.357231835983524 -0.4929993708774093 3.2220693409515766 2
-0.8041413335153534 -2.8425661042353063 3.836201470685647 2.95734711251338 2
-3.6613951844243116 0.5162323415320869 0.6224423024256641 -4.18199526088337 2
4.291485165414082 -1.8385006737457452 1.8116882189616295 1.9999473514647814 2
-0.9615681623799763 2.8691899771491425 0.23484366286033975 -1.50422755086599 2
-0.9538956076960496 3.5174260733329183 3.1054562903027914 -1.7668073698571025 2
-4.228868145702829 3.598305708244665 3.771025429522497 -2.139569431675411 2
-1.8800494469310847 4.326406623666125 2.676735864795548 -2.0999128717082653 2
2.4534397807814843 2.811991460540791 0.7174704296618901 -1.9994589294313085 2
-0.22750953107810534 -1.7776159537744682 -1.6566732384576488 -2.0859258011671 2
-1.5828880752582992 3.4781722223896567 -2.083903784214166 0.9410670750895522 2
-0.6341196276711318 -4.472292258194456 -2.122331241738204 -2.371645496109397 2
1.070970626685731 1.2457315299719358 3.0390451904797264 -1.58318747215603 2
0.9192043439274684 -3.7359210290071467 -3.732133309450678 4.035837067720614 2
-2.8008933063451704 2.4577709572592212 4.301134065849676 4.382580534544269 2
0.8127359518637635 1.6743257185006606 0.01753580624921036 0.81644830944759 2
-3.8421799731706554 0.5532078116163278 -4.408742908609753 1.388879878678889 2
-2.172334368115856 -2.509347751911884 -0.9843515908700176 1.0342431238248517 2
-3.4640950228382383 -3.608496570941205 -2.903619015832685 -0.4497766768324608 2
-2.3051883384609835 2.214383364700058 -2.597071115478508 4.1259054417545515 2
0.8494427945744052 0.3309281459196465 -3.720907782074131 4.345088413794064 2
-1.1197940469206795 -2.384905698120441 -0.13391762241462946 -0.5882786678689116 2
0.8173324887716825 3.0747315952611154 1.9286976661681596 -1.7706375161259427 2
-0.20435498641071015 -3.7463207432617285 0.15398070799030894 1.7176335874672097 2
3.899178489089564 -0.12529252338910013 -0.49694908660056614 3.2587248779591 2
-3.37175326610881 3.054054960965343 3.146500544582181 0.10126050417425225 2
-1.0583581855055213 -3.5217517720595213 -4.24902522768709 -2.6801520457327084 2
4.098660261145359 -1.4071464049438411 0.3686119266244767 -0.25431765211783075 2
-2.5743623267220817 -0.37206452222114195 -1.7259964150199947 -0.008169361566178757 2
-4.275942243471837 -2.2930103137555147 -3.9547550232945836 0.7977878093439091 2
1.3798025992726428 -1.4636088669584655 -2.529826141327968 -2.0342936150298123 2
-4.305963338722392 -2.048300118829383 -3.3220277736909685 -1.6792276068166654 2
4.15340226565079 1.9127317881025268 -2.9743015505585593 -2.0047635902950884 2
1.019366299666316 -4.116655223796166 0.18373065842396696 -1.1917603662005005 2
4.309064016836986 0.4305071978165653 -3.285181946131953 2.0899250436348744 2
0.10786516592303352 2.799124733897853 -1.4307439207346235 -1.137334899107021 2
1.9453287670850772 2.9779664395270475 -3.5518954046889233 3.865577433765761 2
-3.177359381529204 0.8122571151602774 -1.8983004305539106 2.7121552678032037 2
3.124022851534665 -1.41843937987178 1.4644586178356538 2.738183924902543 3
-3.1962615358812014 -2.84716465936262 -3.7967866974531095 1.6173522073264617 3
-3.028436458293387 -0.671108718068745 -1.0563011345468452 -0.4829080199045376 3
0.9502965538909984 -3.652911183891801 -3.274172946167101 -0.2426874533609935 3
-4.258903156696321 -3.701560908816798 -1.063343208440421 -4.289810333728093 3
-2.054985439759884 -1.419767925490092 0.5791140524763784 -0.7059874601738424 3
2.4905284344846734 2.192646271563892 3.879123016788702 2.592001128072289 3
-3.510202682793002 -0.19737935938124307 2.5999801875895505 -3.480022865583498 3
1.3309636775478095 3.0829382566450616 -3.5023298799075757 4.284778666469344 3
-1.0037803067418691 -1.6629447373012682 3.025418502905296 -3.587758256659133 3
-0.7480415979975618 -0.5241858888611505 0.16888355476143146 -2.0716040858680413 3
1.0508590855979818 4.466061635401209 4.018359416471702 4.452896700727047 3
1.3696475836229756 1.2196032329303497 -3.391727731537248 -1.4972119191009705 3
0.3106141457333741 -1.2997946940717422 3.7223005080623004 -1.7815815433076885 3
3.1946741048361877 -3.0303382404699315 -1.171862977638581 0.9199733270413991 3
2.3924140922538304 2.3204867267170903 0.6223982051043296 0.09110308278985269 3
-4.0547965346030495 -0.3979035322897515 0.6071043200654598 2.3046393279559547 3
1.9169665937277662 0.6342875459945329 0.9991859094624355 -2.14700370391187 3
-1.2513763020312454 -2.0465726071491788 -3.7740643433877388 -0.4664988676293953 3
-4.059304194511406 -3.721351154509191 0.20055593564036012 1.1417207071863 3
4.4565555411883775 1.1762044785982768 2.9807583759803076 0.36337858664925704 3
2.6489635261055042 -4.351959158747939 -1.7561320180231017 -2.590616844810853 3
-3.4223438071872008 -0.9428739935316512 3.347446217062775 4.028154867216314 3
3.0965642921228484 -1.813621820169502 3.8712130862045524 -3.3241005191198902 3
-2.753571424719202 3.3403668853154276 3.759552363383339 -0.2168383221315675 3
3.5503187952110697 4.311761586219182 4.260729050539176 -4.1239280606593605 3
-3.7473429816510304 -0.46904644411477503 -1.7646328735241332 0.5355977421248858 3
-2.4539142641905753 2.7402081046794713 3.890325022735288 -1.9188591923043306 3
-1.355931517013142 -2.524363296219592 -0.35114898880829193 -1.6484739235543264 3
2.770741159249887 -0.20684700873334183 3.4594464880269475 2.6109984555692467 3
-4.034953471959291 -1.0893364129718477 -0.8404531899680601 -1.022611209524707 3
-0.10072697534436947 1.5993633689630378 -3.120441827501454 3.9069488106040797 3
-1.8145341357791231 -4.3637705200241115 -3.90815150058825 0.25480979043381724 3
0.8963909963267293 2.8762641387117824 3.256320525421843 -1.129422950061469 3
-2.6065122471016133 1.2039817677630138 0.360139399456914 0.30167805116016444 3
2.0854245660782427 4.208977473775399 -2.478555144828136 -1.8680714748511202 3
-3.710276454242087 1.6489578165332248 3.9156035067508173 4.156912216606498 3
0.6153416257470664 -2.9765324437241176 2.4402032266710854 -0.9562465547692239 3
-0.32968018813170874 -4.388207735476045 -0.30194307695176004 -0.19529109238766773 3
-4.291472305311557 -4.328984296347169 -1.949488736014033 -3.026862695734115 3
-0.8823794336452941 0.31961883160348004 -1.435127901082077 -3.0155186629461976 3
-2.137027018635559 0.17045481603758428 1.3573320514918756 2.8330642710035137 3
-0.1998731296611247 -1.8699356274845256 -0.899419791770905 -0.30333235972104033 3
-0.8531950426895518 -0.23135693119207612 -3.8466647595127155 1.4614738709440633 3
-0.5632092996930692 -4.3526265730314595 1.4155173495133606 2.7829493932212372 3
1.8500554511483205 2.3335411942126196 -1.331043644932193 -0.269853075591176 3
-2.0480435836847177 -0.3092770997776465 4.360649523941703 0.0016746444156510165 3
2.0203236443730144 -3.754513521679805 1.2330155965502514 -1.202121212852538 3
3.1421427733918135 1.9858427272470123 -1.605206451093291 -0.5757303324191879 3
4.414333806941576 -0.487398892357387 -1.7538792510393568 4.32676869959969 3
-2.2211804333966825 -3.051715930605686 0.27737848023205813 -0.44578188847420375 4
3.3365452577245107 1.6896576444054467 1.1165957468382173 -2.2842862383431717 4
-1.078173357767234 -2.445906451648447 4.182124360602165 -2.9272816229843253 4
2.5353521899849953 4.273339230409021 -4.481829119326193 2.839187012101905 4
3.4221631318617662 -2.2197962541156855 -1.1486223812807455 -4.428529698909048 4
1.1441347382250238 -0.04633362282770659 0.7178921269744674 -1.0001395425718251 4
-3.843529982571858 0.4075105275083528 -0.8098112697927045 0.9440886600876488 4
3.3444819708446762 -4.229442530909021 0.7194032442505149 -2.0408108123826847 4
-3.700571292773473 -1.6676612903852805 -1.7872439325297178 -3.6022763421312454 4
-4.434948138391751 -2.8305730338888164 -0.29093675182264545 -2.161753959158804 4
3.3692645741133216 -2.8144613351712033 1.3385810914126806 -2.021746510200462 4
1.2408817490936697 1.3133164711743661 -0.9464193087597301 -1.5223702303528042 4
-2.853101320245703 1.3024937018840421 -0.8595764536293407 2.850013035936789 4
-3.2416361476900595 1.5919201295434844 -0.8395274077076466 -3.2894987481408133 4
3.9628398668714038 -1.6567426250728954 -3.0920339331623365 -2.8960621686501344 4
-3.7958309653053757 -3.755263854221301 1.9688352117359682 2.938800019593833 4
1.6400291987332087 -0.08167727133612168 -3.7295344779123702 -0.8534961082415594 4
-4.303738897933953 -0.3865879858751148 0.4149163725751339 1.2369041787156152 4
3.4449810215986045 -1.2068887454603987 -0.8039053965101465 4.375313218643816 4
-0.6377301476242511 -1.9667728024154747 -1.2501141823801674 -4.422441356992852 4
-0.9288071874289276 -2.8829515573331435 2.8854173398101257 3.1783995599063024 4
-3.6742561924751307 3.898085582580894 2.3128044412039204 3.325764451872531 4
-0.40833722989253385 -1.7884870094003653 3.913485865511385 1.2678699975122978 4
-2.449433036716331 2.0590832478245416 -2.206739416084104 -3.8703837747474354 4
-2.0702369743044584 2.2484057960197026 3.889706822240762 -4.2702940946075305 4
-2.7629711932989167 -0.6969910304699541 1.0734103454799824 3.907583840877496 4
2.745890762430144 3.2192480264976755 3.8541048013277255 -3.194719107472836 4
3.897950383035309 -0.020491722570194826 2.524976983937455 -1.815178150623693 4
1.9410034387883233 -0.7225615253469372 -2.6154172685366044 2.5616938031161527 4
-3.6219409068734656 0.11495256061135462 3.620313855002296 2.158676386720197 4
-1.7259074555580538 -3.903960550245891 3.62229593312081 -1.5167679432495127 4
-1.3832976382311202 -1.5337092587327392 -0.14022616982309877 -0.8345994584658095 4
0.6268400373980475 2.4265614561483004 -1.0391094172129054 -0.9190657210748157 4
0.9848401072663329 0.38391139217526415 0.5744831232091698 0.1610225339200635 4
-3.0187788945917196 -3.5361880424238126 -0.30378676327112086 -2.847834154673313 4
-2.779990220019964 2.0215882340609355 -1.104888293722275 0.5025760515336702 4
-2.314354905564363 2.4253867721514335 3.2710402963919734 1.0265269893183655 4
1.4396713234866554 2.6440250463633075 2.356344376956946 -4.301681785907418 4
-1.6708529611261012 2.172556041936588 0.2826654987422448 -0.8075446648587798 4
0.34020072392825185 -1.989671055448094 0.6949649387459247 3.4381939858208117 4
0.22453678291327317 3.9304848823684493 -0.5802562821793831 2.3612177003468613 4
2.7574171678786312 -4.066335460960499 3.8873985876922825 0.8708584061313417 4
-3.29344714392119 -4.376333598213064 3.3938906201071526 1.367858611496907 4
-2.8722926113113783 -3.0301703235886848 -2.698755814506791 -2.471677008147286 4
3.103836395187266 -2.4898197498834858 1.18793605511372 -3.0337973206797715 4
-0.5728707171418259 -2.5978031346217496 0.865641603371622 0.43733853139616186 4
-0.37697217328534127 4.131286897533506 -0.63291199585984 0.8234141045922048 4
2.6551000945177288 -4.423137273272252 1.3173812839317802 0.2719353917445907 4
3.906753502270767 -3.094636815462759 1.7022039636297448 -1.8741002545851755 4
-2.5908715443792505 -3.0001213295468747 0.6981135274550991 -3.0472287515749974 4
3.4134828196926317 1.7940639793618327 1.7777922151020986 0.8990362723140506 5
0.6562262034826031 -0.4898143795074861 -3.4550452956013182 2.342820471420828 5
-1.2811005967771272 4.191098376390184 -0.6379797280745987 -0.7866245119907005 5
-1.5737896331572294 -2.226917170600577 0.5326145544338751 2.9915607153811004 5
1.7075421284704562 3.507474951723953 4.0070161612738096 -0.11935067085066153 5
-0.6336823742138182 -1.2083321405642633 0.6670523248357064 0.2561165068707264 5
-3.1583616244027377 -0.8478308161668608 3.269983895117818 0.4057539959899552 5
0.8594116352748072 1.4474807437376969 1.271683274113482 4.05101245724965 5
-2.1791805962560424 -4.091483206728089 -3.1311209495545222 -3.684514199941225 5
-1.956236000556082 -0.6636164754257425 0.9370812800152667 -3.019853638419944 5
-4.490307854030759 -4.112801312046959 -1.6534061939526592 -1.434405284925372 5
3.334832044133523 -4.425760806383001 -2.874674841704411 4.290115452098101 5
-4.219233908203662 -0.02111890641159464 -1.5565259864177516 1.6971369379166812 5
-2.4845326168812303 -1.1234098744156298 -0.8697368152875786 -1.5914574974658164 5
-1.2798018830314368 3.954216648655163 4.16401307907159 -3.8547126489884627 5
1.757380189669957 2.597149274765865 -3.0397974032034174 4.351196896847131 5
0.010537310949622736 -4.174621183437154 3.8432680064785725 -3.236036533818942 5
-0.08290062997401448 -3.851559737374962 -2.719612000749792 -0.8255241668227653 5
1.3262196984129369 -2.7944012223534136 1.8907355291484795 3.216715327779339 5
0.11890555267349456 -1.2825523084541057 3.041680530418192 1.887906850735408 5
-1.299559523606383 4.453307913319995 2.177328521631674 -2.404135771763143 5
3.9464796342262507 -1.0764645152913115 -3.1008125180150596 -1.686618662734177 5
0.11044703592321514 -3.3890929294980205 -3.7437336818088864 -4.423119798604207 5
-1.6392037555219199 3.8543728677975673 -0.6212809722879805 -2.4869466094364547 5
-4.419964588642879 0.6901626909299159 1.3777984521864712 -2.514124066515153 5
-2.8598082237443925 -2.5486520890643067 -2.573010594228879 0.9056151474979635 5
0.18378052631399633 -2.4388929055147943 0.6398660917612357 -2.5299927929843644 5
2.685625250184808 -0.16604277262944767 0.9666866006595829 -3.7814797487133225 5
1.8565037845497396 -1.1544610349654185 3.4562049402360198 2.6025975878758025 5
-0.8387339448618183 0.3624715538192378 -4.435602097826195 -0.6145956185877796 5
3.068271237445333 -0.3657624892281397 -3.7621776361764905 -1.8341108297209412 5
4.001295100177401 -0.6948574955622566 -3.399742907227795 -1.7553337745949085 5
-2.142028901042859 2.3172443689888533 3.0176528511956118 -0.25328684093403786 5
-2.152751790283351 3.747947507568352 -2.4316412353595616 1.381093856774221 5
-0.644153457728279 0.3048018990080522 -1.347901419533706 -4.134393346542396 5
-2.8383857813337654 -1.045371315735935 -0.5694062622223899 -0.9248730711646544 5
3.4734527777279043 -2.584332614264415 -0.7988954705497291 3.9153230387649063 5
-4.442175720479497 1.3753970686965198 -0.832938961143896 1.9139222663319606 5
3.2398563399227327 -3.6709544179619327 -0.8470264446482475 3.291571279149648 5
4.156038528191316 -3.5533176696622495 0.04973913761645454 -2.9421035567801073 5
-3.0716416993316975 3.207811394847812 -4.367856195666665 1.553785560338384 5
-2.3863279564529254 2.1964477521952115 -3.663580281415344 -4.106932064088518 5
0.02315115353556585 3.842251751874594 0.5045336603159662 3.709647716424759 5
0.3409772466218951 -2.919829432883487 3.9206772807139494 -1.3881676274509194 5
0.48656079298666743 4.392758968204816 -1.1353013700381405 -2.7891412775879654 5
-0.1982017495958457 -3.0119357395608484 4.325425606366065 2.0996904119450077 5
4.224268420161843 1.8624798630304675 2.325218568168092 -2.7015767300204208 5
0.5254230951060074 0.5693893539916364 -3.9105070748680295 -3.5453194118579825 5
-0.9140513511876437 -3.3898480893509335 0.3826987204587382 -2.7586780979649097 5
-4.029810235160321 -2.7326016875731685 -0.6129824180335134 -0.20385214431068654 5
-2.1746740719857116 -0.8574879174525976 -3.1003047704982505 -0.21848744846261714 6
-0.34764963818531514 -2.425297377061408 -1.6716739163724514 -4.3147929497196555 6
1.6465686178698593 2.262195175692253 4.126360392672503 -0.9158260924368326 6
1.2182413435807131 0.7578388864396118 -1.3378203237624042 1.8728303713061738 6
-4.409473611188876 -1.432168320470875 1.6954901495065815 -0.014792746404994395 6
-1.508257564185185 -3.498270114925745 -0.9957620574066677 3.474529400624735 6
-0.562706640228989 -2.1029010222088163 1.4877329244409667 1.0168708323858322 6
3.342720045607551 0.8291912169858646 -4.449066820843752 -0.777396977285821 6
-1.4016988388058993 -2.2335950695507365 -1.8628388846984285 2.6968626521801524 6
-3.1555384856830044 -2.8018413480848556 0.5066263040592962 3.731380707709976 6
0.48503776704598744 -2.024369219591618 4.0697935516695205 -0.35688764983696675 6
-2.794830852198241 -2.773788419172626 2.927523161959593 -4.494351754920634 6
-1.2871005515571008 -3.495401835840514 -3.525627598355967 3.3213433823713903 6
-1.4105265763219559 -3.5649596192893624 0.9924891676549883 4.151777355896863 6
-0.6265473931618806 3.273381831910518 4.381288330886874 -2.9971150089632737 6
-1.588444463837722 4.108026794318495 -3.991577595925566 2.6483780067256455 6
-0.7403495969642633 -0.585728376742377 2.7632912630920083 1.742609499882215 6
-3.2598414243554608 1.4842567702481366 -1.3531601779299738 -1.767662522960725 6
3.9977846053812476 -2.8121827524788348 1.28208953563289 1.2851456334784288 6
-3.3843913590632444 -1.4368365532460143 -4.380389883058257 1.6737813093564742 6
1.239502095227826 -1.4463557941849567 -2.474190775080469 0.714251759176987 6
0.2582144339948752 0.5364952505246515 0.4536343425977116 3.4485413872473334 6
4.433631961129348 4.488342108803375 0.9904720009981032 3.7363916382219027 6
4.261624935801782 2.7645479429657307 3.930942134134829 2.534817863987177 6
-1.0303911697593682 -2.44754183335211 2.235917909510846 -0.5689470176334845 6
-2.9780034629606473 0.5128405543795327 3.773130294395556 0.1733084732949759 6
2.158270979059824 -3.7789925587717152 0.33643815262104804 -2.4115409359096027 6
-0.7443044119617209 0.7597561846531539 0.35540821401608547 1.684389547620302 6
-3.049355107119566 -0.04302752562121526 2.954451679216813 4.324331968657136 6
0.234003713395877 -1.0292783738221232 1.9953658824614124 1.4549871503400555 6
-0.3453049062001111 -1.5335040051652866 0.22656816687209602 2.1258162557502134 6
-3.8003776055329554 -3.7266134355901457 2.3638409081353893 -1.756486280049086 6
0.38268557099084566 4.023926186647539 -1.9182358240287511 -2.302816606096545 6
-3.6613887557466254 2.9231070683569578 -0.898745005552601 1.749959061855884 6
-2.564059560139698 4.006398499015587 2.458775557758625 -3.1842781278653245 6
-1.7240511170972563 4.199529198087035 -1.104011927655029 -2.06266747979784 6
4.188573167471807 -2.7475275328797 3.445369023913214 -4.331227356172442 6
3.1713117770713204 -1.3341945247499614 -2.966574751323183 1.147990689990832 6
-2.90051616992137 -2.1106617090193085 -1.2286494175484826 -1.6983850362346147 6
0.0742847872865422 3.1170106607693797 -0.7510267579598447 3.601953392190128 6
-2.079674714434489 -1.4187304984730007 -4.458058325763079 3.2716844170411123 6
2.7588677053362893 -1.688549308611928 4.331277895570742 -4.444808302171142 6
0.3781724810767365 -4.077553087658603 -3.858719502701688 2.8359284363367077 6
1.2678420957140868 1.28239878569799 2.6190832358782163 3.3434564336429213 6
1.213444733978326 -1.5089058987546546 -4.276322815704181 0.9452230210762015 6
0.15573953137681884 -0.7754243888571817 -3.5089591364541906 7.336417071845958e-06 6
-1.118294599961383 -2.0373940138551534 3.924478185864567 3.543059290961426 6
-3.8007908876659533 -2.4429787081208545 2.1146244909146183 2.876538178128934 6
-2.724373477369684 -2.2692651740115566 -1.0553690329575085 -1.1473797598171362 6
-4.107711371173039 -0.8170713058150142 4.254119497919195 -1.1553936718008786 6
-0.40601742831417975 2.0432175504363883 -0.8345689275077848 -3.6413314397048775 7
0.22401397431573422 -3.2926520456095068 2.3389445946154943 1.1390221024860323 7
-0.45142590340399835 -3.816602694275605 0.5156483448440655 -3.930731766347457 7
-0.33958729378057595 -4.131829061294493 -0.3706122670547818 -3.726699492118792 7
3.5721818638456218 1.19339992780181 2.5600620358313693 -0.967040476116013 7
1.2171085469825424 2.452098138135656 1.257816918405744 -4.4604774164379934 7
-3.8785259218813497 -1.0995135835346947 -2.414411289667137 -3.057875451436317 7
1.5203686219355368 -1.3075882372210004 1.3984412646658737 -3.3875391789407985 7
-2.5937199225498215 -3.075391287482466 -0.2080477694049644 2.5601143083603946 7
3.903164301391423 0.5474821897364437 2.7496445763540898 -1.2411230601569572 7
-4.178026724940283 2.840662288478663 1.2858094244707532 -0.06264530486598818 7
0.7587487094822131 2.3602243728178713 2.5862273730836263 -3.373912565060716 7
0.9630503653529741 -2.65639633593759 -4.2101483035479115 0.6644346220656275 7
3.9246440367694335 4.076166395371063 -3.300862873861261 -4.492855063719693 7
3.070505046025876 -3.9282680456714894 -4.158538273787661 -1.5642616667934144 7
-3.6303899875234356 -1.5596437846358033 3.8132006899147486 -2.081434744771859 7
-0.8819291830345041 3.456709032426846 -3.4355790472570327 2.2699149242070984 7
-3.723442879907361 -2.55972973620881 3.7959403076811324 1.1760070394697926 7
3.913494537751429 -0.6158678935374755 0.5338351843144667 1.1539989167310716 7
3.1610805534648785 2.576584044070217 0.2686726230019042 -0.6285397773049486 7
-3.8690624163033918 1.1485080209446554 2.669490789392381 4.255928314165702 7
-1.2822629177137577 -3.85511302746435 -4.431292085644565 0.5142738438539349 7
3.719873086021888 -0.27503178893750935 -0.6952364201922541 -0.3423228184312128 7
0.07746330952730307 -2.7145585191138433 1.5275419197757856 3.275156167870196 7
0.278877598250755 -0.6199487385263961 -1.623277024046748 2.850220916673971 7
-2.5329459469459916 2.4819405415230174 -4.237425055984486 0.5203423410678611 7
-1.4301853629345422 -3.8515706654340685 0.2781775741186021 -0.04890973959755507 7
3.9627590721057673 4.4769550164391365 2.5236219261686106 -2.875160701539944 7
-3.4665802971748962 4.164202638865283 -3.0069393273906897 0.7431462220015863 7
0.2770076331617348 -3.550009479459198 3.925114630668966 -3.0656145423453345 7
-4.230304157753249 -4.4312295111443945 2.9728029638037854 -2.3906306908482584 7
-2.353975249344292 1.4421856844524314 2.148268613624422 -3.3555790938353036 7
-3.5024070374746605 -0.25025230416461586 2.157211438626245 3.3631500124527482 7
-4.262292477808948 4.1607592367134965 1.5525765836587775 4.125685688022009 7
-1.1506523462012685 0.9054262556246476 -2.840812128326018 -0.7083556356479616 7
1.0437527455435398 -3.9630432800205866 2.8223733518422853 1.4255071181118601 7
-3.983092788662038 0.13252825624572795 2.0443561722618724 4.057641785571439 7
-3.3634645773085885 2.382552398713079 -4.368045195373346 -1.0718596477685076 7
-2.3897521809580935 0.981865569694702 -2.985649622612841 3.1251712197372163 7
2.7056223744456522 -1.5308618245556616 -0.5577279029124281 -1.042089711020807 7
1.16837272540249 1.1292321634941456 0.7128564572840322 -2.35251198112134 7
0.4785705145100493 -0.17102740446909415 -0.0880031234431391 2.4534788343784077 7
1.2097294537296097 0.05758542266979172 0.04269962147880457 2.0159392928252204 7
-2.6078479009226982 1.3780734681073517 -3.952698274038131 1.9968418074246561 7
-1.5834060807219883 3.8331159672741233 0.3926312342719339 -3.276017568786236 7
-3.185321238569885 2.395652848654707 -1.5072998355197351 3.840570229890264 7
2.9158312265582733 3.2771487129728745 -0.37176847907300614 0.8998921045506708 7
1.7227224753400299 -3.1272863121284398 -3.820785158038177 0.24048110418486524 7
-2.499123435236082 -2.5602545678784665 -4.091570760397546 2.902173031572293 7
-3.0862060540216634 3.794998476014122 -3.113976928850777 -1.5353067372609384 7
-3.133876547364934 4.377372505935323 -1.2828799020349382 -2.3491522160052902 8
1.0678270837918482 -2.7330215528189044 -3.4064745094528184 -2.441505152714888 8
-1.9989755901882833 -0.3235329738510456 2.4240566276278708 -3.663778089627491 8
0.750781252585177 -3.3221274343119385 0.522608657481631 -0.9914511211576391 8
4.234549428505324 -1.933772785321867 -1.1536063170515714 -0.09699361840678011 8
4.4501214667703834 -0.6372636541676187 4.318412805896582 2.6544247159415377 8
3.254986280227591 -4.162727022877761 -2.1060492596908733 -1.881489369071975 8
0.19819912146870178 -3.9976715061958235 -4.2027362049119645 -2.7155311418791266 8
3.8301371807278866 0.020412989968049966 1.6897278293819193 1.9921829315198105 8
-4.20349114576971 2.7707743391477235 -2.285517649622708 -4.134745232542993 8
2.4188846310942944 -0.16916435205003444 -3.266519821166062 -0.721533574915833 8
3.7670991004598093 -1.5673842158066833 -1.4503305051590565 -0.6107707596768509 8
-0.9675623382251463 1.205383435788412 -4.346632303708129 -4.232686735114811 8
2.7111671178903127 -0.6718288820455738 -2.4461921785488028 4.448793557959426 8
-3.746332423829328 -2.0571482146713946 2.504508605872285 -1.8089321058509678 8
0.781496924885282 0.9327273836323678 -4.116733214740142 -3.7656968988781894 8
-3.1602958819688443 2.676514767332286 -1.4123504847287371 2.681251658472382 8
-1.9681290358976549 3.0453583792001555 0.09518920401809572 4.256906997415495 8
-0.8831442867044806 1.4031726101809041 -2.533617837459123 -0.23046537957186597 8
3.6971685719819813 3.696596040297147 -2.862972818709272 0.004815064276505687 8
-1.5023357390347893 -1.071298484401815 4.434909242503157 2.4869279948660887 8
3.1232951810711036 -0.4712572113102347 1.7686516133406511 -0.5314861973338387 8
3.974968424057813 -2.6766206419108087 3.6492331127576256 -0.33438903263291 8
3.3209298985846116 -0.31420933669501416 -1.2083030963941233 2.486006805768751 8
2.8566843082932087 3.06231390579135 4.014686644754652 2.0268568807793272 8
0.40300147077072046 4.298345715623015 1.0941203709331357 2.414462288606047 8
4.467615435602233 2.9166678100116123 -2.8749113612930266 -3.780061750663709 8
3.0413515883748783 -2.112388686856293 3.224979041788543 0.628606634429705 8
2.534841686176302 1.5674461369926949 3.7907202907966435 -1.9471212574762942 8
3.691260832806926 1.1356161475019881 -4.130939222850758 3.8323407490571797 8
3.174250953299814 -2.073916332000005 -0.1385739810488661 0.6088827298962292 8
-1.5690052949881519 -1.2117405901465503 3.631534067599512 0.19643239062010875 8
-0.9822084658070391 3.5493968310255264 1.474843534779131 2.20441443566275 8
0.7401362671908979 4.3626912927483135 -3.905907543548076 2.937210211097935 8
-1.422123489938898 0.12363124502825706 0.7819030636133615 2.580948559659667 8
0.4055774705492933 -4.275028920107172 2.684820627803316 3.2572441366321225 8
-3.8927431079769335 -2.5237277958021282 -0.566055481081459 -4.124155404748322 8
0.2631547166443584 -3.9730988553951057 1.3744224894977743 -3.633880332028403 8
-3.1485230364991894 3.6783584637979274 -2.3056674486530815 4.318716956115589 8
-0.13165687987474706 -4.037276826551015 -0.9884807097985568 -2.056318380922912 8
-3.621306308275262 -3.9732616782998025 3.8664625082034103 3.3331973716746135 8
-3.3898602542438323 2.371568580898045 -4.407749953270396 -1.3222663389461324 8
0.38794091251850726 -1.7651815818909136 -3.3850864218192434 2.997432608404536 8
-3.149789713807389 3.00273005890538 0.5716723906803828 1.6674205070043528 8
-3.264246071945365 -0.4233494450937877 -3.744383984532317 2.649540361629473 8
4.270007070435881 -3.306586748705075 2.806462214927474 -3.7126197881779848 8
2.6020619148190516 3.4761099931508417 2.1475848138795146 4.1502819278769865 8
-4.135996459084899 -2.3176118927683875 3.078678154760473 0.1768238188041682 8
-1.1930892445119832 3.8858302808428493 -1.1557936904659987 2.0089871936189923 8
2.063150082323228 4.421964303459311 2.230074533179203 4.416104834710576 8
-0.8112669654732562 -1.0337632694198016 -1.7653248711163645 1.51435311690744 9
2.0410692976382494 -0.31674095767440447 -4.48364691467903 -1.6481526764073418 9
3.269252781829798 -2.128611833671162 2.647488730816315 -1.3079371889917901 9
4.082628982560585 -1.475590913836647 -2.676525056133656 -2.880144780114193 9
-3.3893404243121545 0.6963284962658023 4.404563190509111 1.360488467412568 9
2.7884707333466636 0.22570216723889813 0.9507000491886823 2.701632203300943 9
-0.5087858518657478 -2.9553988227502472 1.5233116638507886 -2.0772027198136875 9
1.582505095776786 4.125565972556622 2.2501327252387737 0.9514470831312416 9
-3.0837448882177227 1.2832883594597881 1.1299962378043449 -3.0326154745935368 9
0.4725630999417636 1.2406254950289348 3.368453357798733 -2.0885130959751743 9
1.9982707372923247 1.489896294573362 -3.2889432843430764 -3.8937395137300346 9
3.1910181043003227 -1.908574850123919 -1.698732330098232 -3.246406037522216 9
-0.6873682685710335 -4.18816456239013 4.239501270701841 0.759552371539206 9
3.001637383610717 3.515792544707315 2.1558027841604357 -0.29267510964102517 9
2.4552431347660773 1.553203903518264 0.6203799689556684 -4.1595898841129335 9
-4.237750387868072 0.707905108902898 0.49780611363212734 3.698234871636651 9
2.4857227976171745 -0.3448042313880326 -2.725643256403938 -0.10348570131374257 9
-1.4494311831091098 0.07738899627074669 -1.393884564433605 1.1629217890136838 9
3.7526980108638557 -2.734036481605229 -3.4168647130642973 1.705866685787586 9
1.710022535028285 2.17556079780765 -0.2634531450931502 -2.900438150566675 9
-1.6700504105779892 -1.2470291743030173 3.224621725593926 4.227190731661057 9
2.7202827251954735 -2.5738221684714304 2.829045607179286 3.5743806781264533 9
-1.6681892552857571 -0.6012253731676767 3.956408672661259 -2.833573841377703 9
-4.408820289213583 1.9947718180678669 -3.187791092468771 -2.4239563951592595 9
1.197645219930715 0.5866939237002743 -3.7562299841305786 0.5370204526541111 9
0.8048066189757891 -3.7317168825787346 4.203329205628994 2.569626098980975 9
-2.5482965217693123 -3.571821298987332 -3.761214899212595 2.878278503824122 9
-0.12588916190119603 -3.8861897465352735 3.226098253995232 -1.872577633820649 9
1.234608908601539 3.3360114314957583 -1.4674962859682505 2.236032769640527 9
-0.4293367970390235 -0.6819366275374689 -1.062912149253538 4.43941936107127 9
2.216613134828733 -3.2751664374232448 2.732104982410295 3.1362139236821145 9
1.937281757125285 0.8622261091796363 4.078440758439956 3.8512274704304374 9
-1.0510049920275182 0.5969174174112608 2.947447528032773 -2.4046530980085907 9
-2.420887785135029 -4.177104635045385 2.3543026919275527 -4.2328172949163445 9
4.37718075784396 3.7418726328696157 1.6115435659787822 1.1793785149552594 9
2.7523793279454347 -2.1352699167627587 -0.20344845411680046 1.011233819551815 9
-2.5901077394879604 2.1207698500757095 -1.4070916379171454 0.5111855671791302 9
2.625337408856548 2.6630320649989816 -0.43600873465485 2.7029858806989715 9
-3.371487713810975 -1.4710095181919611 -0.2046734045780424 -3.565612741575812 9
4.116556507721322 -3.092964943000334 -3.174446312202225 2.8197649253177213 9
-2.0077595539555015 1.7354995719011312 -1.8720968342643427 1.569987752762994 9
2.8464893451911766 -0.5021876039723273 -3.743748500642777 -2.783836920053859 9
-2.0284431358903876 -0.3076735628077081 -1.0872110903674037 -0.9490318408539146 9
-3.175207552965594 -0.3335436821974558 3.4110031376088985 2.497394153497557 9
-2.464833308971989 -3.0572929134349502 0.9970484921451751 0.43054272729364773 9
2.7526200890030794 1.2890435909615507 0.542996240096005 2.844498070835266 9
-1.8019014148233385 -1.6847518622987123 4.016000295410128 -3.118830798404389 9
2.025166768910267 -0.4234432425410909 2.8552787306276493 1.7912225464979286 9
-3.6765223487735197 -3.432442935106198 1.2064606325482379 -2.835912638959877 9
-1.9899904460424311 1.180636186777614 1.381670316618878 4.252979391307675 9
