500 50
0.4393215353459228 1.9367042973517754 0.8359224370304181 -4.40942673909516 0
0.9248703846447949 0.4039486469720718 -0.2175642372849953 1.878933518469438 0
-0.6871068059498576 1.3130470175999052 -4.104221111783184 3.415693347213571 0
-0.5617150986357674 3.525957007038718 0.1807327497210578 -4.224050565068539 0
4.172964844509264 -1.0490263305680005 -2.480277492712438 4.083081267845817 0
2.6255253427439813 0.2600542777761403 0.7408775974684978 -3.5327468900807593 0
0.6124010498453908 3.8303697446339493 -1.9120994794749464 -0.3896673672556423 0
-3.8606754762190176 -3.7158363026861334 -4.311449376590426 -0.7954603774761707 0
-4.318034423037068 2.993578609931442 -0.09487228108771673 -2.30689912246891 0
2.5034107585486542 3.3301093342213726 0.7977510026278791 2.2791610763295918 0
4.307565080094876 2.692427077950512 -2.3774919830492807 1.0844991025198891 0
-0.3466857397236134 2.524762586578099 1.2566001866736745 4.0368627101595695 0
-3.435530167179601 1.2592891919477145 2.504485505667994 3.135107428110054 0
-3.2098204133185826 4.002020253446255 -0.08622082407352372 -2.8318627171855546 0
0.19663489575064508 -0.7680425400852877 4.462337636636715 -3.3357981506517036 0
-2.118999491058357 2.46810320490795 -0.2568841258116116 -3.8871621068210405 0
-0.39464701005106306 0.6159055398178366 3.9946577161573757 4.184324467635957 0
-4.3308917960728035 1.0587194736828935 1.974501558035762 -1.3500644073284798 0
1.0088615045017928 1.0524059718728123 -2.210558389941381 -2.1122700791665734 0
3.9937327066316177 1.6363826919313507 -3.354353771219327 0.23228057769050636 0
-1.264428894835926 -0.5667124158059269 -3.2236445186867027 -1.6494240010188936 0
1.7786807633453838 -3.9579707553365715 1.1403582836319441 2.0478924863167483 0
1.500900439011009 1.5357408265634347 -4.281545658401449 -0.6289561406093407 0
-2.606556950335432 -3.33966332110632 1.3691213535792512 3.1792137854266156 0
-1.6611448416823453 -1.2266030615163965 -0.22207696009125832 4.222852845459167 0
0.6317709337609168 -0.5525863788391169 -2.1093070721269744 -4.37842164035953 0
4.395364542533036 -3.5815967032677474 -0.14622421768437444 -2.1949758448198384 0
-2.6201091951464877 -3.0482143390350336 2.9134590482085243 -2.405045950369991 0
1.3779749291885859 -2.220375577141961 -1.7043370353782432 2.6210468791720105 0
-0.3032030442932434 -2.300169671985575 1.93628926822824 0.5224611299153628 0
-3.0692737471903224 -3.506623729521254 1.8445325573048355 -0.7322682278697615 0
1.4069663051874608 -3.256353437862476 -4.45220957146799 -4.397803843390267 0
-2.7307587448795188 -1.1814734640513231 0.10099608816317973 -3.750381182529007 0
2.888939068631416 -3.6260885178624487 -4.040320678476689 4.18964975223726 0
3.041504167489235 -3.6351143289543324 3.231023756922527 -3.131754955113874 0
4.288135185120562 -0.2821391851706858 -4.49402203268816 3.975010158507808 0
4.2908497937130345 0.9436096777054137 -1.995072315118971 -2.8269215743005223 0
2.153372214584715 -4.147309869711114 1.7235729704838174 -3.5198663504280643 0
-1.9547373368123138 -3.41823094908148 -2.118153617974797 4.275852121908418 0
-1.8347382223006956 -3.4314505294118036 1.255164970266092 0.18610012334298198 0
-1.6381513854542158 -0.7716330493679703 -0.9187324664855604 2.470508593957818 0
-3.9226725328609406 1.7322490743301786 -3.2313827112867566 4.20604021833284 0
0.5994130878591764 -2.1114945815449913 3.25010707259208 1.0589128431231896 0
0.20923248120029703 -3.654535403174025 -4.113844286376977 1.8077008450296392 0
0.6835184600056134 3.8636657781859265 3.7195590679693273 0.22119360730763382 0
-1.6328794279380872 1.5066934196731352 -1.311976603554635 -3.4175038951847734 0
-3.3138192383604705 1.9469448370670899 2.2941099372381144 3.4651966609062557 0
-1.89534516347519 -2.8512777419359487 -3.5977343033173628 2.3308609927710773 0
0.7786164132907484 -4.319032084312558 -4.346455623668122 4.203494262694976 0
2.9604602629562677 -4.457740714267077 1.0355221857158656 0.4719515309246983 0
1.600348831166071 -2.0699282412705164 -1.8364514976996498 3.863625044128051 1
2.116746199103354 4.159696906056944 -2.106849353968881 2.9533195189502544 1
-2.261221708320378 0.6854160097605321 4.365978114034188 2.5505698096332523 1
0.8283773814465512 0.6502671521178603 0.17090928347788592 -3.9053316253349526 1
-2.4922653062344353 4.074741103652865 -0.24827589746034284 -0.555696477254668 1
-0.4758715924413538 3.1176780522401506 -2.6748356293170428 -0.68771126957126 1
1.7953134778575388 -1.8230674423037971 -1.2801790432769518 -3.0268416496351636 1
2.824180377322295 -0.9314483323771382 -0.5276327100076247 -2.1348003930795985 1
3.4299287740004543 0.7314558537227283 0.19856178614037945 -4.1835594625542525 1
3.435618256693675 1.732784310699893 3.6560827780855574 2.8472787496787046 1
2.0272885183767646 0.011919437340320305 0.4732319925945411 3.166277244815188 1
4.104752712509015 1.2959117930667365 4.161555664297204 -3.505299353526055 1
-0.6853045629763829 0.9575389271513192 1.177486275688234 4.481946008420928 1
-4.327261215215998 -1.785826649929056 4.391002524001735 0.9299069306167014 1
1.4415618374341652 -1.8893015351060034 -3.34781216594265 0.7487354789147539 1
1.0621388609895739 -0.6410816914881048 -4.481418279830205 -2.7097979879982637 1
-3.280733421997948 -1.815459066395723 4.1051084360396395 -1.5260348465744051 1
0.6296841963113838 0.817854851233559 1.245510951992537 -1.9722645483098158 1
0.6689272396462093 1.3788073787142028 4.030396984004306 2.057028569545381 1
1.3689294300152 -0.6172340810942344 -1.5331395817672866 2.6258527906233375 1
3.568919362659567 -1.191943169568931 -3.5265102797129613 -0.9691295394108652 1
-0.5772156726093587 3.527310195141049 -2.509036850415669 1.6535380254844163 1
2.755745901414772 1.8349972518632969 -3.5779834640526267 -0.9267675094559333 1
-3.59795801418929 3.775343523702062 -2.0101524281172938 0.05708627391423737 1
1.9281716959420028 4.489623059110799 -1.3509208754650897 1.857695199003099 1
-3.1549652580780565 3.3131345163139283 -4.278806781237305 1.2058822917531675 1
-3.0375635879126266 1.0400360785545977 -2.42485839275562 -2.081618741188356 1
-3.3856201543550264 3.1320740639001095 2.702300432251712 4.100115545823788 1
2.7658706285250965 0.6219066475313398 -1.6510481097562204 2.9412474333216814 1
-0.835350324966003 -3.8774970409037577 -3.564082458258902 1.2058348770664487 1
1.7768589583010728 -0.4181158558973803 2.2592906958142693 -3.0961986476898913 1
1.9985003952331313 3.2974409333576626 -0.665978510973955 3.534364478240834 1
4.279693545025973 3.202230081533499 -3.5677938289646502 -4.337132776186723 1
-4.394573242334983 -1.260197419694725 0.8152684114314036 -0.5802161352215989 1
2.069915061816522 -2.9553329046470354 2.6882032399551243 3.81109984383696 1
0.18932945583716354 -4.010958104946718 -1.807617199105655 -1.0043629454780525 1
-2.700031275932399 -4.333303849854474 -0.12355122303616639 0.7933631439176938 1
2.6432793302167856 -2.484677807456579 4.35468446713455 1.7759722574704635 1
-1.3918348737278756 3.852731641190318 -0.9940634338898809 -2.1260908219458408 1
1.839729617311795 -4.21344963421823 4.001631465799116 -3.2800641020234425 1
-3.0177525915187853 1.0933056134978716 1.9823926725428225 3.828555227631966 1
0.6950572974375083 -2.3589646076294226 1.4819902788099477 -0.6925100385049097 1
3.9079259813231437 1.025693603693064 -2.709081540670644 -1.1927220997326549 1
0.32069522722462473 0.8091897871911389 1.8618462847810986 1.3458080175776714 1
2.0710982656509267 -1.6924950406835833 3.851785499385221 3.301748222934374 1
-0.9160104400551731 -2.6114062592239007 2.845356770397315 3.703057878156861 1
-2.8242629470769747 3.999351509855402 -2.0129656253665553 -1.1742881387431545 1
2.155957155443588 -0.08587072244189631 -1.0809548659258434 0.5440552983880224 1
-2.453268348240091 -2.2107916640664635 1.513964065884939 -1.9195498526364512 1
-3.9777375570851197 -0.590250369976913 -4.324837794216297 -0.9069985470788163 1
-1.6938370620530767 1.7670913993391353 -1.7232483640103955 3.979662471162431 2
-1.100233446367672 -2.883566901963287 3.4943853648963916 3.2427961050907763 2
-4.277891444478019 -3.8947533168307626 1.3769978485071874 -1.4013975177095501 2
1.6145349614871058 -0.4167283989955922 0.43964340659374257 2.8370253664473544 2
0.3292128999784998 3.570041637363079 -3.6125066814947004 2.7096739222977426 2
4.4130505265703395 -2.5479271404137345 -4.129381878046905 2.8477892809292014 2
1.4677038279009071 -2.1300986093656444 2.7680742374388614 -4.040934220541198 2
-4.314141004808442 2.325407884525273 1.1444464031567243 0.02207766881607487 2
-1.6198456425977894 -1.0488249524529183 -2.971624471454568 -3.164589560903619 2
0.7948540219824515 2.979436097125714 2.4593321346032084 0.6092347395315966 2
1.1608365923203385 3.3538558990265575 4.346992214248792 4.340229995595097 2
-2.038121686659278 2.6824215052130733 4.434002941178397 -3.432460334708107 2
-2.8292765012464303 4.075124912747501 3.9443052326756605 -2.298873518814935 2
1.6873944874903377 -2.5604309059779737 -0.37608966217249185 2.316659002395533 2
4.026335314400319 2.0777022609314204 -2.667411611304912 0.5968044499889692 2
-2.2145252166447675 -2.580192203692662 -2.8276492659660386 -3.5573750398683606 2
0.16380642537596923 -4.2690355375092155 -3.4509724881336132 -1.2812486863660308 2
-2.6327693210300156 -0.6778307812364437 -4.458106468465349 -0.6763147091847943 2
-1.13247017699197 -0.32782118071670374 1.4777739457303414 -0.8848063349641014 2
-2.0013416433474127 0.7810591181235191 -3.727848595321484 -3.935800241787235 2
3.274700453309083 -3.442213296341702 -1.9969513851162446 -2.9761857851075932 2
0.15641196438702754 -3.31138704289362 4.1858547589617245 -3.138927975233235 2
1.9517371307333433 -0.9354626747343563 2.749161936644969 0.774971475670303 2
0.5887918067265807 -2.8504814740732924 0.6235822798586493 0.10872644331406112 2
-3.196370165909605 -0.10749347415940891 4.2458676850255594 -1.2253970241752596 2
-1.2994853593503994 3.9638875072753175 2.591241758584886 0.49764696720263657 2
2.3879272842626875 2.237972578654926 -0.9392969913684646 4.0991933997520285 2
3.633477657713401 -3.749198081021833 0.884843724282184 -3.429747520685878 2
0.46973222930165903 0.7602846206019198 -0.7421471910282906 2.5342355491344684 2
4.157427406925061 -1.8706722588670603 1.743723209152924 3.7470629685291676 2
-2.3325409807609785 -3.5973545196105197 -2.165603542726318 2.3237434471844143 2
-4.352133333676732 3.8657638511297145 -0.3611231334493117 0.6624877227013389 2
1.5292489193181904 2.56637620820824 4.095420129056547 4.313576879902596 2
-1.9644290482144582 0.7776914956769402 3.254318675330072 -1.2681262104273339 2
-3.9244026049111698 -0.12935163658839388 3.4893075215458786 1.247482598772717 2
4.297456257700021 3.3885472078493173 -0.6300289757635821 -4.1783158574956465 2
-1.4565694334683892 4.154131390873487 2.4311531177242394 0.018950226517017388 2
-2.4146853617591595 4.043869401741133 2.5756964951855466 2.232205194089429 2
3.9723993423584876 2.6928232861715253 2.6421063124351676 -1.7941395717290984 2
1.17403143180112 3.368591699624523 2.7071873916086786 0.4396169561955059 2
-1.8628174394298296 3.1404919978162638 -0.24006419595771122 1.5761332243868122 2
1.0608902272577143 -4.380868280169905 -4.307771853554865 -3.579148657011652 2
-1.374898338610024 -3.166732251466515 -1.8704037134923017 4.346910989620556 2
4.336464508364279 -0.19466723664010743 -3.242287990215405 -1.5246332931671072 2
-0.023477710512035732 1.2552526475885124 -4.040522417772688 -1.5185800773654634 2
-1.1827385448334424 -3.2678975548296094 -1.6170634214025155 4.0212645385006995 2
2.8990595987482095 -2.7913687928751783 3.1063867829614833 -1.0551220268150567 2
0.10187084291810422 -2.4811467392273467 -4.277078477646762 2.979280025958404 2
-3.6193996395536936 3.25972365679515 1.4448255943008614 -3.1287196471382126 2
4.256275401208173 4.147511922567001 4.464641439091685 -3.5978990631828927 2
3.6589994929906107 2.466425994287749 3.3040308743429656 -1.8516045228327993 3
-1.5016936317422227 -3.770087490108029 -0.5818188030735867 2.6591087409868317 3
-0.834829457275734 -2.4098927204615155 1.5975752039460924 3.9407793699963523 3
-3.3076112871781533 -4.019155363918573 1.090262929143449 -3.6197085466885253 3
2.030349277895209 -4.397152872374721 3.459243269177553 2.4223997248973195 3
2.435226736524986 -3.1774801913966244 1.9068340580398981 -4.016398073816382 3
-3.784301256719198 -3.6935726918525518 -0.9339952980443039 -2.993077624864147 3
1.54843026618523 -2.291695111324397 2.8971351756708206 1.804757605360765 3
-0.715144799879114 0.5163191219152523 3.4476983758722173 4.199175962317476 3
3.2449605644591437 2.0433983644019547 2.4727285277324875 4.448097748986859 3
-2.0670488528515683 -3.3166548063798515 1.0329289752986894 -4.165833564976969 3
-4.001631116209219 -1.7856122896715176 -4.371736363647337 -1.4210651231659015 3
-2.1409366568428956 -0.39473489879568313 2.911245471607834 3.295212356922579 3
1.649532019929124 1.7606290107497147 4.147312759404101 -3.9139067830606344 3
-1.9483303807605004 -1.0806573968989155 -4.098860001111023 3.7195523673033035 3
-2.8696413443678725 2.596909610758668 -1.7545797147342457 0.5218866054866943 3
-3.9883673121008374 1.772975175524886 4.342003947006389 -0.8959631873766899 3
2.5082585634699304 2.496668056638778 1.492842584788559 -0.8920839273121324 3
-2.1651969208918054 -1.135681758606947 2.4137519801650176 0.24943253015579225 3
0.7883967167675012 -2.0446028781797967 -2.3622917581228524 -2.058245088673804 3
-1.1623248070390015 -2.7265114783292432 -2.177467087154335 0.29088295432704714 3
-0.3612970461959335 -4.098489288712973 1.8287011441409788 4.043519100388279 3
2.698162961135562 -3.8073919771203055 1.7467863757468192 2.5307355956615156 3
0.16951633948373435 -1.738709104093235 -2.979664957218909 -1.1334363749340688 3
0.6978865394823792 4.134900067500826 -0.7759780212756053 1.677422070004257 3
1.3101322001040347 -4.181738078200581 -1.8369722126081376 -1.770372707223005 3
-0.6263780444274489 0.09015167086425202 -1.296997608232187 2.79271873388909 3
0.32559745233106796 1.6325325954345409 0.6983108103901384 -3.8225044815053897 3
-2.001635120414105 -3.340254910803118 -3.7957851027857807 -1.1584175014575062 3
-0.9659189110761509 4.107651505163539 2.3993194554554247 1.6981508383081247 3
-2.8158219742423976 3.6358555943541333 1.8718411918606797 2.404890594486872 3
0.39425355069593715 -0.3877972051881077 -1.9156255840230356 0.4343065374787918 3
3.4383726920690063 -0.3725643440827272 0.390173762850926 2.1566925106195436 3
2.0175087295038896 -0.9087721046720819 4.111835121950818 -1.9980904968408069 3
3.6363995361086197 1.710225181721046 2.6395350548134338 1.4397349367093617 3
1.7965984882546504 -1.55051638598593 0.7221408377711411 2.4739180141266175 3
2.311007784632003 1.2245494990242718 3.996292197852894 -4.169777239175283 3
-2.339817539582614 -3.055150597632692 -3.173399077381014 2.3065850835100417 3
2.6675232706559857 4.132499427317002 -3.745877823809239 0.14511330666983735 3
-0.3767505546596144 0.8188574879131643 -2.5212530102255375 -2.0313386654152366 3
3.219503797741991 -0.3849889198152865 1.8165643464997463 -4.228265040581595 3
4.0668702914946255 0.6817604584038518 3.359874851117133 -0.49968940182957 3
2.8869040863118345 3.679593465714645 0.021539645163909715 0.3604316732432271 3
2.8397143689171194 -3.0652698289593965 1.3098986512154451 -1.396290720395267 3
1.1600859515553035 -0.9140916724229063 -3.590032584928578 -1.6345895700044109 3
-3.9355834317898886 -0.6837097329914225 -2.986720937794617 0.5051986150542652 3
-2.171843397995331 3.1413447758565973 -1.6377423213565216 4.122604601940914 3
-4.200258361079734 4.130844496771262 4.191608501822526 1.0811329251141732 3
-1.3016803637526335 -1.2896379863771141 1.0574754090055736 4.368407081103953 3
-4.353043475846629 -2.8329090728743447 3.485548361116674 2.38562954242326 3
-0.8886644927675215 3.863622755724425 -1.6776844943156892 -1.2101487469373127 4
-3.603465628008558 4.0077138013117155 -2.688599108152211 -0.11566685774362828 4
3.3253967749196898 -0.412538427832034 4.4133166992562165 3.709358577104299 4
-1.5596920640856595 -2.405302836488488 -3.4348550938247784 -4.273287396385444 4
1.030182358291869 -4.202328676720449 3.587739015674396 0.334531151538367 4
-4.359545419978546 -0.6408384975158595 -2.6982910061238945 1.562879426261718 4
-3.887333334227518 -2.232531105785164 1.2980086013683798 -3.4012295384717954 4
-2.5095517618852456 -2.2212792564943324 -2.1635978985214246 -3.9592983211806785 4
-3.3205029190626805 -4.391673993921112 -2.6112557351687222 -3.309248926322434 4
-3.460641325751267 1.0663223356147309 -2.760873367728995 1.6692043132180527 4
4.268305915362452 4.413105014048045 -4.05450230165039 -3.583308462766052 4
-0.8185131416424457 -3.033410165580552 -3.2924372572954113 -1.6511299113767937 4
1.2488558162987635 -0.08725188106136572 -1.8112472023325317 -2.204425932150245 4
4.404687995559883 -3.912262135633978 2.254829880891746 4.482205089822905 4
2.549109944824318 -1.9044135240165547 0.3058013126591623 3.9978244612254787 4
-2.327232419310834 1.4625411437940836 -0.9305089908654179 -3.5398579787755793 4
-2.28543133508132 1.4927320580326893 -0.8210355347714642 -1.83485003926776 4
0.15577665482059888 -0.6831991040773563 -0.05933733939739683 1.4133930922478086 4
0.4921902779527708 -1.9165363207233324 -0.3505480276283264 3.9164446087004303 4
1.8591723564568103 -0.7662881759979238 3.462883400694419 1.8177983564957745 4
-1.2550899556269697 2.95791223100164 -0.09283578871905773 -3.314814463669888 4
3.824702207578729 -4.085934202014328 -0.9268769990012995 1.8396138546105631 4
-2.40635706453211 -1.3633256745669309 -1.9360303150164193 -3.5641073021092162 4
2.8346983143322264 4.369422848789678 3.671086117595653 1.8814572883399012 4
4.220745342033166 3.644535109949342 1.0374878397158747 2.632490150480249 4
-1.830993614423731 4.428101190730267 3.020814338251281 -0.14886901646078998 4
-2.255219630491939 -3.54684460605991 3.43069426268496 3.7477710963099486 4
4.0585734994985465 -2.3992177007871334 -2.0560401411769673 0.9679082381171484 4
1.707914385699754 -3.974792769174702 0.23925625938422257 0.34151201236712203 4
2.0763818921472854 3.4354819110045574 3.9389678456810584 -1.753301675762739 4
-2.0480679408063374 -1.0884879353031431 4.350905804111186 3.6191809332380886 4
-1.1313343501117554 2.239094317861198 -0.3714940024784763 2.8570793725634953 4
-2.3597348171486505 -2.953322108571213 2.421422948881265 1.6010547265666912 4
-0.4563751618103573 -1.7597843336041246 -1.6214949955516116 -2.7319410736114147 4
3.0527021003278714 -2.360323565859251 1.5437492708918237 3.086759667609758 4
0.021505117403353036 3.9832523972813734 -4.353724901903673 1.2852303777766085 4
1.2059792797019466 3.3056046491621833 -0.5141427784000879 3.582789796142852 4
3.961887204192906 2.2568837569771674 -1.6067436223121527 -0.23233668962740428 4
1.796175542022762 4.2116900994380435 0.13290393631667696 -3.2360443076605234 4
4.449607106829115 -0.43360485597216325 1.9160307242901573 2.974287106088636 4
-3.862171996342125 -1.8648537170353303 -3.978816507933658 -1.8775006151678753 4
-3.128807648810426 -0.7426226268358938 -4.157597866184479 4.108896942194181 4
-3.318396043740696 0.937060236187938 1.504519386334412 4.177803775093034 4
-1.0547274675793132 3.5584729585938897 0.2834485049817702 2.718616715060525 4
4.210152046186517 0.42196411502479947 -1.13027414508234 -1.3156287068462318 4
-2.0265878711916305 0.8300737688565312 -1.095589646053806 1.420759203537854 4
3.5708504240196883 -0.8393998874782655 -1.26492164080513 3.6033070644380305 4
0.46870449022773764 -2.0551250915446873 4.349473785451398 -4.2261613619669465 4
-0.4010026549497572 -0.8845781815836122 -2.7573903863775318 -3.489750066713526 4
-2.264278814253261 0.05279745442777517 -4.118723576177011 -2.4503310598744217 4
-1.706572566181697 -1.1426862250732728 -0.47886011667826966 3.032913287598154 5
0.22473398028837832 2.2553552063608873 -2.503583725410035 -0.05449269904018861 5
-1.498432807878522 3.817428899586872 3.86656865502079 1.5049323610800744 5
3.2608669215231214 -4.0617873362202435 2.682711177803977 0.45894573166937613 5
-2.217217281688595 -0.48478038606718266 4.32419812956567 0.7979593921332678 5
-3.5583490013177332 -1.3637160986985264 -4.090403574336676 -2.7181548005418463 5
2.1608777305591422 1.6246303302854328 -0.8570373393856683 0.911494553163987 5
1.1014598570940435 1.8947556245011108 2.447377806680639 -0.7822248668650236 5
-2.6556868173626844 -1.424716966217411 1.8905247451411982 2.6088255279821246 5
1.5861823404971658 3.413112867281944 -1.644658224750155 4.313432160322367 5
0.3931024844528568 -1.9557031414901704 1.3469084571225203 3.4289825470751807 5
-4.227882677946157 1.8930314607679202 0.5034391992774605 2.1744279643709135 5
-4.429043068424036 -1.1458883716110404 2.4348965545472883 3.6742354131112114 5
0.2748349310650362 3.7990031559047375 -3.146852188157667 0.5245508175232363 5
-3.6945490947038993 -0.8465191022854465 -0.6445933820472934 3.8084311905636623 5
-4.28118120260858 -1.4165011409256871 -3.5541477517590074 4.3431649981282145 5
1.1000795295581542 -1.9883884659426148 3.3790619168396665 -3.835563465921763 5
-2.6122504530992843 -3.4586709000561573 -0.08130253013572997 1.9580355019127331 5
0.6942621961830763 1.757430053142174 2.143363911219508 3.6584471271412875 5
1.5476142653624012 4.039749186484566 2.6987889202407986 -1.7016265769031946 5
-4.475671074958476 1.324769885046324 -0.014086927237928593 1.8160718664226865 5
0.903530133878756 0.7986564897325936 -3.254068427720837 -2.754082821598224 5
4.1649328785621815 -4.348154939669643 -0.1706179670111464 -1.8157878116503856 5
1.768341876313051 2.823107847316771 3.2630332480568542 0.7764958936855616 5
0.08826476959425722 -1.4943161736287176 -1.3620132205346909 3.139497230439691 5
2.6175614690466444 -3.6248136693081783 2.7439060369881494 4.485193893893426 5
-0.5216792604306726 0.17957137113754384 3.1257691950036133 -0.7698911867488829 5
1.7456076984109277 -3.682028411708315 -3.3525100640701035 3.065768173804301 5
-2.4501644861592515 -0.8072859357888693 -3.962178738356454 -1.3475591338963124 5
1.1096520571811759 3.4826470309567576 3.7776418269414638 4.146898261005906 5
1.0694355141723884 -3.2988467615855903 1.2650813416909656 1.697834852853422 5
4.3252211950855415 3.3460716127994363 -4.117909601470298 0.1303230698059309 5
0.02448685030791642 3.8011318361696973 0.4218136092570708 -1.439093284883 5
0.37242714381422193 3.809754611002468 -3.882628487215041 -2.439831602480454 5
2.9690763174300887 4.2145776926486755 -1.278144568249233 -0.5837221213530334 5
3.7780452970034255 -4.175695643142875 0.8183405298021226 2.0015236682841273 5
-2.9270519625515403 -0.9977879060893281 -1.6413131405344847 -1.5394161607291519 5
4.069284275658787 -1.7997397247166338 -4.322775215486667 -4.132126259153836 5
-3.0557912050115905 3.4767419947790392 -2.1796047512231724 2.16220497907461 5
-0.4824502606511738 3.6708803491889346 1.1548244733652098 2.4281011861005126 5
-3.0579258031187107 1.4500576035728954 2.4202749259333958 3.209107209023711 5
-0.5376262245345736 -3.8116190787274316 1.982873393881952 4.311098271007405 5
1.7681683018725054 -2.273411200147617 3.589426973716356 0.780454496009108 5
-4.14346029678434 -3.9605013157538407 0.7934190344205456 -4.191596636829934 5
-3.950293166398914 3.669596617365355 4.486739199375188 -3.315816023704724 5
2.158955260461909 3.5825612149236155 2.1631247696843277 2.8891367561187797 5
1.553240801668692 0.26045936127794844 -1.142509236253171 -2.728331508012176 5
-1.7599827208735956 4.481660261958061 -3.6111610188850047 2.2374540524662003 5
-1.240298469545496 -0.26415945707481414 -0.42611823714873887 1.9234598310102209 5
-1.0957934256888442 4.315742364019127 3.7386688396662056 -3.18074637464049 5
-2.928074531444948 -1.5481079918272829 3.772539006514197 -0.7953618644240699 6
1.623137994135014 -3.931131434952324 -1.7525969109243986 3.987560345425012 6
0.965244366103869 -0.2011814741122553 4.415865233457595 -2.7099700400929665 6
-1.9440002091410902 -2.354280471683478 1.4115451225678495 -3.5415421760604566 6
0.13061468968881063 -1.188651775166628 1.3582260347175517 2.9458190499826475 6
-0.3913209786361018 -1.4627035641218407 1.6604869187166085 -0.7440017214366382 6
4.234443242363798 -3.299045114289564 -1.052402763926074 -0.9618982629892464 6
-3.6287644213946324 -1.4094744408817554 0.8074063619363084 3.43410543065246 6
0.8192421078344213 1.4325882466502544 3.8615954154189107 -4.0182334181341375 6
-0.9246892754876216 4.49350194529954 -2.865398448188805 -3.4899811575454036 6
-1.3329630342626166 1.992660011639572 -2.7599882330977743 -1.3805297045174538 6
1.2382442507771358 2.817484769227146 0.05878514360361442 1.1651510430823697 6
4.28603097108438 3.508142908009862 2.089279972257313 3.5110038724722634 6
2.3810577692193773 1.7842363003646153 4.401795935068117 1.4657083070140784 6
-1.4805164729169034 -3.1708297961396337 3.1082806680098667 2.5023496223222903 6
-3.9362759724617122 -2.3228846621866364 -1.7322116470315922 3.3812304321143074 6
-0.6094666693683125 0.1979664626698422 -4.11513175846981 -4.496693906236879 6
2.4577519864938444 4.128668307509336 -2.036406335503822 -0.3411222333529511 6
-3.444115676536701 -3.536962738255876 1.245266055006096 -3.584067601099097 6
0.8072525071219567 2.2085826655256366 1.5570912045135599 2.716342803537251 6
3.133353423122864 3.9224887219510967 -2.8321837237856986 -0.7638727065138553 6
4.3508361803457785 -0.901784769979267 0.17986490957978796 -0.43373683723967416 6
-1.0769833482518418 -3.1697219097245486 2.698469377996236 4.144701583073977 6
1.6644099481520347 1.4108576259675336 2.6905784760736196 -3.798064639117579 6
3.2585633626608654 -3.6246780469112343 2.7444201494321443 -3.9006330098800395 6
-0.02000782957192393 0.7297373670485676 -2.37626653282587 -3.122127928478495 6
-2.3259866396407345 -2.9787713448375484 -2.722328038385231 0.2548361435161556 6
3.236227527776593 -3.973185699879971 1.5452087184976828 -0.2671084589756312 6
-0.2644118647373441 -3.4574939882920326 4.1372607512631925 -2.3373691197285003 6
-0.3864711480176938 4.3196609370807835 2.3682620722931365 3.3316396065643366 6
-0.6866428189007447 3.2141242575411058 0.5585949967924722 -0.39399748234602194 6
-3.444159922351255 -2.058731309143223 0.8656600210131928 -0.6407120685569135 6
-0.8658653339939895 -0.9016907399160233 0.49674494091032473 -0.7475944308407858 6
1.5424513080313782 -1.397536853620431 -0.8957726073527937 1.7581182132557684 6
1.9239018156901473 1.2526820930285325 -3.664339082388288 -3.0011213454406125 6
-0.9075496927070422 -0.6141588511111267 3.1607862454350357 2.4396961213366923 6
1.0307492982928865 -3.869620288698198 -1.966916454350456 -1.104579606008158 6
2.901660645201213 1.3807904500227322 3.834238559656325 2.8626950265647517 6
2.037082179760517 0.33230700974151395 1.0291166998166776 -2.5065883907733806 6
-3.5057060010742975 -0.8546794803274507 -4.101732258162574 -0.6186793784229165 6
-0.8516377543629954 -1.6106130896110478 1.5536442533171568 2.956324414660664 6
-4.230447075857255 2.1352881833682957 3.1742010516804244 -4.205016888359729 6
-3.5119398774374937 0.9567731974057662 -2.3025866954680856 -1.4481487037033727 6
1.8289574682049419 1.2130769064032527 -2.8014101013655273 2.7267784052745405 6
4.132280267801775 -3.5703166042337524 2.4071918677644826 0.151497363428737 6
3.304504431946792 -4.2372878863597805 4.3463383019626995 -3.2034731301824197 6
0.31425169434375566 -0.861807438546671 3.59686532994902 -3.4518307125427548 6
0.21765474354382375 -1.2141011064599119 -3.0313646503729137 1.7659728022555692 6
-2.7848977655393874 -4.327893922961792 -3.513872771624796 0.5926058587683978 6
0.16334832412056877 3.084991764163581 -0.7178981717461176 2.0562656898691336 6
-1.1410563982968527 -2.4942256378651777 3.6060771492797863 2.428843632021498 7
-3.7752119687534034 -3.7322016919316696 3.1472088877906947 -4.203490963218909 7
-2.5074319833650502 -3.5998734517060034 -1.708240515802172 0.13889778017699128 7
-2.1146427147196616 -3.9046548409474076 -0.7564201683319848 -2.418705423182804 7
-3.909556195110669 3.206485616605037 -1.7291331183597904 4.008878733524451 7
-3.040917653620501 0.5371416524110317 -1.852372081157836 -1.3148630083819284 7
2.4610999000412748 -0.3923139119484004 -4.466612036249832 3.1056986455008704 7
-3.1196800992658886 -2.703634720918971 -3.1064336693858103 -2.6627015203764657 7
-0.6031421434693734 0.25410680260682184 -2.20261934617177 3.461598511603584 7
-1.355037371563186 2.533316402111952 -2.6419372987831675 2.6777372478114594 7
2.259194839707586 3.8449062663580613 2.772444062906141 3.8431851190775626 7
-4.2394270587573555 3.5612216208918306 -3.459948177597174 -2.544489248959518 7
-0.9668809038406406 3.4053524584199466 2.186084628726492 -2.7359932114733487 7
1.717062985408766 4.386138813665713 -1.9230340781389588 -2.9993257789977363 7
2.333542065450013 -1.2190983660289205 -2.9457298246045562 -0.1660198083461487 7
0.009568555512768917 -1.112497603250839 -3.512852440983373 -1.6047214338274 7
-1.2157934758088569 -2.1518595055704623 -0.660654813610089 -4.279066951284202 7
-0.036267341638773654 1.6356595056242509 -1.0050015017299265 -3.6528980752303473 7
-2.003937558252808 0.21941829969497983 -0.05779321968440998 2.9316436970138673 7
-3.4435773524649855 -3.0613924183122783 2.8657994596360847 -3.7759633601633955 7
-4.078742807590301 4.236582984935696 0.9110498190706817 3.0112774377411284 7
-4.46525683640765 -2.8927802874810933 -2.3582471135882823 2.357338603046392 7
1.015800778052931 -3.7676736103202524 3.5168791180508396 2.7551173629639973 7
3.437068527871491 1.9765814205805934 -3.5342907163604593 -4.418460004298536 7
4.19750974294104 0.06871992516688386 -2.7744830107033893 -2.0657039314803907 7
-1.796366851573615 0.4455051551574428 1.0456469155436354 -1.0415414228191344 7
3.8773684556817587 0.18685293517674473 1.8306632759532613 -1.3223253553055228 7
-2.0951367132391323 3.3965891025670767 -3.1101711781085974 -1.685791408625684 7
-1.1527312633878481 -4.487549850009008 3.458918037502215 4.126791098205583 7
-2.2708347975691563 -1.6358984174064384 -2.6323853933936836 2.596215483219972 7
3.2289972140871193 -0.37347149640199495 -2.0398613711411637 3.484183890882668 7
-0.4987144096982933 -1.4750796024010135 -3.010089484833701 1.493639268246512 7
3.4261031074237165 4.005240992463523 -3.742098617581357 4.2650399157648256 7
4.4270129623916645 -1.1093285973511193 1.8057001017648855 3.076341654645767 7
4.195327010644542 2.626916126678112 0.6000240542673109 -0.2087877246402583 7
1.5812023287984012 -2.2959946852191053 1.0969415225492858 0.25867360529503247 7
-2.5518846515021116 -3.005569579308789 -0.2755408036936232 2.335052263118785 7
3.8048094920282884 -1.8533100385515051 -2.896191405546587 -2.9594515666035734 7
-0.42215179096009403 -0.05437949411498866 -0.6134161441526444 -1.6132687555954859 7
2.5035443590522872 3.098114653977217 -3.8328793387827833 3.1002344317686097 7
-3.248345689662485 -0.6578607581003367 2.444425260249148 0.3952934982268629 7
3.0856939905191143 2.8622997518025457 4.313920835379321 -3.8465994010715523 7
-3.5782761739282525 -3.092549860188333 2.400023709250875 -2.1026664755181286 7
-1.7622117756053295 -3.8217683782499368 -1.1826097205078212 -2.526485533172392 7
-0.678032974434664 -3.531440653653763 2.601341023156787 -3.2018390818059057 7
0.6139583430286053 -2.280987541699595 3.0601502796175017 1.454198834068505 7
0.8678975881466043 -3.4422692138672613 -3.9687907925779675 2.7988355844013806 7
4.2829548157668 3.893050834716064 1.1498014454668148 3.6448408762050737 7
-0.9738275529180078 -2.320392652865231 2.2385007576777443 0.5500883468679734 7
-2.246416084317845 -0.1494581831784717 3.0289246255727797 -1.997547855289001 7
-4.140064782893547 1.257345954676143 0.42255055660107266 -1.8574486217693087 8
-0.8252738249422967 -1.103340846700014 4.213839519814578 -2.464233292421943 8
2.7842847434027855 1.88131914164961 -4.358355842965837 -1.5673064219658341 8
4.089004338534228 -1.3325738355387835 0.022584572728242103 -4.244733591929324 8
3.57788488184465 2.4297046762508 0.5332347003051662 3.368544974561072 8
-1.2831781356475827 1.09498892807932 1.8425897497500312 1.1067149068047386 8
-1.9028703811347398 3.369599253673581 4.103655756374262 4.124514004578953 8
-3.4881541450891986 -2.588090748353631 2.918398227329057 0.9696766264726592 8
-2.8527003712807097 -0.8727659783614021 -0.11011896452063974 -4.3801549807817945 8
2.207096640289162 0.2421670414696231 0.9563571560388727 4.401792678211684 8
-0.11091308815613199 -4.495086315927039 2.862909450216261 -1.4345582050408323 8
-0.6713844718045076 -3.928016026474574 -3.1315767746002017 2.5565275302043866 8
-2.6257207309066457 3.8915454506444496 2.1954403856856737 4.2034211278139075 8
-2.561416160910856 3.2250387477083624 3.37358125745405 0.5009636274516666 8
2.726040344052008 -3.0676838675198144 -3.5884417773173207 -0.14849407454435948 8
0.9514076154325094 -3.45904315285488 -1.676744513799147 0.11167633822355816 8
2.0509934253256032 1.2371604963498597 -1.7846858282431213 3.256406927780362 8
2.807447055219174 -0.18553905549730743 3.0989431258453997 -1.6608135854964967 8
3.733767790500446 -4.0558594789040425 0.8962321173659547 -0.628372281248513 8
-1.8640029147568682 1.9354733771865034 3.6818348132570686 -2.813751887163095 8
-0.7370170942679922 -2.9434378115595927 1.7795556160646337 4.233377950534949 8
-3.535103291143086 2.8560520031545926 -2.922520323932188 -2.682302144182171 8
-0.24171319380920187 3.4405530472719663 1.7435100480500512 2.5123853207242255 8
2.099602208850534 -0.8124641493233078 -0.08505850685460536 0.9871781863240919 8
-1.138400872598847 0.1407451198612657 -2.585858320693541 -0.21047194289406557 8
3.5015395787075576 2.135507217427511 -3.4913530721257637 -1.6072026725190176 8
-4.453623321578791 1.74742066232213 -1.9369826547214113 -0.4983717590782196 8
3.775566662152386 1.8941018355404242 3.8711372601932723 -2.8685910406694184 8
-2.906947965892537 -0.1483368531528717 -0.8875057803775155 1.0403749719868025 8
-3.237155838689225 -1.2690424949433114 4.019013774666015 -3.3016662761780866 8
3.934053377464659 3.809747768028375 3.7608895529380217 -3.7705159022934462 8
-1.954468330415254 -1.4433206025042076 -0.17332742555762015 -0.408691194925655 8
0.9019158131816454 4.16877565734342 -2.6135754401052402 -1.3728629869573725 8
-3.1697879934114863 -2.187750206819978 -0.4125125848644171 3.286903166195663 8
3.362011445616943 -0.07296991462489943 4.095577308362038 0.1703311077344869 8
3.590649830043285 -2.8303389222914137 3.3308981126497965 0.9735442710910148 8
0.2940172872422463 -1.5635733061556487 -1.358213922110921 -2.7522521314787785 8
-1.6511169609677157 -0.4781073244842078 -0.7817870539551167 0.20541854631462975 8
-0.602302958088584 -1.2838780828984102 -4.100009505663994 -3.1874295071623435 8
3.7347369328405673 2.085697668896035 0.9016598158329601 -2.4749856479055414 8
2.047922921983767 -1.8907789536724011 3.0359373847316773 -1.5575197520322845 8
0.6993848188515632 2.5126148997165063 -3.556492134720742 -3.7482247030021467 8
2.6603133168889177 -1.3992258532111896 3.9341071847860167 -3.4378171988230877 8
2.4378548091178307 2.1230450712695967 -3.2318121225414598 3.2639945213947765 8
-3.2264416294028977 3.293509217098295 -2.2114068275039043 1.4935626967897448 8
-0.5281067683763029 -0.12230596000201077 2.8505311832690223 0.9646257611717292 8
-0.4646773899180241 0.6106140132975677 4.117396891030644 1.8799460933475722 8
1.0905232263034923 -0.016383908133509206 -3.485236410867075 0.5256902389129191 8
3.3010968893318604 1.1496128057575596 1.963678734802655 2.717615163361007 8
-0.8871484562503205 -0.7497741878216013 -4.263107982443176 1.9699102374428201 8
2.7975475361605624 -1.366272515281319 2.9311273891750456 2.2215042984182087 9
-2.596906837958278 -3.965551307947897 0.11114231090038273 -0.3778113322007738 9
3.3842416312851675 3.7669180607131496 0.4447672496983427 1.8417932894394184 9
-3.4189183605287163 -1.4897363265349663 3.806228615692369 1.0533168957701249 9
-2.9216513743628054 -3.456913780567082 3.4905087565512263 1.8113116270115461 9
3.598800687000272 -3.988104667691801 -3.8849726030503717 0.007453710014596382 9
4.324370971221061 -3.631942253723542 -1.9216228651628189 -1.9334256468068496 9
3.2712358427422714 0.5985549629024643 -1.2966520390561422 -1.667405051995718 9
-1.1887426096391396 -1.4189186103735791 0.7074898210539017 1.6524135031820135 9
2.3162772891393786 -1.668840344961415 -2.0812555163093807 -3.332136396884568 9
1.4158702495542763 0.15593475164472104 -3.970721511589841 0.6817756052749702 9
-0.13530919357736548 3.6104595358424545 -2.8248285030029785 -4.416768051986706 9
0.4918055275823363 2.9417544274382545 3.849777713913337 0.33426377174916555 9
2.0301618069134046 -4.152984785469015 -3.667966377777245 3.086290009147368 9
2.4579904725487727 -2.5481677491806343 4.348824644611063 -0.4625940418405452 9
3.6283468216641435 -4.113682284520512 -4.117593525856576 -3.4420865331954285 9
-1.502351689731131 -3.602403474887214 -1.0651162801911105 3.4697037370398935 9
-0.21969794623640626 2.8802019228277658 -3.1676518865001415 2.9159108460242598 9
-1.816313763032423 -3.1415859242006254 -4.365213658028825 -0.3835017109277009 9
-1.5275966787279072 2.8249212772857235 1.299574268555113 -3.9565846617696323 9
-3.236544379805878 -2.453737958302484 1.0328647555483799 3.999637093226005 9
-3.8803323195596344 1.8513903959064693 -3.057660718770644 2.0665024473181752 9
-0.9429008081729686 -1.7024402057101558 0.9818450814918906 -2.8339525000869252 9
1.9676375130703674 -1.476202118937703 -4.444169267615706 -4.4164399454466565 9
2.049941458929762 2.8367945578288216 0.2888316825482574 3.985014686050742 9
-2.541034408880354 4.26436827161385 1.2986876471905116 1.9286986166436928 9
-3.038778468785999 -1.882431840089317 -0.055210617715166 0.7370004837111283 9
-2.8818423824981254 -1.39044909279299 -3.3626922720245687 3.391385583605677 9
-0.1794520096131994 0.19958282101907188 2.3471336580012165 4.483790575601486 9
3.182454380666448 3.505031179342799 -1.820493471999408 -2.4568400538354793 9
-2.5190652529718425 1.106046289671772 -3.3735450783479135 4.177887809544403 9
-3.4965354843115595 -0.3692712583613852 2.5279666616522123 -3.003078476523252 9
-1.5989981575804368 -1.6514932909175424 0.47417823997392505 -0.7760861273945091 9
-0.15674182459109087 2.068448719763408 -3.1366259297442647 -3.041343134730311 9
-3.8773560708684944 3.41256003918664 4.171229952706671 -1.7553223533805 9
2.1133239716750496 -2.9115054999984586 3.972953625155489 -3.8195039424142405 9
3.9524481817863335 0.056810016210497416 -0.3527726193612848 -3.333428563349159 9
4.498277203052688 -2.724664731293361 -4.45691353282945 0.483894663354689 9
0.31417378544881225 -1.887767616960644 -3.4749530566977294 1.9982207784031172 9
-1.762437983496781 0.8195884275059117 1.783047381362096 -2.9130038328195975 9
3.7954716018374994 2.7473747002125752 3.9756792893896495 1.9893906758924063 9
2.015472586511933 0.5325640389153199 -1.8182676225876304 1.8831038755571157 9
3.8006865330070294 -0.06874733978204284 2.0873724991338234 -1.4199630187413548 9
3.3644896050124635 3.0058347948896857 -1.119702937846867 -1.2680414311202992 9
-2.575481878785721 2.441029166693192 1.0495659919686666 3.6036913188616144 9
-4.390459587510671 -1.5945341620672124 -2.9412608739427113 3.3767964885268658 9
-2.433892997772452 0.06176662638582098 -4.251121591451917 1.4430473638040018 9
2.1316784551270698 -3.620912692970483 -0.7700501412927523 2.6215339700924436 9
0.13429981743091568 3.9457081952494706 1.9907830163781268 -0.17902973569334424 9
-2.4421810411534906 1.594270297002817 1.2947763305033706 0.01595817629950702 9
