500 50
2.4418857894007138 -4.3132324557653865 -1.3650307213335666 2.780665740440628 0
1.2028341143364787 2.2392349428475065 -0.3632653095711774 1.1351187433725822 0
-0.013436889276686181 -2.476830190222371 -2.667178522336163 -3.6569213570216426 0
-2.717434217163384 2.3447764097906285 4.279733705395248 -1.1939055449825728 0
-2.978002470937181 -3.7049416724339075 0.6865557114884375 -2.286611388408445 0
1.668238365310175 4.080540115754429 4.432128252702346 0.5964401544954709 0
-4.46446560304877 0.10973037047198952 0.15107800974559926 3.4329057117526944 0
2.8135886548690214 1.0127346014644933 -4.3927794393304955 2.07218888731368 0
1.9957978568861958 -1.8731153864643015 -1.6309828540855702 1.35002321256019 0
3.759967102616491 1.9311820505792152 2.9278989807544127 -0.5918578914946672 0
0.3828993121013514 -3.2204695715862575 -3.0884517998066228 -0.2037608613058426 0
-1.1399331595367772 1.5672025355971075 -1.5299291275667581 -2.3351273318370627 0
-0.5235014301930353 -0.5938740600003566 0.9716157908574389 -2.574228437925747 0
1.0599028062238545 0.118244182989518 -0.14685072364462404 -0.5032928055369835 0
1.353574637383205 0.9093505806408995 -1.2168184288145651 -1.2322434245195661 0
2.747008771494718 0.19482437154270715 -2.5735544317634744 -1.1869241783809972 0
3.677839927278014 -1.6268751991030925 -3.1121118385487234 1.8826809046916553 0
-3.6858658565618336 -1.7936994902741699 2.921123017063516 -1.9258310347719647 0
-3.474140743228052 2.9581319367690897 1.84831432126768 3.99244661840679 0
-4.077933125496752 1.1365843348025328 -3.279232741425095 -0.07541812585102647 0
0.4282754032731918 2.873582961030618 1.4179377689293355 0.20183761735504802 0
-2.7094721428906894 3.2116527221195987 -3.3263589524734027 -0.8717662696749828 0
-1.335126245111209 2.291829223768715 -0.7884429393826307 -0.6226320969491056 0
-1.8363446380828916 3.4554283160506762 -3.428222040777001 -2.178278027519284 0
-1.5703952595097608 -3.014856920527664 -0.26073556464802283 3.4091706089060816 0
-0.9672368044807145 -3.6588566289721474 2.5106053513889357 2.6636711676267923 0
2.889950920532356 -3.1396318232169254 -4.4602372013927205 3.1976314423227463 0
-1.0429699617702037 3.9983464101492103 -2.729346599960584 3.791806125310025 0
4.38862927411685 -0.39325907614694333 -3.458350109308214 -3.601374749211996 0
2.9351055945846585 -2.237632792136466 -0.7654215222151873 2.971154932188332 0
0.8763448340779586 3.6254858429846464 1.4249933973950513 3.065058385135216 0
0.3110215392163356 0.8118122668688063 -1.811437367480671 -1.8778145819075152 0
-4.146464094971514 -1.2853641722891735 -2.5234738332150153 3.3579975096301014 0
-3.7834821885963223 -1.7508607349146357 4.43278721984939 -3.3756202565372044 0
-1.523526192160812 2.4644726658953626 0.15049903487907756 -1.2956759183756166 0
-4.140367121790205 -0.634570394115255 2.6524099049235765 3.4868853611025585 0
-1.6656581534158053 1.2284202876079016 3.2662269364898844 3.1533199143733808 0
-1.3828756492797027 -4.11212379415505 -0.6103267359115371 2.3382705843894627 0
3.419236570661244 2.3691652842931292 -3.9581354537319076 -2.2764437649793408 0
3.402869784523725 -0.7424177054465974 0.8605756162278451 -2.084973907542036 0
0.9501980795438109 0.1211996466745957 3.9577801731145197 1.020634186320346 0
0.8805298316667628 -2.1400590498124474 3.926356712631316 4.015557584601989 0
-1.792158219533635 -4.271401961549046 0.9072592886314713 3.9264407116273214 0
-1.7724369541406872 -2.3213171213682537 -0.4915128111798105 -4.137129097968339 0
0.5182036979637977 0.5895631789935079 -4.011145123665991 -1.389892727682143 0
-0.223809773264545 -1.8648182133944182 -2.7046612022649934 3.5417733701125123 0
-3.92174045374658 4.309372311818784 -3.3379691054711653 0.14924312797797612 0
-1.442629407259227 -0.04456232205791111 4.3832138322258185 4.42451642690466 0
4.293726533304136 -0.5330355758940013 -3.080027970239969 -0.7673278000345821 0
-1.6355447506894392 0.17817287287842132 1.6784579064697827 -1.290417849614614 0
0.7032278689422075 3.185403754504377 1.411755416426944 -2.956225552266057 1
-3.88712453815845 -0.3192227299860072 -0.13556438422124484 -2.204453381341596 1
2.5375420675723355 1.9674252934402525 3.217878660387305 -3.9785312953857286 1
0.7741978204785827 -4.166150280890329 1.767451088394201 2.3485336368518657 1
-1.3440924784518034 0.5687161604347051 -3.314019055630048 -3.099808744854641 1
-1.8024311481789344 0.11100737946194328 2.8585433067591164 3.561704101344799 1
1.5612023275624847 -3.0672563995971585 4.337570608017566 2.1918444270073123 1
-4.045700968614021 -1.4596570164178848 2.44840301608098 -2.287224562334921 1
-3.527426044984927 -2.889874722860186 3.0798549369889825 -4.334168727256229 1
3.4724438655093515 -1.2117152590729576 -3.2103087343335357 -1.235952936938232 1
-2.5310758573841694 2.272465531967425 -0.9773540295054393 -0.5878162254232159 1
-3.5380837404578775 2.2014291669800454 3.134531148779115 1.8973022270034712 1
-0.2719323590355498 0.8843010415119825 -0.4465320486168828 2.1244299853173056 1
-3.171418269432321 -2.8436866011616386 -3.495200927398503 -2.0494066880689545 1
1.3056491382141768 -4.06234794362935 1.9577727905430886 3.901039281223346 1
-2.262487429775075 0.3816766460520381 0.7292436085918206 -2.300201500122421 1
-2.459039910569917 -1.0672961858583112 1.659164820614156 3.728883227026945 1
3.800095082131916 3.8282118558099913 -1.7560339631396586 -0.22099562736320533 1
0.6007493211749996 0.3012379649010237 -3.2489502030590574 3.078364144507905 1
-4.366259778300947 4.3010933706180445 0.6126924352120311 -4.213019540888691 1
0.6572601362986726 2.625812966489616 -2.767817403325187 3.9582742036939322 1
0.5540162424873204 3.3960171740844123 1.3510263065058044 -4.227316329795848 1
0.7577624567760798 1.879648437320597 3.537898813548192 -4.377696344482011 1
-3.163198937791873 -0.6439433492889322 -4.3901038560037575 -4.462843888821066 1
1.7450105970817051 -3.5584222992943215 -4.118611727634424 -1.0234898029072594 1
-0.5435528600286856 -3.004180670659197 -1.6795941698608177 -1.5043045679910803 1
0.06280766337642618 2.871322777225913 -0.4703829535147298 4.343891192818285 1
-3.689039387480053 2.7006187562473065 3.0111041020567515 2.8071016530671877 1
0.5861371856202408 0.8041294051254666 1.7864550638274181 -0.12021058288212672 1
-2.7170940850535796 -0.5749357019504913 0.5636634289927783 -4.182298259987444 1
-1.8368661400124637 -4.161980916524901 -2.359511413515891 -3.335310997080558 1
-4.2238364366434835 -0.4220549981888989 1.686504330472821 -2.5638024499482346 1
2.2037766925506097 0.5156586561275726 2.9298058343573534 -2.368535283736157 1
-1.0339776039106212 -2.9873448222064325 3.766453414024256 4.353319282768675 1
3.044351886333236 0.8914661771534336 -0.06773308019535984 3.3894656218083776 1
2.5444333642047403 3.136582637052431 -2.7023515382093977 -3.7208465232688495 1
0.9284667827583134 2.529545555612539 2.06161979586371 -3.536860922986828 1
1.0416318843021237 -4.309513279450605 2.819785316028884 2.4548118788813413 1
2.254181494387419 -2.9156208004467548 -3.977404734766924 -3.234250223382966 1
-0.37337214386454287 0.11810436959020598 1.2329460267193282 -1.087590768785255 1
-0.1438119874185676 3.0994721508541283 -1.943684859499819 -1.2375838476219252 1
-2.9266749466009254 -4.368286124070751 -1.9415233548670887 3.4673118101514238 1
3.1388766463010893 2.184071195694907 3.9533966737363055 2.009648919050308 1
-0.3897221821184501 -0.7479143365556002 0.18475531257160793 2.127197223981399 1
-3.4494344014773306 -1.4518878030959426 3.2951910406954834 -3.864306316002419 1
-3.6480686333071226 1.9424778547618278 -3.3835667877362914 -3.5097235641873685 1
-3.8062313602556523 -2.6464476746792474 -2.423053671382407 3.354007377516759 1
0.6639860830608194 -1.8555160031660878 2.555018766263179 -2.089334749025163 1
1.4015406844313838 2.7321151296889763 2.2965984685707443 4.161374034908026 1
-1.3390784730323213 -3.6590366075060965 2.079394165704154 0.7759401532571154 1
2.819844753037237 2.563800464492522 1.6260597759913236 -3.376173137912065 2
-0.9592279880713614 3.2803127442175795 4.210854907112984 -3.7384069088829124 2
-1.043723086958408 -2.1842740151549656 -1.7547788221949217 0.8112982603763651 2
2.964617278445123 2.1274443345470706 1.0170241303417906 -2.6329641030327275 2
0.06840817249463449 1.2989395353727526 -3.7688904951136895 1.3679707106127816 2
-2.581320911592167 3.561380538332023 -2.097938305210655 2.134151648732571 2
4.193516263570336 -1.646985939247907 0.15745378157687295 -2.669050263631425 2
3.2899735640455483 -1.7074466375389292 3.5472769954799617 0.495442986278255 2
-4.272624491113646 -4.057243580036443 3.6070354821268387 0.9703444245762833 2
-2.8383584578716103 -3.8786999254447134 1.9651329740374526 -2.203491812933743 2
-2.1827211893591123 3.722235584136071 1.8453313136710148 -1.8750339862360996 2
-0.37935439223030565 -3.3280938946836462 -0.18477515683062096 -4.452720088880793 2
2.789024988601608 -0.8687714356740057 -1.2751839834599985 -4.099551349729835 2
-4.280106195151523 3.211479383649773 -2.5128241874445054 -0.5486407898548467 2
-2.031346628861434 1.881953676647915 -3.235177235563203 4.110687073306677 2
-1.2980489145870302 2.6487815564388075 -2.0709889148654783 -2.7436832350238576 2
3.101569750294655 0.3433276542596261 3.6790454590807298 1.865951446109821 2
0.5317786476293251 -3.3974101670632213 3.3036645909160565 -2.650348387155479 2
-1.1012227328332778 -0.6412740378386159 -2.3636840697664163 3.4426958714859213 2
0.10087781656918826 3.525863129421248 4.471014106866837 4.146667157113663 2
-1.7981044956538823 -0.9320230900939455 0.014652817131900808 -1.0225787400668556 2
2.639459097248527 -0.789515303819394 -0.8588697269685717 2.3115178038784476 2
-2.8361920500817885 3.062225844795515 -2.393230075265365 2.500888440059611 2
0.6234425973115963 -3.9595481500426235 1.2654414533693465 -0.3942574685427991 2
4.40025276776581 -2.4409590011823123 -3.5884903873477207 -0.27784705122550013 2
1.0323154168215267 -1.1877598724808651 3.8873357268285407 3.8806130158878327 2
2.7249834271342177 1.1480566743506602 0.8292949060314583 3.0544290987564766 2
2.8909482857843427 -1.9057217508700526 -1.728562969534908 0.35776953180008786 2
-2.0268438156650816 0.9094670201925901 0.8738305656973282 -4.277016235051395 2
3.9466277748840373 1.8656667840729355 -2.851523750176952 -3.5347192980919715 2
-2.1293715153891823 -3.3989767099649546 3.891642398345114 -4.150978235416025 2
-0.371481937291227 4.273312494570022 4.298860184569115 -2.3426579860841854 2
1.6251693700000023 -2.7607164094218506 -3.414684688542739 -0.5398281341117874 2
-4.079346955547445 4.073795430935615 2.5390822462793237 -0.5848125665695502 2
3.2278411392158386 2.951128581737141 3.339470778201887 -2.0283600080159156 2
4.175104705544546 0.8904280416540736 -0.23652123433501393 2.514629812986873 2
3.8782425226297637 -3.179080671491459 3.1480366383701712 -0.37336991090020843 2
-3.4743572212077702 -1.15173988043549 1.4102554610288154 2.4428258498426914 2
2.399041139138161 -1.6097217168153648 1.1618186638462917 -2.655840103718454 2
1.2423157321016405 -4.41701008497109 3.125465279415419 3.04411464852418 2
0.39118534627424406 -1.4602081780333482 -0.8047205936592009 1.4651942732894296 2
3.582218779645638 3.9663633463490093 -0.6547980227132169 0.7112074218197897 2
-1.0429033576178754 -0.9349398689346273 0.1747032811071224 -3.2914203774287842 2
3.5755195033741325 -3.9705986870833767 3.9694988171127426 -2.470697426944639 2
-0.8515864041338785 -3.3284201343217883 3.448462441870199 -2.314221185242582 2
-3.717275319678442 2.55567858263089 -2.3555981421748777 1.7178545534520564 2
-1.758839801880419 0.7565028529974213 3.3399287159266575 -2.8844029836836373 2
3.406195605839968 3.4271285455218647 -0.439450578260142 -2.8215401891433274 2
0.9085878652110875 1.3070497111562986 4.351312634459749 -0.09326721387369186 2
-3.990346174457044 -1.8226431272167036 2.9583517257622973 -1.0449420228651016 2
1.7259714681881992 -2.798734924299282 -4.021868660044165 -1.8795263690510287 3
2.7270678304520803 0.13287374871041524 3.976017782658579 -4.375029972526187 3
2.3155743628405325 -2.899901262446119 1.5261641501440195 4.2903722346649005 3
-3.756417378340565 -0.16135227249427364 -0.9847239913898109 -1.6738279907009033 3
0.2596849142591352 1.7667744462809731 -2.273009939578337 -0.9484080039721892 3
-2.6571454737282343 1.5423509696162707 -3.092893325700001 -1.6152340066526287 3
2.639423927937785 -4.124359687347351 0.0612333665656587 -0.226914640923777 3
4.170217551493418 4.278534454559995 0.9178842647737612 2.885502278576479 3
0.4559470579963357 -3.9158371583405134 -1.7218132154809953 4.145969344948029 3
-1.3928688912432827 -4.316130280696543 -3.0008428646856844 3.7263180987472353 3
2.707666288052544 -2.6286561168106375 -0.033060206039628115 -1.152138809092951 3
-3.210727401853362 1.7990458607632749 -1.165183892317236 -1.7428469320105253 3
-3.9784517459095072 -2.190531898359031 -0.6996311534735218 -4.474262494646531 3
0.09298606093960482 4.4573290633823035 -4.358354163330682 -2.1783814190806905 3
-3.181358886148785 -0.45436700161191224 0.16908109391465642 -2.751193550916276 3
0.9129633856452559 -3.6245475527410784 -0.13182234165544582 0.7205731186510488 3
-1.9013860751222227 1.9871991171666634 0.8418568461016032 2.536671339602962 3
0.45725457636853906 3.0471931354849855 1.019338725318439 1.3451824892587836 3
0.7229821632117889 -2.838854370513365 0.7335105759476398 -1.2160417559747665 3
1.0395190535268668 3.4825957962174936 -2.705369265369617 1.2876584218913647 3
0.15110350038397735 1.1352930221378106 -2.4912118662356564 0.7147736584258696 3
0.04553205800815041 3.6869631892789894 3.1425133619246455 0.5315110002562456 3
-0.7802580999188673 0.3192184466255069 -3.022785163829398 0.5993622166241659 3
-1.4162118699192607 -3.333809005710659 3.24617863121238 -2.7742318109480655 3
1.465395762599899 3.9210300179608457 0.97151962074284 -4.497295659902221 3
1.014562637361486 3.084646495047879 0.8968036928223327 3.6600503892707907 3
-2.5388240741744155 3.628545657569293 -3.364501568854038 -2.2193040394749493 3
-4.412070205922828 -2.467685460029087 3.7476684366848243 -2.6693262186157436 3
-3.311503854552118 3.6678865186444596 2.0886627596997838 0.6155505125800322 3
3.692075729937867 0.7295211642141441 -2.423450983912259 2.644955291016804 3
-3.7125625272848515 -3.4480850438304165 -0.23900851829762126 3.0451321372961493 3
2.4396412977706903 2.0951574191686984 -0.12820326650417668 2.5677495186726365 3
-3.71584478760739 -1.2828312169210379 -0.8898044029924785 3.1338413849849927 3
2.458904595770354 -3.316755585494195 2.6493854166556945 -0.2664584106115412 3
0.3404919046857665 2.2925120960425422 -3.2552402174268105 -4.36104155984114 3
-2.0472644160797837 0.5986529631659546 0.5479728993640576 -2.905546948085812 3
-0.20983526355004256 0.5095862328765549 1.8396366131391249 -3.620019760062023 3
-0.5333664832757902 1.7436362783572052 -2.5710635501859445 -3.800805871256416 3
1.964134622876825 2.3074412210603863 1.1690715132370046 0.06151281371400408 3
-4.1641019188979485 1.6095185720368321 3.4241580158719445 4.241574074353624 3
-0.20501279182859045 -3.5984575109616106 -2.8994922671568957 0.8427980576130385 3
1.0277661034322132 3.041230580695765 3.4641266718042463 4.228766257300247 3
2.105046338929501 -1.6059097555928346 3.306280533778152 -1.8696718793009892 3
-3.8893022002178967 -4.164027866421547 3.548392781819061 -1.5274691915833611 3
0.5321277356443389 -3.0523257065830696 1.2817346229084108 1.8055843251619708 3
-2.0890063286811733 -2.3785923920760275 -3.9428792626497073 -3.257679676232436 3
-4.325872845439554 -3.1348221804451875 -1.4018523343746307 -2.7142479805927873 3
-4.194877381806944 4.336513722790904 -4.223699418746217 3.6304169121808165 3
-1.2556322086134717 2.9291807570581523 -2.0321241761545745 0.09918956276133606 3
-0.7898633233429025 -2.221387683210541 -1.3420828763964812 3.6525989798003913 3
-2.369602111678556 2.4580403934904242 3.8837395791441183 -1.9108272135809208 4
1.5413121461306847 1.856977966806003 2.1729811894761095 -0.844014566879794 4
3.178398718713619 0.19844610152407105 -2.1986189602905384 1.2641416320201833 4
-0.5150731201069388 0.4837359712995334 -4.164534677645571 0.4265508710693833 4
1.36795363565499 2.5969848702771623 4.185224047486794 1.6873547486227989 4
3.530425065234191 -1.7180535718885164 -2.01233463004023 4.416023076086752 4
-3.2795120495963763 2.2583398665976855 2.787976688531121 -4.449374966590206 4
0.24149899383368212 2.562647226844267 2.2627883945575578 2.434389565777005 4
-0.6306650742908494 3.0496192885217344 -0.8558313187333237 2.5031684773278484 4
0.3361862288126658 -2.246184601648431 2.8524130075412506 -3.288243776403875 4
-3.969953897033036 -3.672456435831171 -3.924414675562704 3.0259857683875304 4
-2.9322005117269825 -0.546710844615522 -3.4556741360925214 1.873173047974542 4
2.7984080256759523 3.6936191124570117 -0.40250020753652693 3.934511696681299 4
0.6848164081078892 -1.879610131976857 -0.16166750489367043 -0.16508633409199125 4
1.36607734603094 1.2412863068001125 1.6412143227065092 -1.0698166962816624 4
0.032172657455975195 4.189974440596166 1.2264141901675787 3.33550541440181 4
2.760220346494412 3.8566742076325546 -1.135274375730818 -4.153027294746779 4
1.0254161399799415 4.3380352470879116 -2.2430619269682603 3.3300137854801983 4
1.9348916026079355 -4.4220665572443805 1.2708784457855233 1.090150169699338 4
-1.9066897710556996 3.072587917516391 -1.4377205173422973 2.6794456485711313 4
-0.5114062167538737 -2.942552488710567 -1.8255882056862127 -4.086680241853659 4
-3.469255989963628 2.6809253641910766 4.272449051570137 -2.789419843774365 4
1.3401463630105241 0.015713983322964475 -2.621830421544824 0.5446149256831221 4
-1.9292381259105134 1.2302624563685247 -1.441763476933446 2.0312148430475534 4
-1.1849228520279886 0.3558468901702674 1.4502757595068991 4.221175939975278 4
2.3586012178188827 3.0589873303894244 3.124071809757142 -0.5575381866063982 4
-3.5553832918048083 0.09568177511324172 3.281591298424911 1.3391367958817832 4
1.3093979646975815 -3.122398671726068 1.7436964114563653 4.211527103743558 4
-4.484163158060762 4.203411779070453 -2.3093766019629687 2.5830048885545294 4
2.7707987993858305 -2.0333916957287563 1.2851222210969393 1.4947991931262998 4
-1.9881935363508667 -3.4138832272021964 -0.8602104901009927 -3.372907322008202 4
-0.17380561508228665 3.8907178088630623 3.0349440587864884 -3.0093239715147293 4
3.7343468319144173 -2.305124136217701 1.0823920982012183 0.21792324532749452 4
-0.946275332257135 4.2321557720393015 -1.277839004454508 -3.484975226314694 4
-2.0194232975661475 3.9406449677977236 1.4950956248988763 1.5519003858302507 4
2.421109413211558 3.462468192954545 2.4370587908234946 -2.2417705354261135 4
3.339044777196003 -3.181761366958664 3.4197242182923784 -1.9292592661188581 4
2.602699091326587 3.6830002110435878 1.7764847439492149 0.6705581450671342 4
3.0435349367763456 1.908280677484461 -0.9857841062607416 -1.9285588343884803 4
-1.7335852331628203 -1.315939007061096 -2.7408694563781157 1.4982979418457854 4
-2.3728194429859952 -3.69169524843097 2.888714078877075 -1.6832738989231306 4
-2.7496964311016563 1.042270878304051 -1.9627834139453362 -2.849458836227584 4
3.8887530800859835 1.7197555480479876 3.1191590737853656 4.257471596103222 4
0.565623420338307 -2.12619784128712 -2.6017035808210696 -0.0069806867854622645 4
0.24432192796469876 2.7394462323817597 -0.46822005643323394 0.9020439143117649 4
-1.844316954846012 -2.849953044964492 -0.10981398580874002 -1.7367943505974166 4
-4.3224078644404145 2.1898910877529465 3.116466407812766 -1.871183106999363 4
-4.155359362327471 -0.5968829792353628 -1.5962442567809714 1.1171757714028194 4
2.988762851814738 -4.3788729735021805 -1.7866234190007364 -1.884561402742726 4
0.08401852362724782 -0.18406169872872447 -0.06266234052645647 1.309882784181009 4
-4.233105532820446 -4.397143258583403 0.12121360547615634 2.4232706558931856 5
-1.5134039978895508 -3.9471202925523454 -2.693752981891847 0.07322599569835386 5
0.8835615725082696 3.4732822817036095 3.4425014758565284 -0.07944539151634022 5
-0.7907960217245338 -4.155550209880239 4.087104575045629 1.2928633765505257 5
-3.772418365882749 -3.7627691192833628 -3.972610798397499 -2.363336269910197 5
2.784306004393814 2.7062460259649814 0.9656536114054329 0.1382377003596572 5
-4.34781169780763 3.2516489270755597 2.3289610320856506 -2.3853493975762494 5
3.7017020191720356 -0.8921098382835408 2.4942937494606534 2.4355515843079854 5
-1.9179837149606302 3.0874039673745473 -0.5773665024257882 1.8355925079114845 5
1.053400976796748 -3.234611458931452 4.119520225456636 2.6517382837803187 5
-2.441199476556757 3.0734817405767636 -3.517016237220541 2.8747051039697937 5
3.0992262615737833 -2.518686059574252 1.2197780447750954 -3.8809829119463095 5
2.800238757769458 0.32358180500204037 -1.0694117841331257 4.4297180386316235 5
0.9938560408418988 0.2148289481365352 3.174499586465048 -4.185275389873359 5
1.2566623364600638 -4.453592867694747 -2.437246861464795 1.2420821600115712 5
-4.277350949259424 1.7102374678414112 -4.200377319740491 -0.5088096335825296 5
-2.9556628239400795 1.745376063197908 1.026492192244662 0.9443635006623436 5
-1.9326093919036849 -4.004046712964804 3.461384841342726 0.1688086079196648 5
0.7400061232740845 -1.8376314609096407 -0.36371779081976296 -1.643917680736668 5
-1.5946547798222581 4.2029044906949675 -0.41694194470818413 -2.751483735736751 5
-2.7455880169522193 -1.3734314536894736 -3.276294506327129 -4.428703414565311 5
-3.563873414003618 -0.8839633277295995 -1.882367509266738 2.85461339639558 5
-3.6643711942143797 0.043594258155293164 -4.244782568300477 1.759136715270801 5
2.183316668502667 -4.452385417475554 3.8675635651704106 2.955468273047738 5
-3.688549480394813 -3.994344171792537 1.7070844217180101 0.003655735487439915 5
3.458930970297901 4.370272709875655 0.5895548831763157 0.10804227197359761 5
0.1815721706474882 -2.7142431342048385 -1.916269783555013 -0.08059547106879439 5
3.900134844747172 1.3913838300792323 -1.7615931671383913 3.7821570039189893 5
2.6261257244407834 0.10094110750241059 -1.1689807186856842 -1.8958782409587536 5
2.5939070314129826 -1.486829414926195 0.5368459679140737 -0.4631664496098179 5
-3.480721790243493 3.6433257903254224 0.7445383308449863 -0.6142905025373493 5
-4.461984778424337 -3.8384650745391564 1.2660062819313604 -4.164467213531739 5
-3.309377724401739 3.9793492734723004 3.2214343765286606 1.0540699795047095 5
-1.7736328238163983 -2.5801825393772715 0.20880324245162019 -2.128317220421682 5
-2.1990370273602684 -3.636719398850581 0.29591126300084103 -1.4803825248316957 5
-0.8838190530081298 2.079248763201295 -1.7338756881741697 -3.612688626750748 5
1.3338894171743179 -2.2423897724893287 -1.1041509628041697 0.7530558808967099 5
-2.4530497744335467 -0.03765457493578206 4.206695535714527 -0.5558848649516231 5
3.282884701046808 1.2065737781056183 1.656937786898185 0.17113137304601989 5
2.2904322741743828 -0.5658912785904138 -2.9343761354008904 -3.440754276912461 5
-0.8980911878149637 2.006246825507289 -3.3301543965672193 -3.763520268451901 5
-1.1486827852891686 0.473382273593704 -2.815887256191195 1.3708274776801168 5
-3.775827443785277 0.8484801039318062 -1.6367445062236863 -3.9417312940326186 5
-1.9717067976011353 2.182028276829607 1.8694549373468812 2.2714233388389418 5
-1.810555230125852 2.3178301575404543 3.378750988455147 2.403747508142626 5
-2.4627587578304397 -4.460331195692376 3.2002798326134876 2.702864304337063 5
-3.2419774711152374 -1.8381266798385667 1.6472087474830808 0.2868860438588813 5
-2.73965565374319 0.4399383405860242 1.8288988643885562 2.048478886836666 5
-2.610070469189587 2.506429532508319 2.54361472953239 2.2467279405509673 5
-0.13788087261951765 1.2540635345095512 0.8568234028909607 -2.3838355223538414 5
-2.990733233087495 3.8221434340405933 1.4866469603400554 -0.6836621361935384 6
1.9560595622697377 -3.1066774965164985 3.4261619144983975 2.665987874698031 6
2.0127024523745396 -2.8223106675738805 -0.8979707447275431 1.740639350183241 6
2.966981087191289 -2.7302241299422105 0.7907368201403728 -2.564027219347183 6
4.151706022005443 0.42837826334812135 2.9729410844463224 2.4428641490808785 6
-2.4942276023754584 -2.5854597853727026 3.3043278473888544 -2.735607366788275 6
1.1518916616579604 1.1994851623495681 -2.3973479888123874 -0.911854375648492 6
-1.7704886644272437 2.8473097630811988 3.9450835279504983 4.404034086947009 6
-0.7284895469199508 2.8247245671059105 0.6285388643356524 3.885467184314283 6
-2.1130634649507205 4.35082924263138 -1.709276617115929 4.292224929680176 6
3.350747903939167 -0.4632786957154901 -1.2345718235769727 -1.1294058676629053 6
-1.4815394113735492 -4.232645514149415 0.969981863664948 -2.990989431765079 6
4.418430737846189 1.6285457234753031 3.2524506452490836 3.794586792992022 6
-2.797576322385659 -4.094590054525442 1.072759105329252 -3.3873359574258837 6
-4.381744091737509 1.4562955496663605 -0.5056666958456553 -2.7110066876381027 6
-3.5323888977312494 -1.7103812462578079 -3.2303193616379744 1.5397752727648482 6
-1.7284729653557096 -3.4427499645164543 -2.260086802341803 -1.1700146460871732 6
4.022382787155003 4.296514943120445 -1.3795843124895555 2.9242187301086924 6
3.64031328841838 2.6656213451853183 3.0748382941755064 -3.648651838577999 6
-3.911135194189548 1.9533476339723193 -2.0393646261819054 0.03486133560584348 6
-0.3968060914823661 -3.136646583445487 2.6533571433830776 -4.321586957515441 6
1.32048175610124 -4.236888853083622 0.35478383931722424 -4.091180799800625 6
2.2816878525904687 3.5075965148113895 0.4298865230085208 3.9427500581381416 6
-4.4065796465056 -1.5531494147402245 -3.3478524383417883 -3.3780869971938774 6
2.956419823252401 -3.486621654356228 -0.058159147619681995 -2.053452732419346 6
-4.277738358776595 2.8291817598503917 -4.3788542155765215 -3.348112442777527 6
-2.259852552223514 -2.2572306393378083 2.6279880743605903 3.9520678679829975 6
-3.0758687994578953 -2.015496462984996 4.326280357766987 -0.17783698739719078 6
-0.6416068898369885 -2.174203751359762 -2.9976787703795327 1.6215297106578672 6
-1.1974766210503023 -1.356339660323031 4.041393090017639 -0.45861291039850505 6
-1.5026779760640663 -1.7696952200233813 -2.4067175310280247 1.9982388762174814 6
-1.6638544246148084 -2.0679734034726622 -3.2219247880869504 -3.59827933171066 6
3.602651568771629 4.202767829644047 1.1810008787006145 -3.652436592533829 6
3.570286926074992 -1.1405215818300358 -3.265564016824064 4.055178781253526 6
1.3345129464482142 -1.6970236608486995 1.2485275860776979 4.496848908336107 6
2.789748917295328 2.7429560703793454 2.5025085976441064 -4.347225415762217 6
2.6497591980330304 -3.4970834445177577 -2.628196815427079 -3.355013051515474 6
2.8043832926996957 2.5159710473690264 0.6502609333017433 3.6837697226435937 6
3.4657213958787514 -1.5982105335904153 2.7280366328211683 2.5902856568619157 6
-3.5355111143401414 -3.048752184587281 1.6714765299160796 -2.4263065989099775 6
1.5550772531658206 1.9273490401910462 4.0294330196214885 -4.065279464869083 6
-2.364892173175055 2.751456316319416 -2.3525481834357684 -0.0678867703528544 6
3.7646666765838366 4.361596615969229 3.090114118554969 3.09797324532302 6
4.473424305183896 0.14331564596649693 -3.3462026640917166 2.3273405906306017 6
1.8007587775546596 -3.8109710230272413 -1.8820411181782575 2.379007685645293 6
3.610273470764851 2.8222438240054593 3.0309769620131766 -1.107766371073295 6
-1.26844458074479 4.281333633836769 1.77958780404591 3.779695749791067 6
-1.02612512703424 -4.3541154720806015 -0.2819009469003174 2.084491154134214 6
-4.331929901730253 0.3972558902593958 -4.4077766351443755 -4.104556817846557 6
-0.5116831449005238 -4.268698672976296 0.22202097061808757 -1.8820662753650903 6
-1.1852593689713578 -0.7171154288018707 -2.733567875131796 -3.184534263542583 7
-0.8513643487304167 4.48269898183823 -2.123614451423314 -1.8560680669544207 7
-3.089921621022895 -0.5673698388556251 2.057481671186394 -3.331721597536883 7
-2.0679061112115797 4.220670929396968 1.1591349681976402 -2.7639072328600593 7
0.8082813736424292 1.837677817267504 1.1240038574014006 -3.9998716801497993 7
1.3494300499140623 2.298663750190858 -0.7254390991164256 2.303197971816312 7
3.467828439249052 -2.222525386841176 -2.405451716637864 3.7206277843790363 7
-2.4480557413551987 0.9237753744987637 -2.449163999659969 4.2208929970256355 7
-2.37452255616351 2.0788767035470666 -1.6674861916023496 1.09774969053084 7
1.4759902583349258 -2.3465257179038264 -3.1792911220102487 2.5433492823715564 7
-2.8267674340234215 -1.6850185556079957 -2.913618122644399 -4.214698141927363 7
-1.2030393026946071 0.8091611119101172 -1.3002823050945025 -1.8911288073551682 7
2.333150459211543 -1.598842995521 3.7918564263048733 -2.4989649080929213 7
0.01819930594398267 0.7544795876785827 1.1974752784795077 -3.984308711886548 7
-2.100592056841273 1.9246198009109943 3.5558841740910228 1.203559818978634 7
-0.38456003656202675 1.3520823515312925 -0.3350836347103696 -3.6829070591921713 7
0.02401954667179751 -0.6174579112456499 4.339380013343753 2.264687027664135 7
1.9598981497915415 -4.388752416859511 3.83757985062579 0.6949743956497667 7
-3.777350624502053 0.6873565081396158 -0.4989401371018821 -3.434125171800142 7
2.822595448258836 0.5538261028354661 -4.469470922221104 -0.6309245638323356 7
0.9323252654514266 -2.514772573052291 -0.4894062885211885 -2.4713943070547932 7
3.7758693835270174 -2.65049369631586 -1.6567246211580704 -2.189179844710561 7
1.6950470813726128 -1.1231116045831828 -2.2091795985597216 3.79553705256164 7
-2.5962387589959257 2.8889220799083586 2.282954820639146 -1.3048926125687588 7
-3.4688300572295243 2.457456248527893 -0.18808593477291824 3.624574601549117 7
-0.1524553374755061 4.0473878068263165 2.372027571348817 -2.8117056982226294 7
0.4473334466842329 0.21983588253296804 -1.4628773494220142 -3.970817111300474 7
3.3622632939746926 1.3205323814226482 -1.7266036094130777 3.7824681977369488 7
-1.5369230725355139 -4.40595612243821 -4.380682972714064 3.501588941721964 7
-3.26614132583645 2.4328612114647212 1.9584014531902303 -4.368235402340329 7
2.997599550348803 1.4821168956620587 0.06712303996079416 -1.2693746189348252 7
0.6800058398447452 3.6760329481652616 0.8320185284995446 2.9740687768681964 7
1.9293763636890726 -0.16289983010431153 3.299805485930336 3.418350862294046 7
1.8665090091892234 1.2543562979862997 3.894766140355183 3.7448506426601558 7
-4.275544991036841 2.7276666502036155 1.986118687889172 -0.7960858821611766 7
2.2171384561256713 -1.016375824181363 1.2959118317226932 -1.0368829215737332 7
0.7768888381476933 -2.3727884802410726 -2.541985806795114 -0.7377087218540896 7
4.3976719071272585 0.7990409741905031 3.8102916074008535 -2.8240965691173363 7
-2.7082990393682906 4.411509683356451 -4.379187169957761 -1.9660777134579468 7
3.1779125435322015 -1.402910696427272 2.787479014251606 2.192900970347546 7
1.4133693454814873 3.897543466373575 3.410095954410637 2.0451424600308616 7
0.5316871532605398 1.0539456967018412 1.1117949557728755 2.982958277552183 7
-0.27909715727019535 4.453467895990522 1.099160610191491 2.7543565716655474 7
3.901263382937662 -4.2457012885061065 -1.7758395239961529 3.2248108281003214 7
-0.4644635409941461 -1.4402167935665489 -2.9941963229789246 -1.4727970394042638 7
-3.0981388929246774 -1.8391977570167315 -2.2362154361337216 2.879068767821534 7
1.9552517465808654 -0.11691424179177035 -2.7785868024778706 -3.299217460636201 7
-1.7253190243132286 3.779538284372653 -1.0818177511363956 -0.08988861077812182 7
1.761786008950729 -2.0095249457202646 1.045057006919016 -2.854514611961639 7
2.6383850476150132 4.4877520085921985 0.8090878863195891 -1.1765951467987286 7
1.8387038720304067 -0.22653786785958208 1.717526702986079 4.169779044814932 8
2.6591701485565817 0.29255501195781586 -3.024683906749434 2.5855778837968106 8
0.6716962052323109 4.1960698220118084 -4.443510035784936 -4.400676666302543 8
3.9841873238629573 0.803387605301341 -3.140958280551589 -3.177432011229933 8
-2.4339741866630424 -0.041806177268915445 4.326518743442156 -3.3817826777095426 8
-0.5791051542206211 -1.521265318414365 1.6118566391905873 3.5315681265697205 8
0.9337506032096573 -3.6478225668323723 2.157905474243469 -4.401981814297285 8
-3.4581818052991515 4.227194989213442 1.4172090993896744 1.0231883336503271 8
4.07605254797358 -1.0799872692351347 -0.5873047776404219 3.1383063531045985 8
4.388183593607109 1.9640758058296963 0.30027538470420323 4.203130852988623 8
3.818085377302999 -1.513759668561529 -0.8353865482762414 0.20194311313482394 8
3.0834497630352717 0.9443016521932555 -3.893775519890796 3.7109378744652504 8
3.0763258414086936 -3.7094676384623266 3.7638120410763714 3.949964929118445 8
-1.3455462466959345 -0.6372361609699991 0.44177857242157503 -0.28700455476175746 8
2.723834552052142 -2.321372206249487 3.326722356940264 4.32895212167244 8
-4.470009504372818 -1.002092894033533 2.2426044388394892 0.6930959449647207 8
3.7943381875469098 -3.1263851177303277 -4.268423724961726 4.469509840491 8
2.249950136610987 4.027352571465017 3.9867175201426313 3.0225000975482375 8
-2.243006859909089 -3.083046664683593 -1.4581604768179246 2.6371842618489953 8
-1.4125019785517874 -1.8691151234796592 1.759729397375865 -3.667901047581171 8
-2.0662814091766686 -0.22961139516476814 -3.323373711184772 0.21606339703864497 8
0.5274341678045635 -4.442872715990004 0.6318955343586083 -1.8972924208221094 8
3.091119273947111 -3.275694648689603 4.111613922025971 -3.2194586399211267 8
2.3619783372778254 -3.7580678576631037 -1.697461257241661 1.0303725877700547 8
2.3738503802848556 -1.2294612569041785 -3.721334938709517 -4.324649845937005 8
-2.3242872410056172 2.327629347352341 4.499908254039665 0.39509617373368966 8
-3.9976276541704525 -0.46103746397767165 1.3318874150061286 -0.016119690485296823 8
3.6074307449947787 3.6655671229104705 0.5314767845605249 -4.018780379864878 8
-0.28006836134725777 2.9794046908580265 2.6067352341360515 0.2628620399805319 8
1.5110228866909072 -2.1445735445212764 -2.0342507732061814 -4.317275042770988 8
-1.2819743487262263 3.8485709901794243 -2.8427452968652966 -1.528667287475108 8
3.4389111426952343 4.1186519347833395 4.400163340509497 3.5980531358449683 8
-2.509242421558004 -3.1422857632662087 0.5879219259840239 1.8688090558942232 8
-3.390991363735993 -0.19828840843670692 -1.229501375195079 -2.6862258662905765 8
-2.183200177320685 4.017976490195544 2.246565209486394 -2.120030576917875 8
-0.08151784099336001 1.9880209757146874 1.5680334765584039 -1.9988399504521834 8
4.466090394665556 -0.5819601308504531 1.105135000286053 2.625166086639445 8
-4.306821045471787 -4.364085774700788 -0.6732220365777704 -3.6218131760073793 8
-0.2547325607274332 1.2423567560940376 -0.6718677899031895 1.9314174823344343 8
-3.5500721063182725 -2.5230818714967578 2.3441345675175214 0.43075158410001635 8
2.1144372443359694 1.9181507877563824 2.7589655828456907 3.578611955977259 8
4.143486970447579 2.0819879295388777 3.0372786479040927 -1.6667535539856357 8
3.0604177805493125 0.8483109470270487 0.345049081616589 0.7823736035817106 8
1.6379312809274182 1.8973366375358647 3.874095971449672 2.1810144002542136 8
-2.919521857236767 -1.0629969619467117 2.193616319623753 -2.6675858465353945 8
-0.9110170989475078 -1.0157194992248622 -2.2447042203591523 -0.08779019059011028 8
-2.8141193911325963 -0.6895380249822426 -3.197439300746214 1.1571232261408362 8
2.1418056203981273 4.411081156738052 1.229962050607471 0.23383818061872053 8
-3.880473206188326 3.1720126618173716 1.106269900171307 -3.5019524956344252 8
2.5627461025091773 -0.18597168861736424 4.483698906427388 1.755118846663569 8
-1.8221415767586615 -0.15035831076164863 3.0870230384523714 -3.8809858798146966 9
-0.9639805021091126 3.597250317824528 -2.8212558398291634 3.0089457403259576 9
-1.9798873238211354 -3.648452051503735 1.775993562647789 2.1039043081244464 9
0.04058609558392967 -2.9000987795184874 -3.9104312241431463 -1.6908921168714053 9
-2.4171824781032445 1.7797542367637837 1.7609099835277078 -1.1975381243707897 9
3.4667170699440018 3.5677576176345047 3.8107974009484225 -0.3350722257678339 9
2.761367020776348 2.5833368371112058 -3.5797920841610216 -1.9354249454356016 9
2.803834330192272 -1.5789415752281661 -0.8479587836515976 -2.8585257225468172 9
1.0875236270652433 -2.8656793245642223 -0.7860573215026558 3.210600432847266 9
3.1738145267579982 4.120534997962116 1.3858268943555676 0.4965596705690811 9
-2.2266598566294267 -3.875097152518904 -0.5575581511514633 3.506790427635456 9
2.0650685038661316 3.7534966548143522 -0.16400115675115012 0.8847851873690763 9
3.09112438286624 -4.382382479641658 -2.138706959235643 -2.343379334579078 9
-0.6220700875278116 -0.9413676609289992 -4.420350909573652 3.6520573392496316 9
-0.7072881767027981 -3.2378805342921555 -2.292762385278481 4.244289587207968 9
2.351146437179905 1.7321246860365294 -2.1350368755013576 2.4933624723925614 9
1.0064474150625915 3.86019103521369 1.408718239475444 0.2563669224562031 9
1.9387654430622954 -1.5923392501205176 -2.8276663137993427 2.9182829369357752 9
2.844402480963498 4.0232732663888795 4.09901253487853 -3.0687594634443394 9
-3.047898078931706 0.26080670281549456 -2.779796509265811 -0.6785721219298738 9
2.514065119009773 -1.279562765801729 -4.055191445885907 -4.073723300177522 9
-1.1817525514733696 1.8105561231235878 -3.596459796232976 -3.163076956223181 9
0.47777775450318505 1.1047103466215564 -3.7296562312822483 -2.695621653195456 9
-2.6525093092270584 1.288679029312275 1.3405902863560824 0.7672579534590188 9
-0.03493402806278134 1.41244061487424 -1.1022992886075662 2.503718314086235 9
-1.8629207897452573 -3.2286300231886864 -2.843807463144856 -0.11453202533207196 9
3.030715611452041 -3.4814876474099594 -2.4533759707014857 1.7210600333718273 9
-3.4921497105423813 -0.36978654778612774 1.8083924224183496 3.9646421275462282 9
-0.7653204003245603 4.008838836422512 -3.017023981177849 -3.4258072528714987 9
-0.7907730453432962 -1.5677161757644695 4.035280908043646 -3.488944706706997 9
-1.606814050314084 -2.257059520391969 3.8180453761354785 2.5616600601266732 9
2.1503329074973405 -4.238594373887553 -2.8296635334229268 2.9745582082400572 9
1.3351148486132245 -3.9147371674720026 -4.243674907128781 0.559581041082611 9
-2.338263675184054 -3.6859804342991516 -0.777357781991381 -1.3321022287929352 9
2.348683903904115 -2.562057225777717 2.519424102590241 -0.5669354266219119 9
1.6245892759822387 -0.22619313611341396 2.8742262076666534 -4.415338686370954 9
3.877343302440101 -3.0782788297038106 0.294321767476316 1.2586418588341037 9
-0.16889650452635985 -3.6801620542777265 -1.5684083623748126 3.180791883918495 9
-2.9118808127266944 -3.837348297343155 1.6097673637795564 -2.9365952112245304 9
-1.404060354377491 1.5929350653923087 -1.481658659926772 -3.357905466908242 9
-2.001249657868451 -1.7057954787866003 0.7188616596990554 3.259896728036788 9
-4.009850995355975 -1.776756514062023 4.420789646752643 0.474932471895653 9
3.1971739398335535 0.6106180278540779 -4.111175374348309 2.8110086670228824 9
4.230676104231383 1.7273741522881747 0.006866218189026663 -3.1174245735837 9
-3.3057206377905484 -3.0566950327249955 -3.436130900834353 2.3823319542462364 9
-0.9813999365831477 -2.9444059045215214 -4.087804138997426 -1.7512388105933627 9
-4.256972277011572 -2.438178165665332 3.084691088846161 1.133421407527114 9
-0.882372440072834 0.14029854843929723 0.26902293879827355 3.7453517326089827 9
-2.608620729227026 -3.0139867979221284 -0.02744605884887652 -0.39366286974009057 9
1.709531867231362 -3.643296496124411 4.022611306639628 -4.158341290681928 9
