500 50
3.1393592754172084 -2.889936675711014 -3.877856752400236 3.485541536830725 0
-4.010731071242117 -1.2461539852059935 4.102175061282173 2.7300511247362844 0
-2.021391642542292 0.2700020240588278 0.8187273264190563 -4.013055090490747 0
-1.7467297583767558 -1.7597307676127119 -4.174870165788309 2.3468264720049627 0
-3.4943285144196476 -2.2509088750789696 -2.196957602179846 3.1445642114629155 0
3.758669080529062 -2.1226783207196376 -2.2797897765277906 2.214287265976686 0
1.9599631872620047 3.2914353077113865 1.8319126537173267 -0.8973272205236192 0
2.763715340208382 -2.6050447560705483 -1.439533813105974 2.8062742113941845 0
-2.9948127168919907 -4.0796424748613545 1.4052745746264992 -3.685811098525661 0
-4.145199194182517 -2.697922712020744 2.141062554134194 2.8216695309981565 0
4.486890624544548 -1.1449171950490062 -1.7319333775746282 3.1723250968936454 0
2.344592465360547 -0.2387300158515493 -2.262792837336059 3.888677740434784 0
0.08743775235889206 4.005345754713984 3.25650820583163 4.1221049681015325 0
-3.5149801649235304 -0.3141615531164802 0.8546321321126548 1.3615948987005844 0
-3.226002660892787 0.3451388594123306 0.559736056491669 -3.9796431818680515 0
-1.8090120914977907 0.33970697476952416 1.1308858244037379 3.8080552976516344 0
1.4906478404236896 -1.2210407948866862 3.9950092731453237 -0.6107515265742993 0
1.1071675740110434 1.2845239672069018 -4.269021598588997 -1.3176283347240438 0
-0.7201636191236395 -0.8708180939085398 -0.9656226595701461 1.8444443373695725 0
-0.9862170651311342 -0.8442942977475764 0.3511056281445384 3.9989363770200588 0
-3.7830050514909197 -3.988519187291246 4.013301211521755 -2.1613953759856446 0
-3.7950218223022 1.7611002957521484 -4.011506460346825 -1.6499442508554125 0
-4.237569351853714 -0.004568222438244174 2.838919962666683 1.2813192878168036 0
-3.306291140299849 -4.223199298087934 0.9357528557441633 -4.1930668714590436 0
1.255404854824913 -0.4860166723234872 -2.318731631657499 3.3605043186814423 0
4.271459721475921 -1.5321066086556778 -0.5455736586666097 -3.6689790762805474 0
-2.741176591081316 1.656415910820685 -0.9122798473899457 0.9691276708966009 0
-1.3401102845953716 2.4393250200534142 -3.0962834980319958 -1.7436411647102794 0
2.626195512325273 -0.5051286978711381 -2.8731072111629903 -0.05440195054874919 0
-2.0805452886758373 -4.284860201509351 -1.6812738226892323 0.2598861981781566 0
-1.1580069080895767 -3.620422083097231 -0.8840255036339496 2.6576062578916595 0
2.047702937201211 -0.3650001719785585 -1.4971261801032019 2.1144041850071416 0
0.18446827328766935 1.6611213861316276 3.8224527713404006 3.9034109282492 0
-0.6723873423688423 0.931257515801294 0.6407588472550806 -4.051839064412086 0
2.9146419761076974 -0.43315862901504343 3.1654432609338 3.3384038502576967 0
3.491506809299751 -2.51640416993725 -3.9794018724716747 1.285675869253175 0
-3.5385961345152843 -4.391908869335321 -1.1412668446699634 2.9801218943119503 0
3.761472587865089 1.2290959280508638 -2.8153484339536083 -2.923499975119616 0
-2.5221416639657877 0.4279719028137525 1.6668285601801751 -0.7925049235268892 0
3.7871970331248 3.3809934787321665 4.2512868075710735 0.26480756130117034 0
-3.3516706054316447 -1.7671163419152038 -1.7814617554240002 -1.8674770155289737 0
-1.8423308547106325 0.6219453387831803 4.45650815948139 3.278921764628977 0
2.19077666519399 -1.529863332566992 -2.790932256116872 -1.4078206887840392 0
0.9706707663527554 0.14107817833472136 3.169191652092847 2.679052071814808 0
3.778206521609459 -2.6877004993321942 -1.9386306831105007 1.135459668743866 0
-4.485197180159366 -3.854401229387097 2.906195677086706 -3.8315895162290814 0
-0.7155495313567023 -0.009743653333429636 0.3750935094037069 1.4549836618928045 0
0.6637651790658521 3.4233604378205786 3.2929003593414934 2.0168316841688965 0
-2.6935203032633 -0.7093974665698924 0.6421688977883324 4.358430437884612 0
3.8904960918681866 -1.230382817725428 3.403764867665718 -0.5276170666335186 0
-4.3649625928508975 3.59754667929859 -0.26451347343790355 -0.11840777657928281 1
1.0386015022570532 4.238478614812808 -1.1272136845713665 -1.5556230041996444 1
1.0945830067054692 3.9263621063961636 3.013324668718914 -1.8861453702070525 1
0.8913570425749683 -3.2464915621276016 -3.0479707033379935 -1.470024099664466 1
1.6053725091507198 0.4170514259979261 0.6931240348041372 1.4227165492099392 1
-4.418600548197037 2.472932159280577 -2.2364434157070106 2.891038865115165 1
-3.4071794561088966 0.15654728315563893 2.6316211053081773 1.4124288640307348 1
1.491771094574284 2.3662155735342063 -1.1115760790655569 -1.7723749293072768 1
3.9679099260868846 -3.3841119202279963 1.0035700206181062 -2.2457510059410866 1
-2.6100383576179054 -1.2116906813552797 -2.505491062092708 -2.5908374091986763 1
-0.8884035023764936 0.8100491526512879 0.6565555982425931 -2.5909682087484174 1
4.445232311050912 1.003579861931927 4.170547453341448 0.08940555899760538 1
1.6471921580928952 -3.6340983583278175 0.6739805952596974 2.1477546211434824 1
-0.5938049559621948 -3.3375717423053186 -2.547408675280642 2.828675749055002 1
-2.5613696781331354 3.150593518856435 -1.9927107468640877 -3.161244697079417 1
-1.170096782705359 -2.4460876858090908 2.8470807120313486 -1.6654120346985868 1
3.239393861738407 -0.30824298959469276 -4.07299987846278 0.6729569719789144 1
1.6030527397758054 -1.0991162062947955 4.226380116814455 3.150461899148727 1
1.9479019975800507 -1.2148219134048963 0.6228991102598704 -1.9409360098472503 1
0.46369685064600863 0.7764183026494434 0.7568666196122097 -2.4104296726041596 1
-3.4615048616730215 -3.0641782454804134 -2.7155578523933297 1.1481158696775124 1
2.208944048602619 -0.24892475285169624 -0.6250117961990314 -2.9742271553589186 1
1.1718263537739868 2.8081232125719158 -4.323489311751222 4.261124142705549 1
-3.9059898970764486 -1.800729722706909 -2.24335401467978 1.8677614659408754 1
1.1122384825656413 -0.061312164818753234 3.983554463833368 2.718301931811447 1
2.602977560795366 3.0491093485718648 4.266449576722054 4.470446578484906 1
2.351490040412597 -3.4065757218392756 -2.1375088876534836 -2.6626127463772398 1
4.227684408215983 3.2742830513022962 2.6673550295693635 1.1965472132399135 1
-3.6063849834680735 -1.4161049754006951 1.1967581621585055 1.0187282170472358 1
-4.174856528517105 0.7815679151999557 -1.304323142286171 -1.7574416244877238 1
2.67646946206842 4.222179513755635 2.609851559482755 1.4473032636720546 1
4.216547256460265 -3.788734454171067 -2.912391270687407 4.373334366014531 1
-2.8373131977300803 3.451821613984449 -2.460346102155638 -4.00884822030199 1
2.2006235551355973 -2.996853790918357 3.6499797410311854 3.9810605295698926 1
-0.5534162163550012 0.1139168682136037 -3.0438714905110396 0.753516478357267 1
-2.5435650868446342 -3.585209111535749 -1.1562414946110657 -0.7199651830830971 1
-2.2593157097844254 4.199510855635344 -0.17289436745572262 3.853242283806988 1
2.8966185495438586 -0.5839548234883194 3.7637554456037736 3.8112439914841665 1
2.950311024867972 -4.072167092769372 3.688159526192752 -3.535648228221844 1
2.4286791944641664 4.190414067477135 1.3550772192124982 4.174502206771714 1
-4.222141788633825 0.8180641111277198 1.1470051504313137 -4.196849613809226 1
2.235022445380395 -2.7141251351154736 0.81971900694774 0.8052574679471842 1
-0.42960580337981835 -2.2250787561164707 1.858536788379436 4.196816722990567 1
2.855308147923232 4.057747234774742 4.039166478283105 1.4925999216915284 1
-2.139771602291095 -3.300806252295013 4.212868208845551 -0.7229565811557703 1
-2.9891507864346067 -0.8064118739630849 2.660151600486657 -1.4238407716160695 1
-0.14209088971552886 -3.185178762123452 3.5495393667356137 1.2930816797412232 1
1.9579815085889392 -1.1713127190244332 -1.1210640168182682 -1.9219690247364163 1
-3.073078465513028 0.9274335894144573 1.5417253567221691 0.17613485323741274 1
-1.6907261687434312 3.7996088270445902 -0.662392726002062 -2.078271642048547 1
2.422781889749197 0.3674222373299043 -3.1012765756004006 -3.7261719260718773 2
-2.0856217014634986 2.097276492013857 -3.4739994210100953 -0.35854516115383106 2
-4.434016423062547 3.564814902736586 -3.4340039785997476 2.5180363763111746 2
-2.617135850145883 3.0719114688672096 4.263416465350564 2.729021755140967 2
-0.10902038287534022 3.4614365032857943 2.0379487106466736 3.9444100490277543 2
-0.10741421456307876 -0.04940503427134468 -3.8660544446719083 2.46068802845288 2
-2.615218633850408 -2.1403067752677716 0.613456906167352 -2.589938742293808 2
1.1110613759516412 -0.4033734832571214 1.375877231352102 -1.6321369949797275 2
3.6796356797799086 0.4949311131644536 3.145542957378318 -2.3859227572002153 2
1.8278898848693643 -2.6532454095783162 1.7925734106429458 1.7563739172388058 2
-2.1197132618641894 -0.7472399341690266 3.9267037617665594 -2.4851567048779386 2
-4.264885144340193 1.881251298573806 -2.0170617470544947 -1.6184290083853399 2
-0.7219955741497714 -4.319616161120116 -4.130146676150832 1.2626662111106253 2
1.6011109595154787 -1.2155511665201333 3.4098730806590956 2.6919268119114514 2
-2.4718541449377156 0.08100902494593065 1.979116756251782 -0.1483849264717324 2
-3.2001278041336367 3.969318577841245 -0.2761230768054298 -0.7747510981158149 2
-4.356572097130683 2.051041485846631 -2.1529094392705046 2.125870870615284 2
3.2268250762835917 3.354886849427599 -2.049500966070135 1.6012986725538219 2
0.25565889638757777 -0.8243030038832646 1.5067638026732144 0.5869780433697247 2
2.1829371769998405 2.7037777866472803 1.7227953682980515 4.276698814411772 2
-2.074657165494577 -2.122324151427404 2.9695839968967404 -0.7199036296535947 2
-2.2701351593300982 3.241163851924296 0.3847268214366649 -2.8145300160331352 2
4.027946768045381 -3.1138979878700157 4.43285093042118 -3.9968904233149396 2
4.008503958068265 0.02987625497951618 2.2712848768999714 -1.050769455471658 2
-1.5989436688055396 2.33961182646875 -3.606954411622719 2.7995517446829963 2
3.8293077254437384 -2.1553429793784225 4.433288204833551 3.394034680259186 2
-3.7567436785248534 -4.018247014048983 3.436970703688545 3.594740966333797 2
2.746137268793575 -1.6944416048207958 2.1105684284327135 3.889171634203498 2
1.3505933133222816 -2.957221598894309 0.5468929675280799 -1.3625393585185315 2
2.7009979187622637 -0.8774249116917601 1.9336406544807403 1.902621614317698 2
-3.9563354867979603 0.9219583390848624 2.817047303781666 2.582328767150908 2
-2.9314916393237938 -0.6339238796688564 1.785645562188665 0.14453930529586945 2
-0.7338240044889927 3.8543648609439325 4.110112238549 0.06158986522277843 2
3.855293932266964 -1.6959733067607297 1.6824755033213497 -0.31770515203294225 2
-2.244215203748599 3.3357614091107117 1.0922968993615205 3.514494117449206 2
1.6737196892787778 -1.6119209659994869 -1.0887503734186603 -0.7443954401902838 2
1.5246265159089116 3.9600506485584828 -0.7887325314632283 4.200858887669103 2
2.820277309190293 -3.985216172548717 -1.0027312534192927 1.6403870074463414 2
4.307246765169427 3.6064720804220873 2.0816205958597767 -2.932735926183578 2
-0.9654804300407461 3.522901873542344 -1.9785920079344033 -3.8966990037392475 2
-0.23510386748430723 2.3372967987384596 -1.526497776581653 -1.6614144507123045 2
2.951414229031319 -3.2842057234415636 1.621431171589706 2.1012026305233866 2
-1.5114468019629856 -4.115188429972611 -1.6875575360568877 1.8979842878391338 2
-3.874962445929807 1.0529085354599892 3.481732652538108 -2.125123593962338 2
0.8306288916783835 4.157353369104587 -3.2415857152909298 4.361152274516502 2
-2.243727379222638 3.9159258670549306 -3.82325233130482 -0.32931681327818974 2
-0.22355745206931632 1.6411724462981634 4.031409406625609 1.4633292522449424 2
-4.118540819445636 4.155461648742829 3.093343322674385 -0.43180250960554145 2
-2.5279175069581434 -2.1359039788133165 1.4401198574489742 1.7740238291294887 2
2.4477303422177368 3.366504211488639 -4.41186135628802 2.717673890245289 2
4.428298063198244 1.8747264795571363 -2.944234954705277 2.3431805442943436 3
-0.7760363945234408 -4.486998481458664 0.22535982391561848 -0.2273737699276298 3
3.897285979075045 3.236643245773339 3.2864876816916544 0.37542005008990165 3
-3.859287351113494 -2.366848570861337 1.450773138023436 0.8730932131181269 3
2.1253356773850145 -2.157454312146449 4.0881265062311325 4.294381190423965 3
-2.990523444916894 4.272162641257501 0.4750319253604046 3.924902492353487 3
-0.9749357008768477 -1.7199613926322312 -2.64669100445024 -0.433747551161378 3
-2.4353514901624305 -3.949419014283256 -4.219611315792858 2.5014103864195025 3
-0.28328604769865817 -4.286156076200609 -0.37827597678646285 -4.046545319658356 3
1.9634561422919323 -1.1823045798255554 1.3171158095683069 -2.090523302814601 3
0.46160731986031334 3.149755258063491 3.1502379354772967 2.933098664099092 3
0.27645967292192697 4.464600557582737 -0.6619725845293397 -3.723918559844982 3
3.7979266077107754 0.4036069188067427 0.261324566544365 4.239304020105687 3
1.7641933762117121 2.973770207184077 -1.3060298599993618 2.3071411276372134 3
-2.523138279894942 -0.557055741718443 2.524510222810094 -2.251440980426002 3
3.4585773824683566 -4.051086709353573 1.9010587741962568 2.0671770793176614 3
0.3317881229600479 -2.208319038035363 3.3380383953698027 4.190479454888664 3
-0.9148882345091209 -2.4083676958822386 4.11983635158031 0.8378564565633213 3
1.0106479794414627 2.964818070971053 4.464426690634628 -2.002017192708203 3
3.822217592847634 -3.1602495450186825 1.4859028218978796 1.963553261286234 3
3.724633476833511 2.4513172597970665 0.1071692192594994 -2.898674209631059 3
2.5193709482525857 2.5244710285202316 -1.7117267944561476 3.073298846681486 3
-2.047921503435461 -1.640541047572086 1.8816290997971266 -3.9902738832564553 3
-0.3757974329745877 -3.7529599534439892 -1.1702273043078941 3.162602537347207 3
0.11617436065283049 1.3401539478197528 -0.06785479606218325 3.688381104003684 3
-3.03783396338957 -3.98090077040909 -0.8443077117736743 -1.2623049940973248 3
3.409123445056109 0.2621186644271113 0.6461626654610524 -1.5373532472740732 3
-1.9670166551656023 2.520403059147866 0.7435966882184164 -0.49616739955580214 3
0.20599031641935128 -0.16986389415883507 -2.3142018147946546 2.9153885630614504 3
-3.2393029929174793 -2.350346956493789 3.6691772702366725 -0.17212842978183607 3
-1.5787553102290666 1.794501771612734 -1.0467627368154564 1.603669302025672 3
-2.3854924041675423 -0.5844390111378267 -1.9527012878507368 4.091410918325172 3
4.0875712010590375 4.162369149262702 4.078834727548056 -1.4371847892876581 3
-2.0268387825759033 2.3893747530647365 -0.972241124370629 3.7521135932804937 3
3.8917121835936337 0.23453608810107096 2.6435345973301247 -1.5442969619265692 3
1.2105290680672498 -0.12880356754150668 0.09341312410920177 -0.1316407930518203 3
-2.184459149446362 -0.2403903303887115 2.12399549409147 2.1581131344219004 3
2.45598203748272 2.274331401006826 -1.8645660349905142 -1.4291293141217847 3
-2.190144106617783 2.302506277737547 -3.1890863373327627 3.301579713130795 3
-1.2272876417196787 -3.8476833027577104 -4.431965327306791 -1.7651802023799452 3
2.7721828940030147 3.9284535381524126 -4.351345618801659 -0.31352763774798764 3
-3.663373965962359 4.420413479931915 -1.1852915876278065 -2.9908000273258177 3
-1.1560280274389658 3.5832156107368665 -2.6217267608015447 1.444313930398791 3
1.3876353819803682 2.42044453743742 -4.086258178203795 -2.0745101887731776 3
-2.978751339200149 1.5974623989322345 -2.4187514150042912 -4.274979685676394 3
-0.00327677104329549 -1.5693627373761792 -0.25953242780534636 -3.850997276783009 3
-3.074601154225137 3.703766653705629 3.382505121344978 -4.4586691700506895 3
1.3690196385793485 2.25231733674812 -0.890398780882356 -3.967000052071168 3
1.592026610860399 -2.7006753254681253 -1.4905000624650615 3.2067570147630993 3
4.223526137132027 -0.9065924108986347 1.9836641083081015 0.7187647060042678 3
-1.3407234609652028 -1.5810538106256922 -2.587178032496202 3.677036806572323 4
3.129072854216437 -1.047294440326214 4.216877865492941 -3.9496014080243955 4
-0.13858199453436126 -4.248714290449776 0.21184656113546785 0.03490541864765939 4
-3.3751770734377966 -4.053240119770573 -1.7508812849592925 -4.317021924560041 4
-1.2662196314821168 2.526266191042429 0.5196561913614896 -1.2958248246598947 4
-3.517614213404965 2.9123592879919524 -0.7666747818705761 -2.5053234896557113 4
-2.831927179468495 -2.1682117493551054 2.23870436082002 4.196231758327864 4
2.838561930928567 -4.355549182428432 1.443939253887909 4.473023167669414 4
-4.46011649464268 3.305661478704903 3.298305427312033 -4.039640991893039 4
-1.4195932270251046 2.686017074922103 2.8211961325153916 -1.7589161877514945 4
-4.372942024821471 1.1574790517116031 3.0563068790757804 1.2957779174850612 4
2.381937614898322 -4.4305517446135765 2.1938642119998466 0.2625876029188511 4
-1.0297734808030445 -2.0454421059074335 -1.525921421089366 1.2613229051605348 4
2.163033734483051 3.898569478606693 -1.2576061631027835 -2.586310071218846 4
3.930805309486048 -4.46501638207255 -1.965372590834308 4.352568061179238 4
-3.902592972393995 -4.309362439180541 2.3585017309763607 1.1498117142415403 4
2.7853051490132543 1.2215644946323254 1.974167687920175 -2.881735391078002 4
-3.846951648623552 1.4591862643352795 -3.7783434711444364 3.706147955024834 4
0.13874791738526004 -1.664955163825985 3.0313223336363118 -4.165681670395489 4
1.9602903636724607 3.2539672972667293 1.5641054875919358 0.6764605958562865 4
-4.486224818637281 -3.8489017131508954 1.9337601291706468 -0.7544167483437351 4
-3.0345278037392025 2.12226967947476 3.52352870720229 -4.016004218193243 4
-1.7414323995099383 0.5073046226076308 3.4352966867177246 2.8628665127399273 4
3.8191504737970807 -2.439290311924978 -2.017410009694067 -3.895667602885698 4
-0.8109015427072626 -0.6629528150337337 -3.5421844361837933 4.408806567126378 4
2.2163712995884155 2.682303504858244 1.2209810775381191 -0.20084109643294923 4
1.8487739350247994 0.6950743401252294 -0.276521828726782 -0.7178025426066175 4
4.386228430661322 1.3798430295664534 2.3364955101724503 -1.7624148386903375 4
-3.1081383976993733 -3.4889468345265646 1.104716075669982 -0.5350515081487359 4
0.6066369170919386 -2.9383301912849378 3.9309226047886234 -3.335983185674589 4
-3.291935073671761 -1.8808335198330526 2.207064727464859 0.40524846949753124 4
-1.72196685984146 3.304170294562601 -0.4523146377953353 2.9430856573026842 4
-3.7946633888105765 4.361069744836585 -0.9946073304523861 -4.362703199165137 4
1.6142633684223848 -2.431474994971502 3.2749256783154377 0.05756548589298427 4
-1.147714489529696 -4.048413775030366 -1.8356733954413955 3.443220145267655 4
-1.3626205181056763 3.433514947370158 0.3037084280441238 -2.173969064163339 4
2.9412529022988902 -2.9879390228248526 -0.21501157955644434 1.1628114345944371 4
-0.8567433365189743 0.8429168258217073 -2.939118059889359 0.38047472759968826 4
0.9183343968535023 1.535881461878832 0.36193775192204825 -1.4719975560629783 4
3.1334616924760947 2.387063374405799 -3.4175101494979487 3.050216132181741 4
0.8811815277453137 -2.841801442042033 1.3478941256905235 -1.5337900064230803 4
-3.7295669239379037 3.6244798537215175 -3.3964736387894163 0.9915498880937847 4
0.3597300145405813 3.3296088882172787 -2.4251947386210873 3.9476270915712615 4
-0.4731427365587707 -2.3217893498979314 3.05674017935896 2.7265760714001335 4
-1.2022249020527411 -1.3438055438836487 -2.167324168803942 1.3951231900485423 4
1.6206527612847605 -2.2894164360786613 -2.9037040723517427 2.9022344572951173 4
-0.32317751373272285 2.464304495805111 -4.366667371136836 -3.889866518147145 4
-1.4922340038454769 2.6930207130849877 2.3995070155446805 0.7959279859343402 4
2.7891639815016434 -0.996708015378184 0.18623604437581087 -2.1830813097606594 4
0.47268717123374293 0.8275050996230083 -1.3257152092453541 -2.4690476225923024 4
-2.521710235000041 -3.739117864301879 -1.8532051744204365 4.257243070403933 5
-0.15050207705469 -0.844654034649981 -0.49524360311303994 2.603782544091606 5
2.972296910873811 -3.5722559390706845 3.1843618593367986 -2.2518556353419674 5
3.097642136201714 3.1696152861570845 -2.979679268896583 -2.4917262406246516 5
-3.0189258822874674 -3.985674645142005 -1.9780401121625841 -1.3438566211696574 5
0.550577584612334 -0.20645855021927317 -3.7477761379925623 -0.5129132216685438 5
-0.07743415867031078 -1.6715065802071694 0.09774853213472656 -3.252705508984315 5
-1.2825927157307606 -3.086148531475927 -4.109357163551041 -2.852618746925511 5
3.4275079778029105 -3.7663174430152315 0.9314667817421759 -0.31342465990103496 5
-3.841178533093502 -0.3843787197307186 3.9422108382561842 3.3527787483779514 5
-4.321744662684187 -4.19532116790451 0.10457484966408792 -2.2618763533195283 5
-2.061133421562519 0.08224372297105764 -1.0033996171473412 3.9180234337015514 5
0.7399301108598346 -3.1904078942585805 -1.622960018142934 3.1451931711041503 5
0.5650292241420997 -2.59729830552496 -0.6365576758241768 -0.2199242737306063 5
4.065283577101569 -2.937604195106169 0.10614832308206745 3.814637464031784 5
-2.298268283344076 -1.224560252597355 -4.202349411962051 -0.23612158008641582 5
4.221020253756452 -3.872148175224149 1.5182552253818526 3.335514867278979 5
-3.776273080126336 -0.3013236293817527 -0.2386672005284063 3.424587946297721 5
0.05326922984574389 2.2052587461728845 -0.2525939658877253 2.3011053257528955 5
-0.9623139034478483 1.588449117553016 0.9062213296115954 0.691285771546534 5
3.4094688315570654 3.428466183355267 -2.2173643336157642 -3.1488191171205844 5
-0.17141382061817267 3.380557423743597 4.20575530906974 -0.5899948908441739 5
-2.388527708548339 2.8106181864589104 -0.2048809486888008 3.617554893812018 5
0.9761001757188862 0.5342950185585438 3.652211603797493 -1.9671484025332027 5
-2.3218758667106205 -2.0314370696525703 -1.1897663513365324 -2.130910244893962 5
-4.41558519904276 -3.574830964992822 2.4797709246006594 -3.6102299441312335 5
-4.067616341976891 -3.442909475184863 0.17106241479231266 3.463550851707083 5
-0.5419945519282858 0.9366627705734518 4.123925654821313 -0.5603362622190321 5
-3.7053676684443455 -1.1955557053742856 2.516185050202779 -1.4817994842384998 5
-0.6398079848150929 -2.0248777127338706 -4.337899979809131 -1.7109867651599253 5
2.645509231961943 -4.407080632764441 -3.842182061108068 2.5314252108726065 5
-1.1319562858881596 -0.1060325624469608 2.6422888200007777 -4.378368756312525 5
0.13630208673822286 3.4403475535614576 0.7335872513433944 -4.042732955870452 5
-0.01329046251081678 -0.6969586013688447 -0.8531332012050635 2.347907323256373 5
-0.48822860338032215 0.9818076490297337 0.20200174270373772 2.564077788015447 5
2.2667675726530065 0.02192676824857931 0.1862013276578275 -4.207689848671775 5
0.3055120044648022 -0.61101070752828 3.452479045451321 -2.1587960449888564 5
0.6668994623179506 0.8322481598387472 4.285088205422337 -1.1205060260886865 5
1.2545755307356998 -2.222245539771067 0.14964128859417047 4.371071073336271 5
2.468595220946514 -0.37353443690236654 -4.121723087275342 -2.3579628296450292 5
-1.1443284055673777 2.8882058205145125 0.7138714137385677 -1.9766593428871948 5
-3.547138654302619 -0.30292100223176266 0.08263319448405404 -0.27269579524012166 5
-2.5970633647855896 -3.271834528702694 1.9143990589149258 2.6976296216288436 5
-4.390390979348613 -0.3039172746564798 0.7208241563658375 4.019651601312738 5
0.12745448343375387 -3.7599685437497588 -1.2543908432420654 2.7165665261396126 5
-0.774760445690754 -4.129563761653504 0.15584730704543648 -2.9106136599670087 5
1.9922629802178526 -1.2769387642232521 4.069422355777002 -1.1218831183355054 5
1.548167187579451 1.6168438033708878 2.5502229679105497 -1.5033529565433579 5
0.5483278949851037 -3.2093066421961884 -0.7881953917295725 1.6034440738131046 5
0.07650710360379276 -4.34256479827163 1.6925839203791115 1.0918072195823083 5
3.110703101559235 1.8296633245039113 -1.235194054753756 -1.3993306933515968 6
2.0574977380677266 -1.4882799183081037 -4.348992593552992 -2.143700194431522 6
1.4307852894714967 1.5604893335216348 -3.023471070445007 4.428555169434439 6
1.1303401922005385 -3.8002500470996283 0.008986256785296742 3.7356204551278127 6
-3.894783285035899 0.003396490425322418 1.1069483981660242 4.433285161567965 6
-4.131568397548767 -3.070085600838633 -2.8644078112080926 -2.0486211689784657 6
-0.3140677169678888 -3.7209875776882244 -1.3247541233205207 2.596993071575935 6
-1.6332254437306184 -1.2183094850526142 -3.025662556943007 -0.10531599327501573 6
-1.3233200758228523 -4.195436534775912 1.9452296532220694 -0.7963428582916555 6
-2.9455744075250854 -3.875824326031199 -1.3108703835721136 4.1166726525364075 6
1.7336327558531193 0.9279549826791663 -2.3966631864075056 -3.284585293246723 6
0.535462836714578 -2.858967913460211 4.171698012259661 1.5739934725971856 6
-2.7083006831788454 1.5698024992311264 3.179145723264196 -1.9205974631118627 6
0.46310038801272024 -4.270516830068378 3.6797461274717502 -0.4340178087409894 6
3.577927120730059 -1.5089385099690578 2.4147571463231303 -2.184442596599083 6
-3.35446215882661 -3.576473212993441 -0.7984803050166431 -1.0013745167313104 6
0.6747252437853337 0.5738856499445039 -2.8512101606330695 1.1176699155160152 6
-3.892086915331126 -1.7600510476176594 -0.7266960525180373 -1.9173534883053285 6
-0.8526837276993767 3.38877860360089 -3.8053573856021434 1.9308677822308613 6
3.8829592148164185 -0.4503921047789281 2.1468768156569937 -2.0151679428794744 6
1.800081254241357 -1.0856482235348839 -1.0561488046309409 2.166576380496457 6
2.866660629948594 -3.1215527501904097 -3.2826299440560787 4.451318545946379 6
1.6350949381794986 -3.62957717362986 -3.6187289652908317 -2.3474644539946183 6
-1.4487311984221312 -0.6796025241337658 -1.8448918592343344 1.5151928402289303 6
-3.6384337267685067 3.384167212385149 -2.691685310819272 -4.072142037007846 6
2.1689781063193445 -3.150594129091939 -3.6095447044931457 1.0694858900855273 6
0.6883220494497349 -2.1063367396845454 -3.9521175856950217 1.9781752298165316 6
-0.3999362602147537 2.1396525383514007 -1.5091048121299868 -1.2857594000004031 6
-1.4211461708976585 3.500879045012731 1.863805215367433 -3.732398775009427 6
-0.8446309589172464 3.427026043152724 1.0260051821402199 3.122428674938728 6
-3.375044855188605 -3.720461695171858 2.1303253702569735 -0.10202562728155562 6
-0.2785004432778424 -1.1860739255388963 2.251182726696708 0.6261214513402711 6
-0.3982615441311871 3.0116528934829567 4.045378937648216 2.268524857177178 6
1.227620811319937 -3.5865936435958394 3.823457913091911 2.06383537438528 6
0.9588563029705931 -0.8357557784104037 -0.8776237275915415 -2.760164848305681 6
1.471594147093393 -2.912997923971031 1.482810696627069 4.133018985373792 6
-3.3814121058571507 2.590935579996584 0.7869752653423928 0.907479375007603 6
0.1335057615891071 -2.9268027452210816 -4.20016752742547 -0.9375886272396938 6
-3.473136896234415 -2.8429800822029394 0.8535512745192014 -1.4980710093530911 6
-0.003881790019852782 -1.791988812120655 3.841052454772716 -3.7515123799612367 6
-1.574697697707459 -4.177054756806735 1.4052705673094819 -4.042847379019147 6
-3.9499714185572055 -0.36150597134985074 0.35853782634187426 -3.552081144811453 6
0.5494903171417416 -2.6853113553749615 2.8963997529968473 2.9988979924981813 6
-1.5948490854377337 -1.9450105706955272 4.438389969901965 -2.4668846287472124 6
3.1584244588646944 -4.446310796571876 -1.8209303785730189 0.2168148219520032 6
2.2437747211944816 -0.03938708460284657 -3.580467353218686 -3.341220564646906 6
2.8569199616169345 1.4581209543986982 -4.3178023115401505 1.1419154161024954 6
-2.788181791561132 -3.2644576668489647 3.7090764953907565 4.334148072121264 6
2.1693387648496714 3.585027617767211 1.694971063091331 -4.231778695080807 6
3.7010599218396028 2.093731174399317 1.0464070892350086 3.2249270335385587 6
-0.48103893416377064 -4.346657586327124 2.5957957436489307 2.870127856001463 7
-0.8104510808799212 4.427138185989376 1.440246763409636 3.554414577179092 7
2.306435436597881 -0.013127295011501894 -1.2498804290675811 -0.5727314765204999 7
2.183072575385203 4.165450228737934 3.6762521927028735 -0.7839257664654169 7
2.8205512171377625 -3.482033666465246 -1.814785923396298 3.907090477811451 7
2.304990469809069 2.333002128701006 2.6008707644865905 -3.6922619872001214 7
-1.6577488510239347 0.7391631049524464 2.978041122735016 -1.6658438664008275 7
-3.904967373060388 -2.03445323698717 -2.8254889207138207 0.6147141730604055 7
-3.188478761657814 3.609725727414237 -2.973800918994579 -4.128721859659545 7
1.6255092136612135 4.470312960664948 3.391428633571998 3.42022543037129 7
3.5603992717771025 -2.537567067113293 4.202016985289906 0.16213563569849587 7
3.31770466497916 -3.561405752949678 1.4053579381021808 0.5787133077192618 7
-4.0467070103537734 -4.2665038547204315 -3.700618781356443 -3.027338918716329 7
1.334052200398777 3.439736640241545 1.5079873313164138 0.11798346325443476 7
-2.0002744873019145 -3.5569383324254864 -1.0018826802474838 0.06847286392250906 7
-1.9573151971563243 4.460825508339342 -1.7858762675659392 -2.5443438463997476 7
-0.9250142238757899 -1.5549084283597867 0.33954100568249546 -0.6552575221179696 7
-0.012967687305383224 2.938575899228928 3.13169801707455 2.464794864875166 7
-0.5027265035630282 -2.3308312121402643 2.1215364705373316 -0.3654102947687342 7
-3.6883713946560093 3.2161135687615614 -0.6948623784089696 2.852895036372562 7
4.033043781363416 -2.3690347495562896 -1.5517599419875001 0.23604163807105238 7
3.600220424324716 2.391237798192147 2.52515780486659 0.7875567298005464 7
-4.151945942692625 -4.415272073122659 3.176190120151735 3.0654217963384953 7
4.232793414822999 -3.194650853763209 2.3529142640594123 -3.696229285574011 7
-1.0283486763278844 -2.639631949299789 -0.5224224361505555 -2.020633670173653 7
0.28438865398998414 0.13035644553129433 -2.3294234442683024 -3.5595574138930495 7
-3.0381294513792034 0.01642300521468376 -3.8296559502767185 1.356977011853116 7
-2.370709734520691 -2.335387189486331 -3.172005602031087 4.056965602264466 7
3.371804400396942 -0.9357168319286657 4.0684108042261595 2.491699008354204 7
-3.364515917711181 3.811505527533057 2.2113481881037385 -0.8033294741914433 7
-0.5339188481588462 0.4756437505874641 4.124823626398125 2.2987712056329044 7
3.9702625049095044 -1.7846574341938395 0.750807580364162 -0.9281654188757406 7
-3.079050053982797 -3.0566717870532463 -3.8175274670749975 1.7553082290796134 7
-2.3644853087473114 4.292746928854074 -0.772074430552414 -3.703329769628118 7
2.483575536046411 -0.46941559798217647 2.4078807004918326 -3.904833108724167 7
-3.16800108775271 2.20621968501848 -1.3136337481083333 1.942818043028788 7
0.6713208810868739 1.3527561662525769 -0.5085967467412232 4.1728576718392585 7
-1.3897674754693214 -1.5592993455264033 1.1064442229989369 -3.806151840274044 7
4.170022660615977 0.8706466890141379 -2.734953602500013 -3.5959172500951295 7
1.4966387309137175 -1.420451089985416 1.6736721037311046 1.243660214200768 7
3.0636809321010494 1.5294808851452322 -0.009247369229518188 0.8947151642016145 7
-1.0695256727621874 -0.8838084597759014 0.938477092644246 2.1334929169564876 7
-0.946813177331063 4.239088210748342 0.9972571295367294 2.226264716638971 7
-2.0690668902295277 2.321756267824637 3.5092238152640327 2.7721928446638553 7
-2.752992149114803 3.5904188191970308 -2.8251044542394848 1.3065606227353017 7
-0.7158806539780034 0.10431021127079276 -2.827547841912877 1.4323795747383383 7
1.3312576541427799 -3.0184968571636506 -4.208230148244611 -0.988828419206609 7
-0.9363477842987636 -1.4181579108193736 4.36915503832748 4.007912298373256 7
3.4639825960109816 -2.066002461671915 3.9957397601808244 -2.851856054860277 7
-1.4799625184815306 1.9989038454933103 -1.2204190310973915 -0.26493272964871006 7
1.376505302057428 -0.7195274666702955 -1.0063935740657877 0.814824545152182 8
-0.09525342763687683 0.8142706129604121 -3.461372413562504 -1.7398413513446473 8
3.3071287592985095 -1.6421451734440997 2.3304705614911323 2.629806128617013 8
-1.9023843569222927 1.5352482199638522 -2.1901989142839198 -2.6461676885095575 8
-0.9871017705829701 1.0183680035792952 -1.1712604605160357 -1.890970517247108 8
-1.5439071707651681 -0.28950291100197356 -3.2491111860969313 1.5336516257004176 8
1.490539577011869 2.2897802061435772 -2.672069408321275 3.064952982479361 8
1.8067981260846493 4.3556746054592 -0.15779285989475855 -1.4285335492838829 8
-2.2470477570895704 2.0887564650273545 0.36788503802000316 3.3181089409196205 8
-2.544742319709425 0.9002427767885405 2.3036957708257155 -2.2207608308969435 8
2.2148737382019807 0.3210842381921024 0.49420618071903477 1.4149055307962368 8
-2.6060308691000325 2.268305857016176 3.2226018974207205 -0.7549222881716967 8
4.064700969531179 -2.7142339552081456 -3.3555161086469005 -1.0796973661089626 8
-0.7226930286115978 2.2608373577225933 -2.086685199586175 -0.19967301666294057 8
3.2744298975734565 -0.35088382531631523 -0.45074042175852536 -0.6894543693355197 8
1.160861053568936 -2.868892119614373 -2.0563902312942393 -0.5585306810390491 8
-3.300076223360328 0.5455179484382822 1.9596954569272627 -2.9377370260579596 8
4.2603998082797325 1.1185871390629196 3.633713845714492 -1.3849698846284302 8
2.133243286299502 3.57441055857203 -0.6323048775612415 -2.2821695663377426 8
-4.10603881849962 -2.4660443130755243 -1.2034305951890052 0.307456035478211 8
1.3193289365344165 2.563903563433014 2.847415236548233 0.877997581767921 8
0.016421832960962668 -4.441241198702745 -0.022080602347060996 -2.0070557105631943 8
-3.374464100987163 -4.341640212684672 0.9599274799517586 2.368982391255055 8
-2.424547439632149 1.8631546817875673 -3.854011609208901 -0.46079478046742106 8
-2.036420538081077 3.344953673007685 -0.019069776218932355 2.280696751981301 8
-1.6702603201001234 -4.269841407862452 -1.4118079727923618 -0.46873927629608647 8
-2.301303649497231 0.03734022668119463 0.8706111194223249 1.3495114873418088 8
-1.786520541953755 1.309870367293283 3.6511288671272597 0.3290804531444136 8
-4.283985576008262 1.1942775428406773 -4.275523185967697 1.0815197851071345 8
-1.420221740012285 -4.30355458714542 -0.22632567176084284 0.45614472134831496 8
3.717018702481716 4.019952145254985 -0.4666849999745122 -4.041924608257299 8
0.22766064613571257 3.213465518998586 -1.9360116375193954 -2.614087770256681 8
-0.4602813875707331 3.4212809047951183 2.4074525945094924 4.498642939157321 8
-4.426519178568708 2.7333838644846526 2.6725426250617144 3.986445770618045 8
2.9325465086610913 -1.5790772682203338 -3.5533834941903164 -2.736112664432221 8
4.267406865246373 4.448790238040122 3.5720290913604984 2.254414200483621 8
-1.4375205310117536 -0.6366608199768397 -2.3044594195604375 -2.609153910444647 8
0.3210296574028202 -0.7853634886132245 -1.0163260681784632 -0.5196202263354602 8
-2.893398328908773 2.7331917586087595 -1.5687775812860005 -1.1593379836793127 8
1.7767469158689326 1.1300176754261204 -0.26086405812050295 4.314692281478097 8
-3.944053600716636 0.9063950949663565 3.336498432935618 1.5101933507455865 8
-0.11288537694068079 0.4621905675508826 3.942529490418855 2.9196245001146703 8
4.251000981856059 2.475888967501189 1.0771224847175587 -2.1705696467658364 8
-3.18562223263665 2.0805416429619714 1.933936814368733 -0.7281733216834765 8
-4.090437186853551 -2.6548681121581437 0.09800796600423578 -4.1479001762611905 8
-0.16681291896688188 -1.340851298204484 -3.7106177586115847 4.137814722407118 8
-4.4421110357747216 -2.9650364243893295 -2.5028010868212975 0.02738605295171137 8
3.106569802472369 -2.217675509407896 -3.0799767358965013 4.272894902187049 8
-4.090761637409958 -0.7746631222475815 2.3791280325983593 1.0791903129691962 8
-1.149501218788116 2.460863144407417 0.6584330132087535 2.1195340464429333 8
-1.2900625063089675 -1.6323708444333518 -4.199702818871309 -4.28578733462444 9
-1.1985283986608017 -1.1863888678404995 3.858405593929855 1.9198364494822187 9
-3.1432358362504234 2.4336062857621235 -2.6713174294992053 -0.18595088435404217 9
1.9004053510621044 3.8869515978605635 -3.714921052070597 -2.97765600924291 9
-0.5289746827228746 -1.9242666006031612 2.81136189319178 -3.5549074912818606 9
-4.334063925465409 -1.9753113632471702 -2.9410612805580274 -1.658557360610923 9
-1.8389731071611355 -2.3794232615637596 1.2959691391062678 -3.756965261291266 9
1.1071165883118128 0.9141627098972013 2.856197362200072 -3.4135543786308737 9
-0.9894462474845559 0.36317643047377457 3.5231413399947233 2.757358211329165 9
2.0412685515128843 2.3272375296515295 2.972382909991655 -1.2036782417385294 9
4.231090433352682 -1.937337728981251 4.126966260232177 3.5856648607199966 9
-1.0282981782469236 2.40268724791244 4.306856529660138 -3.7221032260780973 9
-0.8554948393442873 -1.0892051595322996 -3.9438389707153583 -3.125114606216175 9
3.6741585749345687 -3.089881412042862 2.3415213231837777 2.8794599957156644 9
1.7478016065040531 1.3188385031694083 -0.24369339977987037 3.426990700971477 9
-1.7578772374592173 2.462342882886101 2.8695278906538273 0.6491720078177533 9
3.2006245463035725 1.6792418258129977 2.292875394569011 1.9162212507208445 9
2.592329587704169 -2.0684565973411413 -4.0773464098376175 -1.2018125024346502 9
-1.236728530892261 -4.193572948080432 -2.129730486571198 1.0840826580515794 9
2.1363897207792704 -2.0067650366269776 -0.8493502680705135 -2.3121331348631124 9
1.4105941150123282 -3.12066689896489 -3.2834297421621095 1.8953092362225803 9
-2.0681463438793397 -1.5903115097670522 -4.465479323134844 2.3988120531378136 9
3.114672533426067 -1.777318028392071 -3.40029329372197 -0.08041995651205602 9
0.49954292094113417 -4.453649912153348 3.7176439694458074 -0.48769623517644767 9
3.3327833189418077 1.9502963784575162 -1.785695342637731 -1.8401634835899654 9
2.157450166376085 3.879575415626781 -2.482502585842833 0.48826415562679193 9
2.3235195066509062 -0.7533816336131632 -0.43334762359540113 0.26461441003292674 9
-0.7186578664708075 -0.8116287898650202 2.478551985148238 -1.536728924068235 9
4.148599097369112 -3.618945470538476 -2.212765204430775 0.6403305115287936 9
2.7375987860602713 3.558801993163481 -2.889306031873525 3.0385821685002505 9
4.048184988426295 4.157503636152055 4.485623530686164 -3.731214067680439 9
2.68914189212966 -2.2042486670836725 -1.092295460829536 -4.154595604597178 9
-1.4745644863608567 -1.9587548549712523 -1.2043544443769207 2.016357602969924 9
1.6599511940486105 -4.2510479322740595 -3.751930564872508 -4.266357458169006 9
-1.851290354736518 1.2734019565918606 -0.21909805117525194 0.41402805162899603 9
3.3245458483736448 3.8854396010454764 2.4221483924199125 -0.18305819866468132 9
-0.1888540152785798 3.738009236977436 3.6848304910881238 -0.3121976111087881 9
-2.0335136403622074 3.8670692592143023 -3.2003918908592164 -4.244725786920368 9
-4.473500135412555 -2.3073618326806296 -1.9119044755002257 -1.4838604191917812 9
3.3269630198218008 1.6210084602319181 4.2162429828261025 -1.8872682581141933 9
-1.1252442819332886 -1.1133599201116908 -3.453682437952109 -1.6992792138515438 9
-1.1815182787523162 3.5006663767970454 -2.1493186148785104 0.8653372717241073 9
3.2666110385473623 3.4581403843616667 3.56157290923007 3.3588616060695573 9
1.6433891225453467 -1.5894956718780386 -0.5904144327324671 3.045970588709396 9
1.3318236383125224 -3.411848301459677 -0.3900880803160168 -0.22853976769103235 9
1.7500204911037764 -3.630608665927926 -1.7756945200328862 2.1253767165441126 9
-0.8972366766417441 -0.9890194929315702 2.2496857632508487 2.0882768298338483 9
-1.8280624903236589 1.3952443357850028 1.7745786553503573 -4.345599609097032 9
0.9814028686597263 0.7396353835979688 1.809875804496096 -3.116326713324604 9
4.073305707999652 3.979489782680383 1.939996818088562 -1.8493495109018383 9
