500 50
3.2738398701307463 -1.9358463129513588 -0.07552332975757281 1.8238947228954099 0
-3.840692507246376 2.3691348389725646 -1.1971470486329523 -2.4619942046167966 0
-0.425528481605298 0.3806718660789702 3.165710282043981 -4.214955108548605 0
2.0397220454475655 3.140145968533399 0.908621605766636 -2.5946502066504946 0
2.41379980028084 2.0982935098801567 0.22021255637304005 4.221689530883553 0
-2.322122177665034 1.9827782329926484 -4.204570620696882 2.3559109026594824 0
-3.9746042476945096 -0.8129796645799415 4.205596646621328 -1.7653661514948311 0
0.9960504647189409 -2.196766128943005 -2.5226257009123465 2.9524359345443356 0
-1.9289526520830131 1.6601737212910601 -0.6942523908008011 -3.2727483737029717 0
3.068277618497031 2.7823807809073924 4.374075312691037 0.5111181046928679 0
-4.499428538208349 3.8124908524975707 -3.0912559358682796 0.5403974821028513 0
2.7626864683108683 4.104111608588098 -1.4883676329805051 0.4992329644468282 0
-0.1374390908154105 1.4631660321526945 4.267366970575341 4.070477399091523 0
2.1042599183101127 -0.30499085714357477 3.088201100665559 2.4479313514523886 0
2.7490337875809447 -0.5581122402090065 -4.215703404977954 3.441887510196233 0
-3.338642067208409 1.2793551501865972 0.7033000862301652 0.5077738995951689 0
-0.19220667253345192 1.4230869484139286 -0.7547508705412256 -3.6446544547339568 0
-3.749823618417771 1.4735082446585377 -2.7290410297848693 -1.7966786344944183 0
-0.08153923431316168 2.2978308737185813 2.2157899860824326 4.490069649116613 0
-0.6491429950036971 -1.5317045831610672 1.7155947147186956 -2.550684081910624 0
-0.20069983833592975 3.775831856860966 -3.5948258424771384 -0.23810182905770738 0
-1.7321630514364124 4.364273686941608 -2.505683638851933 2.241913151494909 0
-3.476329169133483 4.234636666185037 -1.6963146822353252 -3.4704594292526716 0
3.3602549578428325 4.02535834170708 0.17440652233814802 -2.122316013790764 0
-2.370872881959044 3.217824139030287 -0.15076511325509379 -2.9406089954328465 0
2.7317788592395758 -3.0329569233827414 -2.789452747749093 0.4343176627015558 0
-1.83576540813637 0.6038386444749648 3.6633495598020946 3.2234963471344376 0
3.405264574192941 -4.158867505319233 1.5714502084797535 1.492799099253777 0
-1.2634036659979706 1.3823907990866973 -1.2754258949684696 -0.9742247966540734 0
2.1913990164668347 4.153775719512664 3.9813748646999745 0.9953814168998466 0
-3.385264563239028 -0.9007543299108476 -3.781713204291928 4.070777327322435 0
0.48030913947791354 -0.21718172063956975 -1.4401689419641295 -0.6954355277149323 0
0.02868018486464763 -0.9759877420541987 0.7184594343222559 0.9031756822649472 0
4.283653201818654 -4.165947456815245 0.5469888621909064 0.8531153536777585 0
-2.930214154260962 -1.043047345654789 0.9072526312487822 1.0196897348299636 0
0.042302889525491216 -1.1642240854290833 0.893019508974255 -1.2515268661105396 0
2.53508237893097 2.1767920361698936 -3.5320164800370812 3.7132443886339788 0
-4.456442355625011 1.260413699462811 -2.2051832401733638 1.7011979596865336 0
-0.6796209122195638 -2.1312514345495894 1.9139708727131166 -0.9403388823454654 0
-2.0770248774800937 -4.4711966511555135 -0.0060963602846968445 4.255308743648346 0
-0.23954359982431916 0.3624692200219304 -0.8784272797487971 -2.1546502944205708 0
2.7812350962666095 -1.1281351414699712 -1.5246874472607157 2.6210368000059088 0
3.5260567885073058 -0.024894520472933168 -4.059468459879289 1.1547712913226231 0
-1.193857372652358 4.277818375822962 -1.0910806773811657 -1.155002786095312 0
-0.9290254960555148 -3.2302223238843286 2.220656364332993 -3.5535011083286863 0
3.320619325524525 1.4664118496080003 0.7798079703587937 0.8529500253086685 0
3.1010401783473878 -4.200339102576441 -3.493309422620708 -3.453762219456211 0
-1.1264254915253749 -2.9896171917153103 -2.1368873508195203 -3.612540498143586 0
1.4989204954972488 -1.991560387777095 -1.9189845765962006 2.726999510816099 0
-3.763747139351924 1.3575108541046794 3.45648412063034 0.03369892227327309 0
4.491993571652846 2.1016290545230563 2.933876791731983 -4.043375962101014 1
2.295631346126224 0.4821606926706721 3.844696443231081 -0.3438705993915 1
0.7090002730195385 2.3150582540201627 0.7620432721501941 2.3905692612647425 1
0.010494830397826505 -0.20657323117219617 -0.2924305434917329 4.222589021834058 1
3.7809054687873602 -0.17207090766795796 -0.1269257746093858 -0.6266261231584557 1
-2.636607271795833 -1.1088827340190384 -3.2652199934814674 4.32124684710435 1
-3.236597508120407 0.6990477667035175 -1.118433743619833 2.9223820771453024 1
-4.224496331992525 3.3507814215854017 4.047566013320309 1.366150369188359 1
3.7252068485528618 1.357684244022642 3.0148467305667555 2.5718890601350823 1
1.4035205487446818 1.8375395176739826 -0.1754657440541797 2.0045136351282578 1
-0.29729374196144687 1.7702062602504052 -2.050631670484134 -2.285016633281233 1
-1.172719534849083 -0.0858998384023969 0.3802038477957138 -4.4026839333964185 1
1.3693865023765284 -3.8868603653480367 -0.04159325140417758 -2.5269881941402046 1
0.3125242826734679 2.106163973436151 2.339843893743579 -1.6685666827988521 1
-0.657701730019274 1.3590412945004293 -1.5576069213211425 -3.366429349579809 1
0.6866692378751499 -2.0862929737530846 -2.2331784667213266 0.93951476131259 1
3.518714081408623 -3.034362957519572 0.5190777526773573 -4.183893513589066 1
-1.0495643194422952 -4.143534070938971 -2.9926188635732154 -2.2807731981752455 1
-0.3134160483493572 1.196963777265856 2.9235021822636145 -3.750995643851644 1
3.1517828622314026 0.8189074449554252 -0.4150291329635085 0.4383469583677849 1
-2.091318727982804 -1.5574031131302957 1.595429839945322 -3.5813172431184648 1
-3.704294552489811 1.249292265395745 1.8198615364522484 2.882056194194961 1
0.6786929920928313 1.748765985601536 -4.439088801688665 -0.7711211897731348 1
1.65309351188044 1.712348245357255 4.296355199324487 -0.00820869140184799 1
3.4667744234634794 3.4918665743513353 0.7173503224722412 -3.435322003717676 1
-3.822107018935757 2.0423977333946204 3.2746291702035752 -0.2192335060632351 1
3.9270766218208104 2.1079754212987196 1.501975616554725 2.6298375116343697 1
-3.962332435605641 -3.916065195961327 1.9995394020571946 2.8435939149736393 1
-1.71510934596617 -4.212625798786291 -0.17633655416949623 -2.3928253014214285 1
4.366950387173864 -1.61523103572736 -0.26117586204576215 -2.6340268041774983 1
1.1906234482287696 -3.7085240950657763 1.3493048417778044 -0.44916554251638174 1
2.084898874296181 -1.4222343812440223 -1.7773501545122192 0.9870007512934417 1
2.7992015650150304 -2.1152823405450016 -3.151516204895657 1.0478378597917974 1
-3.9447465550612915 -3.0407895263026044 1.1570254448380684 -3.4402058111066824 1
-4.07401869513077 -1.5625552966825684 -4.395051267608215 -2.3832929133159855 1
4.1407970931619555 1.5136834104632262 0.5057277411560509 1.65191450222328 1
1.433717422562045 -2.931655050464109 -1.515539152726675 -3.7798590703977704 1
-4.482653561475581 -2.5299761253683 2.9090646313776523 1.0866526204690523 1
-2.732034815898502 3.0074295749004354 2.243832932996627 -0.7186969569779448 1
3.9866536735962064 2.847401365477109 -3.8364257606399264 0.23633917628384526 1
3.405237389146342 2.0483991221959146 2.9029358774412075 -1.3403634785819314 1
-3.2248759671777028 -3.4747485056773533 -2.8040246236020248 -2.4708728211934208 1
3.1874219371000123 -3.6919294743046467 2.7602749346083066 2.896417708588309 1
4.3237292733830825 2.8497112782452345 0.7448493971264825 4.488389239494893 1
-1.6189379437510134 -2.2272751253510448 4.4500991626347774 2.722209135618109 1
-1.0529350309286882 -2.2569150757173158 1.7470681343278187 -4.3224521475821795 1
4.304070188888899 -3.974765760752934 0.5015611288717066 2.8346148322441986 1
-1.5344642730656588 -3.82543945241139 -3.8928867266076144 -3.9001365477422083 1
-2.867320192563212 -2.089832093186829 -2.6297427066305783 -1.2924468013928407 1
-3.7021024273060066 0.13219260731593285 0.9126515560846449 -2.7474602259239242 1
-1.7416175283506696 4.141589080210596 0.14926179409449258 -4.342122947044652 2
-1.9650203739177572 0.8332015197704513 -0.12672149748647865 -0.2734139675127639 2
-0.5212457844038474 4.386267154653268 -1.41297652251638 -3.4172309429820333 2
3.139811233463908 0.38612240872761694 -0.4029935261570775 1.7694844743896274 2
-3.8734223595208994 -0.41988089220956715 -3.3656397901086494 1.586464292526136 2
-0.1463230966903325 -0.7605947722646033 3.072450047156328 1.8478894968558992 2
-2.2262885438805635 2.7158678665145173 0.16110617307509734 -1.147208793782101 2
-1.0772485215127472 -3.580192207927435 -4.043593720740957 2.466910272846152 2
4.068456040739414 -0.5852703265357457 -0.3139412586502993 -0.9388053190888626 2
3.37877137993738 -3.2717576572110163 4.098359017287504 2.6965162902327173 2
2.3133272309120994 0.879128552066392 -1.8034562367337976 3.8668621905800262 2
-4.1460435394236 2.3284391383456984 -2.378047924778161 3.98243080501402 2
-4.273477317337169 1.0367706732311293 2.083053807788624 -4.420272425439235 2
-3.8553881249493847 1.8870550210731887 0.8660106954316622 1.0617345606213147 2
-3.183320138332046 1.9985331199416643 -1.9826319039716174 2.9706469741811494 2
-4.042935390293721 -3.78098094810024 1.4046761182459906 2.4149410697095934 2
-2.5066008974191525 3.472021213854611 -2.9875847056209217 2.337368708940201 2
2.6551377396540516 0.0971964326612299 0.8109985941463927 -0.7519955729137359 2
3.8331887000910214 -1.004245733552278 -3.9533522600257016 -3.4044520086515133 2
0.21082571570095776 4.374763416935645 0.19405116011165502 1.7305457994767979 2
-0.7030619484579895 -1.6765228763671116 0.759478876056818 -3.291909757018875 2
-1.7691819212543132 0.7052668799103894 1.9056813348744255 0.974414256487658 2
0.2792004124363716 -4.160186737715739 -1.9478901139163776 -4.4178223455777506 2
2.7286795970785223 -2.6592301581612814 3.2182700201469214 0.4605578903727128 2
-1.8298052737262147 -3.91412265647093 1.7067159919117447 2.970718788282129 2
0.09707242637991242 1.0641281965475455 -3.516294670204006 -2.2293156985272273 2
2.662703293755811 -2.2477103583079403 -3.402132061737927 0.9571421386647797 2
0.5249293381246861 3.4733343406320136 -2.0582120140143267 3.742829561061355 2
3.250990873839574 2.6622417910016627 0.30998503706016434 -4.444121354563344 2
0.7681330461062964 2.397227570840456 1.17254268962562 1.951857654477338 2
-2.5616492033625393 3.4508164323151567 2.7709272333311405 -0.8470188743558965 2
-1.8452896336792788 -3.1059881257013418 -1.0310784059013662 -4.080417107035099 2
-1.5177924795441764 -1.0392929115268186 -1.0878716260406378 -4.447583589150372 2
-1.6492687974077396 -2.7141801623333293 0.13559970971469526 2.5526588199778164 2
0.30740204869330146 -0.6321595189969114 3.8914067363945977 -1.1769951576045163 2
-1.8692518244563567 -1.3255204965477736 4.260711413589666 0.9460987497399855 2
3.7310727557765664 -2.335261029210137 3.418049347807982 4.4327633235984925 2
2.3504591599428517 2.7054609689165874 -2.9740186352407765 4.053522782334612 2
-2.897693884611568 0.49234945817144904 0.8304719709104528 1.4749027995242605 2
-0.3401297386407508 -2.6672007959878288 2.434024310005925 2.9524156435217623 2
-2.376136827162596 -4.4520179598521326 1.427111280202006 2.417511485810636 2
2.967059167521591 3.4416905544528937 -0.18478113257507822 -2.970741765519501 2
3.0666015292053572 -2.2812584388949637 -1.4570892095815766 0.504100426130509 2
1.1808454400166961 -1.8099400963582082 -0.39160323393554186 -1.4529263339214742 2
-4.472861752745372 3.707092637367402 -0.3667884956050842 0.5225906319427295 2
-2.5115050559118806 -0.16922814094119165 0.368398663382143 2.0010077600428158 2
-2.754762910398414 2.946050062911009 -3.5416036051431066 2.4232385369367204 2
0.7358582337536794 1.7173417488001874 -3.478992181465821 1.5698579221759368 2
1.1726549275902132 1.3867327782934362 2.8129859730638787 3.2144019819231424 2
0.6307485759868541 3.068039931129674 0.5044177886977209 0.7635200480614758 2
1.4686095873436198 -3.1098772024909374 -2.1016122035113547 -3.735756941703518 3
-1.6791292216079603 0.9266160533612166 -1.561870738985561 -2.5357156164421877 3
-3.1737127167094448 -3.8438053011727535 2.567027424047528 2.156444249024477 3
-4.110700435519315 0.3346262667077876 4.425147019779392 1.6536405244181749 3
-0.7525252716919648 3.3795180126367916 0.27688266028388653 1.9327206135086397 3
-1.298420394120753 -3.2078924971946456 2.213370835075124 2.979966004908984 3
-0.8767573355284041 0.6974768971903638 3.6083002234392967 2.659485299777452 3
0.7424273919104664 -2.4624324657791457 1.8456423949045075 -1.2072770889372655 3
0.21310140419602663 -1.6214532554286505 -0.11920898938479707 -0.5138106802157525 3
1.8596219856001408 3.8671398143862263 0.6620185915395842 1.7528125698231114 3
-1.4749378512360325 -3.1098398475676436 0.5867682143568158 2.029215898143901 3
1.167755724334219 -4.274943810910671 1.38543262646124 -2.263566790107928 3
-2.4282153919028255 0.7533321567986219 -3.113547345262404 -0.5152841136503558 3
2.321133259214216 -0.2999941373688274 2.6282640935342036 1.0130593319686048 3
0.32536731020261744 2.4460358837464433 3.316214523997549 -3.5006642338314142 3
-2.3671406170379488 4.083640712767652 3.11877161145486 3.92061400163602 3
1.177431712202143 2.6270008109084393 -2.3972066096938036 2.0266368295896715 3
-0.2879002902598198 -2.758430840607815 -2.507638225417837 -3.182125534924208 3
4.35534209292238 -3.9913529676378197 0.6739944410261698 3.4819277569512983 3
-0.9198480896043553 -3.12866886971533 0.7145713300348323 -3.0411650060415845 3
-2.7224511678544028 1.172638585997769 -1.408619139344139 -0.12524849841975405 3
-2.0982962236916562 -2.0260422625882564 -4.389636853684545 -4.2410264980097985 3
-0.3371642565759163 -0.9789807960325505 -2.735689550342354 2.819363514761316 3
-0.283403545209547 -2.2051166242596696 -3.9811042380005164 2.1220593739458615 3
-1.3022344536890036 0.5327659897978247 -3.0676515277069187 -1.0658409812677352 3
2.5640058636081937 2.55640597230943 0.3404101068435279 1.4013987024827625 3
-3.5038155040334025 -0.6203291754859681 0.6652289434845574 -2.460471190423069 3
-3.1209696646164926 -2.1795248549225716 -0.33980364544096997 -4.110469575034666 3
1.040202608099932 1.6518309751506883 3.3579155282538418 1.2906693059940975 3
-2.9671285408069674 -3.684590334754084 -3.8219227144351477 2.4092224910035513 3
-1.2226947000597799 0.9064651017254702 1.2322419645537208 3.5053354826652394 3
-4.123788575288635 4.1395559584814805 -2.03284264400549 2.7754468235433345 3
3.947486421492624 -0.6177579189603657 1.4955550694350261 -3.8853177208246157 3
-0.5197613005557079 -0.5592210272934448 -3.049237159722774 1.1794395233169919 3
-1.1666772973003123 -4.451949448657132 -4.327172373823011 1.2006779923420983 3
-2.7635637843112955 2.169098983863019 -0.7583676702920606 -2.372860230302875 3
0.7976764344781732 -0.0769537312263624 1.2914090104731435 -3.637799070612679 3
2.3289865614932475 1.7670185481507334 -4.24638462109616 -4.474607899073846 3
2.4019022016496576 1.4251221273457853 3.956434886424123 2.1184970218808745 3
2.533317391033009 -1.430416406248343 -0.9638543363809438 4.353374994284523 3
-2.9868080995229063 0.2565488163315458 -3.872809914363371 0.6536647317737465 3
-1.981056435414319 -0.17463544455854896 -2.876758507581056 4.493038485294608 3
3.296457234385972 -3.707212422162172 2.7128125643665904 -2.7363215595661208 3
-3.0288449177041055 4.4857902080067245 4.302101880610658 -0.8676424753353034 3
0.1302791162213569 0.07852769744969346 1.378242918383705 1.2833231737691007 3
-3.1286340037534894 -3.5657393778616466 0.43679068599483273 -1.199782028552804 3
0.7310243045413642 -2.567089794938603 1.924492337509235 -2.3406757108745015 3
-3.257388435226686 -3.9236498801335555 -4.115960611019546 1.4098423327198288 3
2.02281030330559 3.4561491532726007 0.08731770380013726 3.8231312727463376 3
4.321449765305631 -3.0699141538854855 3.450012201590282 2.629410357080428 3
-0.3353003455129956 4.001807610537976 1.1824787383422346 3.2513523302696856 4
-0.23935181658410543 0.8947354480728271 -3.934009490656585 0.3484344622391976 4
4.130401067180116 0.980700229252302 -4.092429721501739 4.210165421244897 4
-2.9529416288055104 0.9706012680455123 0.576072605919742 -2.1630257456296067 4
-1.840257649264793 -3.410412733873586 1.4101650692524563 1.4881072746559183 4
0.5800144718177899 -3.0356765947197695 4.158160778412388 3.3017740429306652 4
-3.280943688713531 4.104414860842771 3.52873662617592 -1.3589952438083897 4
-2.5883217894501933 1.1545740645023805 -4.379038596339081 -3.636254001629309 4
-2.387172146203884 -1.5833047045138682 0.39585214733878515 0.9490411916002958 4
-2.248158321408685 4.201707643472799 1.596556964161802 3.4262961250412176 4
-4.272575129979553 2.505389636535906 -4.354692857041377 4.408168441356095 4
0.7277378182227136 -4.01565368932874 2.493205123598392 -3.417025917695558 4
0.6043673941202965 0.3559870198005648 4.488261210338409 3.282663149575619 4
-3.0710563991304016 -3.2811045883377323 -3.51616773994447 0.25183035765494677 4
1.065075384965148 -3.163899787632782 -2.0436446552533987 -3.1168910809382018 4
-4.3867686815613585 -3.8495631535032198 2.6580621472984176 -1.0860954973883894 4
1.4379717986377276 2.7691042720198284 0.45809718707476277 -1.3700850739706354 4
3.456951631323128 -2.6056575924715673 2.2750834651774654 2.374424920206821 4
-3.736861024541301 2.0309669217804136 0.29788011111035795 -2.5856632071909376 4
-0.5183706903127336 -0.48073309390293173 4.355221466855904 -0.4399723950014828 4
3.3949702369712096 0.4018899523022622 -4.39212544531704 -2.892758283646577 4
0.7098035140254384 2.0901070300092583 -3.854516856192301 3.4223965118933153 4
-2.6510462458499267 0.9567810978853807 -2.635634502800374 -2.8267068096559393 4
-3.9041804938542652 -2.037387638179451 2.4958193311018237 -2.3074984499292794 4
2.91667803860596 1.3821047339768582 -0.48069061547693104 0.5017874051259883 4
-2.1579139068781363 -2.483024793029167 4.130556689075064 1.068611940934959 4
0.5121678463427015 0.6370247772991589 -2.710558984400834 0.4387314495500375 4
3.3355472075284043 3.7323974029107285 0.3043677665210358 -1.723405281777218 4
-2.418272460978401 1.2162444937639032 2.923251004921398 -3.9473113705665988 4
1.1978352424739436 3.023718442523964 0.18858777198719923 1.7170961983322326 4
3.931909725679254 -0.13564215758426756 -0.7018533603669074 -0.9498238569539716 4
1.0149389197445045 -4.091204665393157 -1.4428354411324995 2.7102421782906565 4
0.9870950352770071 -2.227376865771661 -4.1776866622939055 -4.4077880562829925 4
3.767973255390914 2.7467041780279793 1.255179957083858 0.8334983755664731 4
-1.4332627313239021 -1.7288412588711974 -3.000082915666487 2.988296189413679 4
3.865743198690581 1.3479924772195586 -2.7011733674273772 3.5265988938138264 4
-1.9223215468298618 3.294393798277105 2.586897028293597 -4.267562923316425 4
-0.146408641025505 3.78388094855924 -4.450464268997904 -1.151440739342085 4
3.7321626665036685 3.3622524307677515 -2.1918771746603545 -2.6570088519288895 4
-3.4159522403531506 3.944003826743162 -0.9146070166622428 -0.012767721057552972 4
3.8771252632814437 2.757206873027086 -1.4065835652806458 -0.6418208795234641 4
-0.907625843918348 3.2791524270324257 -4.25458967326506 3.837837784047582 4
-1.7095207536881623 -1.8392222997348484 3.6466928618526984 -3.9922675001830434 4
-2.9446929802085777 -0.5635636642414432 0.2589203762350847 -3.783129551074628 4
1.554055862170745 1.6527316185232444 -3.1332295136938115 4.016033805331537 4
-0.4965949021140955 -2.9404266674769275 3.141045870591402 -3.228053670460551 4
-3.6983701726975253 -2.1696957963369887 -3.707133949364377 1.176446387656302 4
-2.1335310572403756 3.41868559694363 0.1490204765487665 -1.3319143324631657 4
3.1998334811841644 -1.5145260014981692 -1.59862628863877 1.1742181533067124 4
-1.8059080772623772 3.7002764215046926 -2.236437383739789 4.237707705463618 4
-1.8062300617887006 3.5933220016997853 3.1318374532644104 -3.7270663664371035 5
-4.345828357450448 -0.7184613490848334 -3.0902162562378135 -0.6948767359909039 5
3.707297918358023 -0.2585621967071744 -2.1242641171908856 2.8310799175367354 5
1.461782077147504 1.145813623185636 4.0498592563676095 1.7867114004271867 5
0.039138554090528466 1.3820073998878635 1.851019262255121 -2.711877201858372 5
1.200056273398066 1.316680205333423 -1.3966792556810659 4.4627837085091535 5
-3.267228030340801 3.6975445823222106 0.17486161731907912 1.615549802246242 5
-2.0590381682988883 -0.2604725022539678 2.8532387126791083 -2.297362197782147 5
0.8694967832571248 -2.7491711607892744 -2.3598580181772593 1.0753277372653527 5
-2.051832737881515 -3.3396187509667112 -1.3145146482239083 3.26379006889111 5
3.1914496205036222 -2.1762461430244664 3.1963250725239574 -3.3201502176565674 5
-4.392712109057062 2.8992259305775305 -1.3089553795997086 -2.485205128627225 5
3.463788577292779 -0.3265402825939372 2.749707578256239 3.91076519303716 5
-3.6815619397554533 -2.790694990061401 -0.8538165235084864 -1.5979472927937688 5
-1.9921104603751092 -3.43063460790059 3.4545930768455184 -3.7109107434953215 5
-1.5585113533844859 0.5267314637265664 2.6467571249608346 -2.9111847982679597 5
-3.647584624935244 -2.573610841477742 3.275230348718618 -3.411061411022785 5
1.787899011111616 2.630340336960732 -0.49338354581937793 0.42069011560054237 5
-2.19278956351743 2.2833794407902963 0.5435390960756893 -0.04268080967591115 5
2.919855836651059 1.7084384491487639 2.7898848921793173 2.9463311268275008 5
-1.7667666396246537 -0.8115425717401407 3.7945257718147087 2.922362155248527 5
-0.926535929869752 0.3419635395002949 2.527977646672027 -4.411279501716114 5
-2.886960945078873 1.3146313412871695 0.7393717608312604 -0.6224652962694162 5
-2.3891434500453865 2.9469330291180578 0.4129580531843349 3.7549114788750275 5
2.6806655267030837 -3.9189434977106785 -1.360655556890312 -2.3957298891593286 5
-3.710386180882276 0.13290122335020849 -1.8751108419491604 1.0542380370435567 5
-1.7251073397193917 -1.3784116122430046 -4.340359994835773 3.38491138422305 5
0.0331268098496843 1.9490500900377992 -1.8192305044249406 -3.541138416853843 5
2.9478228869034773 -0.9043242260076609 4.32173853178448 -1.1170613313262732 5
-1.0020883431779075 -2.6129402527540133 -0.7828721031063439 -3.226896274262928 5
-3.3942156695451065 -0.7154661648714622 -2.356311928005533 4.029069091944575 5
-3.677566645130041 -2.6525583798108725 -0.6700946427437369 -0.017650317082367084 5
2.590547176102653 1.336635134668585 -1.9620060702832618 3.250558860910856 5
0.6785297065025084 3.0299109673662397 0.4842819844112125 -2.214662742360308 5
-0.5637018815680582 -3.8001452450623816 -0.4721577897201945 3.093824760073181 5
-3.7748424858156087 1.7191614858633049 -2.15558066264101 -2.7122060820995473 5
-3.0961715991013934 3.740699690259993 -0.03422644056264057 -3.182826766670759 5
1.5911261685246272 -2.4105735859622888 -2.7691889723081724 -3.4685198574310947 5
-2.7958128852452315 2.9033309700616785 -0.021069837784094436 0.8711490280688201 5
3.72511902511223 2.277397212423856 1.9362637928843776 2.812580750593182 5
-0.7530074172080897 1.1619059258712297 -0.04415034005983476 0.6038543726376531 5
-4.02033284244602 0.6007916938639162 -1.9477189503918706 -3.528210638980214 5
1.0856701083993456 0.2509702711050089 1.9091151576147811 -0.10973447349618592 5
-1.0040657909980641 2.567661785919383 1.4108460711538249 2.2702175972188825 5
-3.014712935276028 3.842384231355906 -2.8074388560140306 -0.19631743082296205 5
3.024610818580211 -4.1700693356879945 -2.316326972820204 1.043979743514318 5
0.09416783798685291 0.8058881893946052 -4.396147165823016 -1.9510960336320213 5
1.6332249573290243 1.0076702114070777 1.5499544956891063 -3.130419005390217 5
2.4513232455263374 1.3569393460024335 1.2158399558403326 1.6782814053616746 5
3.880905084864555 -3.7463629583537568 2.1211926485800867 2.8232537341588726 5
-4.418649744003027 2.405268537295964 -0.03671076974205478 -2.573836407654368 6
-2.7406249273720342 3.23970850267973 -0.42502951516272736 0.1348007354350227 6
0.5628469810123934 1.8088363182363967 -1.2283857029295753 1.9325097146948549 6
-3.0069202933408863 -2.852222618912811 -2.6088136418068055 4.029896108914769 6
1.1084595802339785 3.9030118859470373 4.135117464454216 -0.5259771373496948 6
-3.008129910712607 -3.596156524895223 -3.809562247252764 -0.41510990623617394 6
3.230702171948072 1.3780998268809663 -3.8174778749598484 -1.8697489112188916 6
-3.530860319342927 3.1365814680251742 0.9502585468166427 3.802741397200291 6
1.7177483729852914 -2.2032512438563043 -4.235976329545204 1.9895156065831388 6
4.420214799981765 2.8062007980065915 -2.82679543509338 0.6892731635671854 6
-0.06847941329491847 3.2542669752656166 2.799518475450866 -2.93528987808146 6
0.9853377419271486 3.2039836336437255 4.159296167474926 -0.6695161405780696 6
2.8573404422776485 2.3984433952164763 3.755090281669929 1.5151002631784327 6
-1.9954002144384118 -1.8299616473063463 2.047545338269416 -3.839717227578099 6
0.32089374717369423 -4.465633978232919 3.8349528608196377 0.2625139176999426 6
3.905185590480028 2.177424144861483 1.8953768980380856 -0.8019746145258645 6
-2.235330858955302 -1.7229713365206827 -1.5488858353368737 1.288801515764347 6
-0.3881854200789787 -2.7250104679148923 -2.0971156114322436 -0.910264682679819 6
-2.376864711591237 0.9455560934691077 2.687483333547813 1.2347486228161437 6
-0.7026625589314517 -0.8822930430951496 4.311988940253725 3.7336701711014517 6
-2.2232101624718674 -3.644425299092648 -2.3452731095986055 -1.8775836434932782 6
-0.2197100847992931 -1.9345621600267913 3.0369032516149463 1.9427776329240793 6
-4.392562572729479 2.994504315297988 2.887854739018956 0.0559674549705258 6
-3.3619138599703398 1.3818678466091985 -4.350656300354048 -2.2922625882501455 6
-2.986102366262353 -1.8696150858068967 -2.53846927162607 3.198337851966123 6
1.1620804202839117 1.4380301345473636 1.2198654329261969 3.7682525067212658 6
2.6316465275150476 -0.4115398216704321 -1.8138148764606963 -2.7855041867658112 6
2.955939380711501 3.7396663068323512 -1.3855897744070833 4.262092033235229 6
3.8552393985887567 -1.9554399802885154 3.8554117256163076 -1.0128057506390094 6
-3.929987491790927 0.7659781198994948 -1.6998072962400528 1.584322612153708 6
0.9459743316417705 -4.357730879405983 3.1012831890160695 -4.31819164103161 6
-2.3995324526231228 3.516117134638578 4.382941100704885 -2.9592454417116762 6
-4.354214521050485 -0.11539449292350978 -3.981787336627041 3.6680616154596986 6
-3.8884277459450645 2.5161650606683246 0.4639020938338738 3.7847966230070655 6
3.4552374040848495 -2.6771999852917565 -3.0198099487354764 3.6507380064265105 6
-3.02619557283975 -4.278859889524982 3.1292299951030866 -1.304010361097028 6
2.36875607442336 -0.4631130052158655 3.4975612378685503 -4.463564223695452 6
-1.2653416869951217 4.347851826742678 3.207025098959104 3.0458895910631907 6
-3.903116571017276 -0.5629299993533151 2.0875860472608103 0.5135713068566121 6
-2.493702473199694 3.4689556279295974 1.97690627839407 0.28823285564898204 6
0.2424183031489907 -0.15476722881275806 0.7953862476918607 0.9224195956186624 6
-1.4799280355012614 -0.24644121744495862 2.4663159855452585 0.6476087587568208 6
1.2845589157830308 -2.4371631939646647 0.39753331829161986 -3.378133924769048 6
-2.2748106058779767 -0.24783983691861156 -3.7001578923928733 -0.36946257492625256 6
3.4031717765364524 1.4683835990626852 -1.232907376889051 -4.054396058833797 6
0.31810930150536654 3.0178061066846382 -2.0111131657249697 1.0512372230737546 6
-1.9917782810677485 -2.9521060078487817 -3.5670558205419165 1.54701719377061 6
3.030779555478108 -1.4726870353987112 3.2056624383893233 0.06935579464371755 6
-3.593034126446367 -2.244671568661095 4.037726271899697 -1.8599240979965785 6
1.5633690820626311 -1.1492697999573287 -0.8759004482042095 3.6924574366835703 6
4.154088780093777 -3.524812651257117 -4.266509468396398 1.734347860162277 7
0.4090495106658967 -4.442692755628897 2.2469581930741622 1.7739900695931734 7
3.5232051539959848 0.5857429331568228 2.6931926083506013 -3.805906705241977 7
4.469173913963585 3.415838663462839 1.8096367990331084 -1.0652350051052295 7
1.1787244553969256 1.867753640377972 4.177398003927284 -3.011094065329503 7
1.38120134184252 4.418536615169517 -2.2154170679138137 4.442835140015949 7
-1.1527842776102142 -0.8688527413337476 -2.1884485633336594 0.4177808721263273 7
1.7171923594699212 2.2852948040709125 1.863696753803131 0.6154012774052124 7
-3.493244424978503 3.2872443431357814 1.5339325278271048 3.4778416455328873 7
-0.4635332855005587 -2.8297414414501403 1.1739187641265683 -0.9007861231059612 7
1.5018706147019434 -1.05549552388353 -0.4794570129026271 0.5986100099607959 7
0.9390620461032907 3.115243897805863 -2.80277108218006 2.1249508912485 7
-4.0155396635426905 -0.1166830972620968 -2.099985782270462 1.3565653306662167 7
-1.6484230308760108 -0.4608691214082703 -3.0738421994289875 2.045932113632882 7
4.032248128996823 -1.7535634676229 4.268507004871604 2.628950220719684 7
-0.42714309314249765 3.846253040163111 0.06960706111940551 4.454419682642542 7
4.4947155182926934 1.0337405979883365 3.825074135868048 3.648957878501605 7
-3.3809854746879773 -4.4683187235437405 -2.414141428185496 1.9785379115081776 7
2.1660493691181437 0.0015551574092588227 -2.079487311319147 -2.8667871128395523 7
-2.1638944180994977 -4.100294640401361 3.103453095027059 -1.1409774892234041 7
-1.3359953887405531 -0.5067743014264446 3.4463362298065574 -0.2444691598764831 7
-2.0962385927560905 -2.7085658794472276 -2.6530836258392676 3.2049615851130238 7
1.2337110542794294 -2.845437965115974 2.739167781079458 -1.8697264081865441 7
3.021936058812664 2.817835563235281 -1.2397084032544063 -2.661566800313425 7
-4.049675055617594 2.1569847511572227 2.4425176135867774 -3.302092130299466 7
-3.255406615058241 -1.1423351277167428 -0.8349023412263508 1.7415336009111666 7
3.442978448437784 3.8928086564953475 -0.825973632911532 -4.447758857663871 7
0.02481470476314973 0.7795943113440701 0.4157912419650339 -2.2813726355144475 7
0.32040014520393456 2.3798001457067426 0.3565679419845368 3.8846104712943927 7
2.3620240217651984 1.7265407751257964 -2.3058162963199482 -0.5586846734667426 7
-0.4660543099072657 -1.543438974676966 -2.569854229164292 -4.205986781482917 7
-4.354912780133656 2.0413280277524826 -1.1204177150675267 -3.417618972111793 7
4.120356061697885 -4.471492550012149 2.6982990361422465 1.0827896054622028 7
1.0541715509444205 2.131107316907929 -2.470593804142699 2.438427019413248 7
-2.900445240464361 -1.8921641567740308 4.123551508599366 -0.9676522265322819 7
2.1330899228967226 -1.560017943979788 2.106177960341183 4.327828443059685 7
1.189681456678238 1.224723524542111 4.129902643454228 -3.489545541758396 7
-2.48804370257788 2.705318970196621 -1.8065319552020527 -3.2948536485739677 7
-2.7474850367849397 -0.8301042613849364 1.4234984021588557 -0.009338179853276896 7
-3.3341500101130146 2.685256137589875 -1.0848549380698578 -4.002111645588131 7
-2.804050752100985 -2.6443650212403003 -4.103817988700006 -0.2884896109967069 7
-4.307032068465967 -0.24734174604335557 1.6205752754867766 -1.6694351567028591 7
-1.8873227999379216 -4.1667179795856555 -1.1242032546031757 -4.4321039269201545 7
1.6742415122902812 1.0620284511777438 2.0015196597819322 -2.4602105292555865 7
0.18328449283506665 3.5749459743872736 0.6352595315207047 -3.4446890420184566 7
0.39701308711819205 2.318175710553983 0.11519930728023375 -2.5388653951913716 7
1.0263272306738078 -4.200988794579176 -1.128540711392799 -4.233722346088754 7
3.7759507859066366 -0.7627410088268419 -3.4009266277427654 -1.8743013480786874 7
0.45886028736927087 -1.178708551847743 2.987444147433047 3.892753535351511 7
1.927533527302214 -1.0387279085732146 -2.824931365998081 -3.0060617320663354 7
0.39245190045475065 3.4542795537866735 -0.7301541205094249 1.2864002354802166 8
-2.0000684101315827 1.156507421335063 2.177844067120901 2.7380035915530065 8
1.3106151261806538 -4.1517214398978 1.8662542794735364 -0.9999275909927733 8
-1.9261612551892302 2.9977754012643785 -3.8602394082535207 -3.2017991369653895 8
3.75586629838943 -4.394351951431707 2.006443355468658 -3.7464326728161526 8
-0.8527336220239826 2.504650957190104 -2.835599607008362 0.3127540776153529 8
3.2560733962514554 -2.981522028595411 -3.5716514748360186 -3.7261999350796895 8
-3.1508199161884587 -2.837830553882408 1.6664329174072305 3.397436381258237 8
-3.401233384712448 -3.059110474446531 -0.41453397349479404 -0.6332328053508534 8
-3.462760295896417 -3.0875056543987562 2.6874628965627627 1.7858886213344534 8
2.781715308497116 0.34659378863732926 -0.4411839383372229 3.1543921553669367 8
4.147004095429406 4.217445503754887 -2.722643241925841 -2.106707937165515 8
-3.7380199203189486 4.024147735052589 -0.1941023463318704 3.3875680886481208 8
4.339937228784299 3.7916058506979864 0.10431115340656716 -4.2653138936876065 8
-1.631103369541449 -4.008879146796553 3.835784770210366 -1.4382753359875826 8
2.02175389344872 1.5373251199483706 -4.429573610378904 -3.926658283297013 8
3.5529396232521777 -2.6514238501848677 -2.8491409835450656 -4.477300813989664 8
4.084817036241375 2.412237466645955 -2.8902598859810955 1.7090285625256327 8
0.436654760375101 0.09853042977166326 -2.5437503867454145 -0.8006195039835363 8
-1.2538289718407678 -0.7528978541672599 -0.8895138280303397 3.971611217160432 8
-1.1190721369643046 0.06021582003773451 1.2730928180561945 3.0417491241137724 8
-0.6889262603974133 2.66408971639338 -3.005272344648593 -0.9305175717034571 8
2.7032138726869275 -1.3677337151818727 2.253681257049818 1.1508813776307543 8
-0.058521439973932776 -4.487934969124229 0.6557108765628215 -2.369771543145337 8
0.8947995272547038 -0.3001191023459626 -0.40987014928427823 0.8323616670541331 8
2.766388599829657 -4.268620525613601 4.2212693027326305 -3.1649989670800425 8
-3.6536771106671004 0.6012313696822985 4.484952035027548 2.0788497572570543 8
-1.79076019962689 -2.2221217122782515 -2.2681799434703334 3.97571821727508 8
-3.233461469163199 3.7792236192659203 -3.221743803651165 -1.559969673943435 8
-0.6583857172535522 -2.6949453084642903 -3.5453327354648523 2.0307919538322787 8
-2.925120182159242 -1.2074250938349362 2.0680234479498645 1.246602414667827 8
-0.6523806107241006 3.879688726499263 -1.2085660096150954 -2.4528597778637815 8
-3.421476227443053 3.1250546761000035 -2.3259703073036047 4.022575966570989 8
-0.5444820586732537 -2.88497081034406 2.604187274130246 -0.5188889602548711 8
-1.794153395013034 4.164654064627946 3.7084956421637316 1.55023166417095 8
0.13442713225959424 -0.5848662159634666 -3.8562924396275835 3.014515567558534 8
-1.9521484261279844 2.0763286195245603 3.425723782290514 -4.059074498242565 8
-1.4664158031941816 -2.9574136818982972 0.47204117114204724 -0.5087124747366439 8
0.2941580549687236 0.8190005367986962 0.881819298180551 3.9589880669182023 8
3.325758718906032 2.5388315506820653 3.7517764692729276 2.717065711162746 8
1.955639047862767 2.1507406930161785 -3.494035450505568 3.1610075938656252 8
4.0301217323367196 -1.8957333852508709 -2.930039325788272 -2.746594253072657 8
-0.23892697070476587 0.6486835866816237 2.0853248138239886 3.659097101824898 8
1.3133267390179792 -2.7379220457685536 -3.8960918467575576 -1.0962998101332806 8
-2.0051207194381027 -0.34114122322910967 -1.8603614908863868 3.89490444523462 8
-0.8751959886560292 -1.248691017665283 -4.184196494950322 2.504051237931333 8
3.3273318725750025 1.190920985991026 -1.7907398990779482 -2.327547990189051 8
-4.023949259672083 2.1495668038365947 -3.3284933870838804 -4.187794031691716 8
-0.26978913863861664 3.925749075606854 -3.583025056134642 1.4087760826992097 8
4.410951042006735 0.541245359966841 -1.4146803623689053 -2.651790543290681 8
3.9248010421358606 4.0654163207356255 4.443395372991916 3.498397007076639 9
2.5825155109126743 2.2911276744477247 -2.3472305192969527 4.211804703822505 9
-0.3909395754865158 -2.2604799626872376 1.3498426918445285 0.4371110419798183 9
0.4527055030024948 -4.131945333141668 -0.3095574093828748 0.4494679600629946 9
-0.7451117184674506 1.897537109064664 0.3905475301973942 1.3483149734855675 9
2.399498824535923 -1.235807445833529 -3.184920814360302 -2.015704433869968 9
0.7746671747200361 -0.20360709180062464 1.9922683341506497 1.8294080227101617 9
-0.07770431589798144 2.4073331924365045 -1.1911424524075316 1.8710953746840715 9
2.4957461126769687 2.8279749822025897 1.653909632568031 -2.5777365054639843 9
0.6653197481788592 -0.7306442317930364 -2.3828309826532608 -2.3579291591169014 9
-4.06167620847445 -4.12547231251453 -0.6851204193051845 0.11270731261447586 9
-1.725126516965356 -3.1055504424989406 -4.44345170865662 1.4239975498440023 9
0.8664600744461501 3.9863731406716694 3.8610437417888006 -3.396281789695687 9
-1.2599471380218072 -2.310708995377623 1.4278096457729608 -1.014036034771573 9
1.1102290286141363 1.325907867864614 -2.294506447437319 0.899292290879778 9
-2.954843428346364 3.9697552999635826 -1.7380098043222802 3.529795606900031 9
2.1375073550175494 -1.6883681458027 -1.5951090662431575 -1.3150638546717688 9
-2.372570149854745 -0.6807528216994204 1.9113608021235944 -3.614232478256387 9
-1.044009657299463 1.4040247154180714 -0.6737253269742329 2.8399745345213656 9
-1.2227133158209433 1.678291246395919 0.0926030222699874 -3.680340291574266 9
-1.3061920245967573 -2.0116516938136386 -2.4142588958211935 -4.031670189453016 9
1.8569947723977154 -2.590500519406881 3.301202102633934 -3.2701397744204286 9
-4.153246989165069 3.2603062623467163 0.701752632223722 -3.5458552256563487 9
4.293481029363474 3.882057144219882 -3.2040266265963417 3.9747722790345152 9
3.3947814990841074 2.5965133230500568 2.416408994184964 -2.352638831531718 9
2.4728690000471465 4.098047900992915 3.9877791077871763 -1.8195195143348795 9
2.2583071915680506 -0.9609820755823366 3.533011775504928 1.847565978365726 9
0.9456705868683072 -4.419057848780806 2.5763392393572238 -1.4183430419850942 9
2.3883310910648405 4.1893462562475605 1.956916160056829 0.4426040071247599 9
3.5562574138030776 -3.4270022612205375 -4.1818123836639 -3.594348669006386 9
-1.5251910600776584 3.9408262525886704 2.4210482663641186 -1.2137453157508222 9
-2.9527397733565266 1.472868732730011 -2.9534947895201507 -3.2619408239610292 9
-1.082655539022594 4.273373115498828 -0.06580589705648754 -1.037428447781389 9
-3.045454772249694 -1.1844029754515746 -4.298675381356681 2.8947162645993254 9
1.1922105335714117 0.9867115119551244 1.7833332735788903 2.6489654603478208 9
-4.015518841585725 -1.5469783310190062 4.3110166170526645 3.3762119021100894 9
4.166605146935654 -0.034667798870537614 -0.33540303741201694 -3.5653275493043655 9
4.127300809347116 2.189394519113339 -3.1387327935438702 2.1276444407440542 9
-0.28572312916145626 3.7976313290034813 0.5678261562381771 0.6510766600361663 9
1.9247593957358657 1.7502457236511504 -4.012981241951488 2.3670608929810357 9
1.374733576272961 -3.673196317228597 -0.8107033468819449 3.3041112543908824 9
0.0015764442271481993 3.360883491888516 0.3632606053240396 0.2655279575302386 9
-2.3723710579003665 -4.194579542937165 2.28756240480209 -1.0738649888699827 9
4.008466005591739 1.431866255002253 0.23156982702247797 -1.9105954128605465 9
-3.713143101608938 -4.217082853562884 -2.4230556591919385 1.1896734475526043 9
-1.7176206064061708 -4.041511576169846 -1.4849880248844032 2.4466147480257496 9
-1.8119314674632467 2.262048752760797 4.292141831338116 1.9358797102344778 9
-0.8675469928366167 2.3169297123504395 -1.771070647224384 -3.2494317241959596 9
-1.829727664341387 0.034016819268687715 2.3730089125539804 0.18832815463690844 9
0.37901876770376397 0.5592022922709614 -2.117981749131587 2.156125868385599 9
