500 50
-3.8132253956343853 2.5192691301610317 -3.745927169352151 0.2353761788055574 0
-0.5543169170319585 2.011186600478471 -1.064388525606795 2.8646592845228502 0
4.301905607969424 0.34646283369390307 -1.9442513653300764 -0.9030088501561594 0
0.010084172939441083 -3.851539799762146 -3.420011348018521 0.02583836934163708 0
-2.0840491790831592 -0.00105749256996035 4.095194146366704 -2.1069281400408504 0
1.6130699650884643 2.7336513249393795 2.61748468114716 -3.0243949730704927 0
-1.0715298016631545 -3.906572877846854 3.4731264575148693 0.11369866711951349 0
-1.906689606228058 3.686341749476523 -3.3677265154391685 2.544269725063527 0
-2.5795318177807607 -0.43088434364085204 3.4882804027620256 -3.194449482665757 0
3.8808541772011953 -4.275906952046868 -3.4432567171928534 -2.2375038138741816 0
0.9049402571771028 4.05116550372281 0.13453599118845438 4.050993126521408 0
-2.4272740888113167 0.4364092731242737 3.2453926137129083 -1.5783662213733989 0
3.6821553739805815 -3.3014749881667487 -4.164660161256255 0.861370760080575 0
0.21071322606389253 2.2536887319183134 0.6728586640710361 -2.3261603207714785 0
1.521119167955224 -0.2902242622951736 0.9320459445528988 4.3343487342331235 0
-2.656358187319844 -0.08310699818036604 -3.2005174352392345 -1.6667786391196397 0
-1.148537795534469 -0.20338960633570435 3.1314019581884702 -3.067426002448987 0
-1.2069865279746632 3.0412619487833457 -3.341080836590182 -2.951803280162049 0
2.417827558675584 -1.6740479050860406 2.427277954235916 -3.353129716577193 0
0.6536279937955859 -2.015558565023744 -3.6798787404228173 1.142614150136434 0
-0.4244136070823964 -1.323194706500448 2.4014715961853392 2.307117911896909 0
1.4165951650178243 -1.1668402531076831 -0.6020738947784592 3.7494026866588013 0
-0.368163198977117 1.9739171025813738 -3.142122400150063 -0.5263060255967402 0
-0.7830735379754887 3.657809422479048 -1.1764156027684343 0.4156742293259118 0
-2.8759354271758655 2.1700698562193788 -2.760639643324729 -3.1758939756416087 0
-0.6986336072117368 -0.661917845835519 4.350225014566556 -1.780864403247047 0
1.2094188177045488 0.20615580925510757 -0.002682984613212147 3.7464151670919232 0
-0.7660261940450113 -4.487158074935176 -1.7761332263917209 -1.2006358173568432 0
-3.6696388873792314 1.8845495435269146 0.5683961354389035 -3.8874386239966956 0
0.21911037088677487 1.7654441716527203 -4.2896057982310625 1.1948272632498553 0
4.099214907026333 1.6462246893787578 -1.1620682060891432 -3.784488963512382 0
-4.0218417839433815 -1.7203258362258258 -1.9202603532320426 1.7411078421219213 0
0.8333521859103565 -2.383916334682821 2.336459782269263 0.04856526981901654 0
4.184738995825142 4.005434014135145 -2.5131226275164433 3.055464367914814 0
3.1356079275391986 -0.24908403340437957 -2.6307628537484318 2.312239948699779 0
3.0732904340855756 -3.3200042188687746 -3.120984203803452 3.913678203744966 0
-1.7213970843194812 -0.3330324526102464 2.460337038198555 0.011157849310740486 0
2.176624806151201 -0.12757294161993005 -0.592458341942693 0.6567817340603295 0
-3.268114930822942 -1.408171232660775 1.4500289426019268 0.5209439606644849 0
-1.580164472948013 -1.7962298611376424 1.7623545826596945 -3.710870575702623 0
-3.010487395807913 -0.765884046840732 -0.7454731765055582 2.2813397639868245 0
-0.46691408247548993 2.4741033823261542 -0.5548321079084395 4.235978507942325 0
2.6675163070429364 0.20151115201450698 0.3058633302320455 -1.7014236199143067 0
-0.354327334530508 2.5039224138950695 3.528758312873906 -0.7000242100412323 0
3.4856005666746133 1.574268928801089 0.4156714847044237 1.2723675796316396 0
2.704311440986172 3.952002183589668 3.2040734697536126 -2.6150518274314365 0
-4.134097715069828 3.3810455238307493 3.3642048554857578 0.663585188920458 0
-2.010932347939792 -0.21811950518180168 -1.2020001386822026 -1.4827937665852806 0
2.670848612387121 1.9551800904770698 4.336027174617085 4.023718596442445 0
-3.1756718525247627 1.428734330587309 0.4104301065613537 -1.3826813597598422 0
-3.876731369911481 -1.2863643448240896 4.26490646868415 -4.3529313057261465 1
2.8154659514733567 -0.6506565027520448 -4.059672718942713 -0.12053786798867483 1
0.8986899378910173 2.053451548324204 0.7829199818989765 -4.4410695873211035 1
2.8910484747590353 2.344636079822548 -2.812546049408885 -3.7241583960197655 1
-4.435710522489013 -0.7176884969471843 -2.251779016316239 -2.8541085078709507 1
-0.33177403765667424 -4.000504471985496 -3.3814466790067628 -3.3348687733812685 1
0.3729791888569767 0.9699367629948045 -1.157470699766003 -3.3413632077027158 1
2.9560787549651284 3.9762834137230367 2.4607968800599656 -0.8749548571945271 1
-3.3466693139754042 -2.426123930308025 -3.448573884131477 1.3621485184579438 1
1.4324255736350482 -3.307734100649263 2.593656431641902 -1.2631154730342264 1
-2.483292267483126 0.6737632883023419 -4.444788517253003 1.3515120595878942 1
-2.9742864879041178 2.5400713619140043 2.2859092802541556 3.503620790748702 1
3.212780635005841 -4.1969321594743665 1.9183628948808118 0.8716035316389978 1
0.2938032444930625 2.6725622169920795 -1.412241343525801 -2.305494597242345 1
4.2762571304140415 -2.0316726612502087 -3.9161286565766464 2.8737326640559573 1
-2.97809042971155 3.3903083716347178 0.5427349307674347 -1.9089339537059085 1
3.682642173847638 -2.7222039947955885 -3.3781516484135223 -1.9047465228845217 1
-0.526232315676242 1.9730892752310285 2.3200514748526113 -2.557884387687411 1
3.108106428875761 -2.985522251694801 -4.031075824172393 -1.079570293054394 1
1.4847206661428494 2.7705191336646253 -1.4777111327988632 1.7733565385761723 1
0.4474270872065471 -3.017550070988884 0.5040072093297077 -0.24560435070493958 1
-4.18024075652673 -1.9661956393635562 4.284670030316478 3.097095981971222 1
2.770837618081964 -4.0971036523937485 -3.3466312908713336 -2.2644480687914728 1
-4.426051454646192 -1.2454501705914847 -0.7257243381678021 -3.8562893921209285 1
-3.927399428713033 -3.1546232700819266 2.3232776681239122 2.4135644426261673 1
-4.291286687105741 0.22247853091768688 -1.8681779379790195 3.6481987678297894 1
1.7702631197047163 -0.6565185628764513 0.4723566513837897 -2.4874772544990247 1
-3.2888658721978112 -1.517785101338349 1.0934462016992812 1.5531246781475743 1
0.8131126887570161 3.9659525405674927 1.9579380107948285 4.242092538072109 1
4.433019472553762 -2.3255737501153515 3.722792948302879 -0.780512567593747 1
-4.404780837554888 2.975762933944242 -0.6135691462417238 -4.288926325801531 1
3.8395164399305095 -0.372568682088276 -0.7425090270250466 -2.905662082646517 1
2.4429811010731397 3.2957913067595204 -3.4184854790664896 2.8426119514317456 1
0.986533185011033 3.3536446482976836 -4.303681562674488 -3.33848115976189 1
-4.284872764719022 -2.0556430176639253 1.4792814715335267 0.6046652025080818 1
-2.005023755751343 -3.4143081452445765 -0.6387392801907716 2.7682383414087126 1
3.6964210885941444 -4.226046600009392 -2.3568635275163388 -2.6404245582520107 1
1.5530492656990145 -3.8579428146851344 0.12314538347174175 -3.5401206330167545 1
-1.2529755559330096 -0.737104115901907 1.7017045905153498 3.9151088620410652 1
-2.8673613984836974 0.1891269295395871 2.8028167481410624 3.4308774644411297 1
0.31492584835124104 -1.6466050625742348 -3.843441701591092 -0.6836909460487779 1
2.1337925359706165 -3.058178304427474 3.626461184497377 3.0722736006211733 1
-2.7674260293613018 -1.3094008375895458 0.844128100305284 1.3897642655194775 1
-1.0946147991172264 -2.643427291494111 -2.1058962656383615 -2.1129085047025034 1
3.7683828462804128 2.952842125922528 -3.8995950519720264 3.617373850615088 1
-3.5381093016902274 -1.1746267590565438 -1.8991020557764904 4.432514171178527 1
-2.4059601393122363 -0.44029257344511774 -4.438551449282221 2.692110343317706 1
-2.01314532410286 0.016262020065811233 0.23221053198967279 -4.121808527704567 1
3.8034283777016116 -1.0573997496314957 1.468709346972926 1.822120204712054 1
1.3511549576576942 0.8605900171833671 1.796545883458676 1.7633775705589882 1
2.2675820502798683 -3.945012028471182 1.6034918408848917 2.408215281755922 2
2.2034130631362863 4.01648334455185 -1.0790513560571893 4.1194066285599185 2
0.9320359652593783 -1.9117805209208978 -0.15485161616394494 -2.0896208530449654 2
1.5513229658635779 1.9084390810325536 4.435634118002409 -1.9843123673771264 2
1.4080525788474185 -3.177627158758108 -0.5332734964430614 1.7796423566348363 2
4.261280114427308 4.09845106638791 2.6832536061523724 -1.650155611077242 2
-0.6783702048392283 0.8427359646798493 -4.182592448780822 0.7024657386621551 2
-4.143342835197951 4.397709011057447 0.8278797787334778 2.0660830464039934 2
2.8687049336096893 1.2285210818670058 -2.1511400521516157 2.886516509884575 2
2.3497626979951733 -2.8077306427567246 2.465402885901709 3.254862482141208 2
-1.731108689164336 -2.282457201428512 2.304097266752002 1.558049610550063 2
0.8644420811263539 -3.672856330526049 0.48707241664161327 3.217060965484324 2
3.5604898669344776 -0.3395165208234512 -2.4663420229468853 1.4850875637074203 2
-0.4966887154105917 -3.557598267840806 2.628976070256882 2.472605315241911 2
1.6641363335410244 2.8520459490820333 -3.333447215189081 -1.6752551379896805 2
1.1659515431609875 -2.3217965328228045 3.894791772903642 2.471142682197475 2
2.5687864942695873 -3.1888850995490947 -3.1078346295468204 -0.15048626445297097 2
2.9454869608163743 0.7263483355069719 2.797363155926031 3.2357086318698456 2
-1.8956446957940742 0.11919059859365111 0.17987550071610692 -3.5869807284067976 2
1.1596626275818234 -2.1726945126661876 -2.5258437269926572 -4.28000334699149 2
3.1221590441397664 -0.7087166226065398 -3.0084057073208283 -3.949876359277361 2
3.5310371152970887 3.019217050327813 1.8000513648984102 1.8086949617675043 2
-3.6058723725633244 1.31628698503913 -0.5101601820904506 3.4286903941004483 2
-1.7055489015383176 2.286478772848574 -3.183410546222917 -2.7539511692793885 2
0.3836849170295831 -0.381610128134547 1.0026581830445298 0.252673763836602 2
3.558301060833558 -3.984717961798491 -3.40032456196844 3.661649693399025 2
0.5158586328118135 -1.5488001063299124 1.0965712212223229 0.9715686219891916 2
-4.1825399731788355 2.2816666683262588 -1.141994815037694 0.9558639988883025 2
0.5556659046198882 3.5473080326059403 -3.8564253947723652 -1.7891342503527672 2
0.8843510481464778 -1.4666914851275883 1.2003980188285055 0.8884169806701397 2
4.36697689841592 -3.4585735445162515 0.23421185364990316 -4.022141627394429 2
-4.026584316790903 2.0935971850687283 -1.6053440440724374 4.360644262626382 2
-1.1621259063946416 -1.2468142923431706 3.988716948815709 2.8820713189770446 2
3.3887894084061494 -1.5543571813615205 -3.926143863202815 -3.838652796227623 2
3.5008973719569823 1.2958918130846009 -2.5859938045681603 2.9498120122941907 2
-1.538554105019141 -3.964206110287798 -2.664681557154716 -2.472266284879561 2
-2.2940158262349772 4.215718810951645 -2.156416439667252 2.0989425048531283 2
-0.8525912378944049 -3.05969884699205 0.24822173874586573 3.2447478314835374 2
-1.8178807571923188 3.596182009751923 -3.815624002121389 -4.036012993767736 2
-3.015209560423481 2.5007405991055323 3.116365237626389 -3.5193014980879287 2
-3.2862183174279282 4.152543420941312 1.934450139458173 0.9411181374708565 2
0.2718484748240608 -4.111470579622306 -2.634756948649683 -2.1580826955136017 2
3.8785920996617973 -1.2759700998679029 2.1577186975022755 -4.304760007631552 2
2.08279151010096 0.2133721331977354 4.101000351031538 -4.095616634836565 2
-3.666763771695385 -3.5454670378149724 -3.0450234129867018 1.2595643930599771 2
-3.156975443780219 -3.0491999170483775 -3.4705807780772964 4.479078566141088 2
-4.02519786187947 -4.076881514703898 -0.603015730413898 -3.879424205800668 2
4.035854664528467 -3.6783738900934715 -3.0148121953936524 0.3803338271370529 2
0.07516508299550628 -3.4323316166378146 3.332656066344613 -2.186577274183071 2
-2.566909339121605 2.367648655029754 -0.9055862286446404 0.6207101497823472 2
3.943213389255143 -0.27258574749104425 1.3562145986011018 2.0094618774911703 3
-4.449222414729019 4.492874712575925 -1.5772125131590138 -1.1642581607018108 3
-4.070041085826578 -0.9949688637251702 3.3624254236025477 3.6547562338476474 3
0.3515103061347232 3.5256009379879725 -0.7434029676349838 4.4689479179195875 3
2.908009004944876 0.9844797694016173 -2.9234182940813387 2.9096231049941816 3
-0.9125793812172093 3.0103084724604012 3.680312482805718 0.5819691718589509 3
3.321525476751029 3.3471441661138694 1.7272982964317765 -3.959119980285068 3
1.9587279187201379 -3.619913904198744 3.0837245449397916 1.6484686971276772 3
-1.8127851467904093 -0.1267014961127434 0.7058011788675531 0.7310864708887131 3
0.04548030481207077 2.995860714637625 -3.0605879744090307 3.125710058641735 3
-2.359469036673697 1.4813167999397203 0.2621231181244532 0.9712455769007191 3
-1.132200922845653 2.4793429790372095 -2.9692626032248643 1.153153516312288 3
-2.738031036097912 -0.21035435946275494 -2.3548096078752896 2.361354816523588 3
-3.5679727767293388 -2.5920884328031994 -4.251429307633536 -3.3802045705652604 3
3.9165721770984283 -1.6555760054295443 -2.59978546107096 -0.8914675323529202 3
3.5367930368099842 0.2187277873705914 3.3361458847254903 -4.438775437193972 3
-4.148701636722972 2.636835141004711 0.5034463583926702 -4.175948236278036 3
-4.032387943807594 2.942491755275906 -1.0834326456504881 -1.8165260575379771 3
-4.420808003697484 1.5670019461200702 -3.022729923895062 -0.18599229985686339 3
-3.008574677284943 -1.414122856865279 -1.423611121404638 -2.1432142710997795 3
4.074762553158134 -0.1238987418223213 1.0051702245215257 -2.3008656398633027 3
1.4168374664567192 2.1666158663533603 4.2480960614425785 -2.254600241987619 3
-3.5106482111650923 3.0491618229988013 4.396953992613423 -3.047650720905769 3
3.7252794485029646 -3.1012141288553194 4.04913323351197 -3.935386564243235 3
0.4161458600529603 -1.9484538913146674 -4.433176149783412 -3.6226416455920813 3
2.1658205777381023 -4.245566464282506 1.8645873203069128 -2.4061489574963995 3
0.11292303097248335 2.6353336982097497 -2.0193433817399917 1.559902007023357 3
2.112632170132741 -3.5263455170972313 -4.234502776437444 0.36236797408232124 3
2.9964609786039818 -2.3594334289463403 -0.8969497582174518 -3.047775522803824 3
2.7700886809514804 -0.025840513237987528 3.705621063695888 -1.2566083196499238 3
-3.0525681137643534 2.1063660981030696 -1.8779444029895935 1.7505373434295208 3
2.771216569252773 1.7901103498735398 3.1992687169777185 -2.4477045014957532 3
4.1836170512426545 -2.1946999391464392 -3.3555065609471986 4.140282139859059 3
-2.3781390570181644 -3.1749291736955993 -0.6530366459597831 0.31491922663781147 3
0.3546558895559122 -0.90496059852856 -0.38753987904712517 2.9515711089559487 3
-1.2900415615688394 -0.35725859161324913 -0.639628614227408 2.313558904301428 3
-2.029119948638338 -4.461656601014462 0.204809823112726 -3.7828035897560452 3
-0.25424380033729077 -2.0170393514266816 0.08397438414817204 3.200388819119315 3
-0.451947519631007 3.8598760261043434 0.28005265528268686 -0.9648809091409307 3
-2.8889513384875043 1.237352202061286 -4.269225893338662 1.8116536123122904 3
1.2997340663619648 -1.968361347990312 -0.9665984011947653 -1.5899125141364612 3
-0.26200802943838597 4.226504774681918 -1.1720670442228356 -0.7406806208294461 3
-1.4178588713897358 1.9111066420696463 -1.4781429313746113 -1.874824208249608 3
3.061972401131786 -1.253780030547307 -0.3555078557777591 -4.08036494581373 3
4.4092272064790725 1.1328231642986815 -2.468154380936146 -0.5568209114214671 3
0.008867435345301544 1.9341676575562543 3.4629610027491373 -0.6468208757582288 3
-0.6855305952009682 1.9109405055923379 0.5030353007107554 3.5423347988025964 3
-2.0267785499885744 3.8448748291111956 2.7524147922250686 1.9106665890445491 3
0.3776655414038349 -2.3251545577146993 1.0751138671560643 0.8629379676441892 3
-0.5652299841164794 3.5558688655880566 -2.785252403525328 -3.2837544260837035 3
2.763497871649016 -0.13977943165202977 -3.998889052910023 -3.6556441390836967 4
-1.3346849093370308 -1.113773273079384 1.034834142608641 0.9763186551596621 4
4.330758218361686 -3.490084933814704 -4.16443072776117 3.0449918150439457 4
3.501215060122882 3.218479860840293 -0.5262425997364204 0.3459521721508264 4
-2.480504346564351 -1.3557713924881878 -3.8382917142402793 3.2263514323675837 4
0.6260389805288991 2.7215343336622206 -3.7793974208579466 -2.600985671524979 4
4.054008648043228 4.426278332247909 -0.3135316143051712 -0.021157808945147183 4
-1.9689146380599731 -2.7687278309323435 0.29900850902753195 3.924379497690451 4
-0.11047362599260646 0.5180751084066144 -4.185242497034763 1.585999758133135 4
1.4103421235394742 -3.5316798091709716 -0.6319561657200289 2.8101492399742223 4
1.3172041741963798 3.7924117261050427 1.5076064909495575 2.813466794631339 4
3.736809610465872 3.993965993700678 3.2717533609787033 2.5236160154752696 4
3.801056377786955 4.147000447343781 -3.3097011018556426 0.33500669864604027 4
-4.061767165952855 3.744163716320395 2.4596653407131566 2.4696345804158635 4
-2.05908472897107 -1.6140083808046004 3.8435521729769895 -0.7568347765802435 4
-0.37247183146833407 4.097523555068713 -4.419312711569848 2.045144095617589 4
0.9458001239015691 -1.325761050131668 -1.9965279721587892 1.4004635697453134 4
-1.1325811720250947 3.644356399408506 -4.059138084460214 -1.3016343940079604 4
2.901128114123736 -3.262160517876217 1.1984190305932776 -3.3655370655247614 4
-2.2618632045854827 -1.152493190376843 -1.6457893666883894 -3.1946353691854945 4
-2.5493220873884437 0.571335774422559 3.519639927132003 2.4688160387314815 4
-2.487251160486174 0.6743204680229755 1.246562260547523 0.17942874448179602 4
3.9242215926556945 3.138083779802274 4.298444508575808 -2.1727155442307047 4
-3.6066288322568876 -2.6378568146661503 1.8496485935372378 -3.723804174234484 4
-0.785256819624005 1.3151481899332271 1.0945889585618578 -2.74205362892206 4
-1.0209027344860342 -2.2354886849381206 -4.415276771493061 3.6828758722099377 4
-1.398068665841358 -2.6638777212318803 -1.98584079985047 4.412690909285132 4
3.256800475704146 1.7752654110899586 1.6183340028590367 1.5377993013777935 4
-0.8007380783465147 1.8038828538897376 1.560818441405386 4.431278995200553 4
0.17756385730853574 0.23635990042713273 -2.4774893792920505 4.388751114824314 4
-1.193799523824421 -0.10603477284923601 -1.6050307651412585 -3.651620310250211 4
4.369646175258324 2.560183805814732 3.800237330061358 -3.6245048450090027 4
2.9493026338656927 -3.3806533371823644 -0.22237009133657626 3.0064619238179704 4
0.038465847761885885 -1.197891536381436 -2.010547394160123 1.9821229177230877 4
-3.6998372634521024 -0.9425067638728672 1.2771349729973185 1.719886288861226 4
-3.8323109274096754 -2.3938225698127735 -3.1435468196434524 1.8267792429020149 4
2.6888644012644853 1.6759572861956942 3.0571729979976032 -3.2279483721609354 4
1.7869197451193402 -3.785779107622677 4.146149103265401 4.066080489891089 4
-3.0241595017149634 -4.3057427033621956 -1.6301539054939873 4.09817502918263 4
-3.6223692578097375 -3.5890307781469524 3.945995279605033 -3.4510350179178495 4
4.1413022245899 3.545561371242007 2.196296723252237 4.1620582673663815 4
-2.6617141930191295 -2.215683407631426 2.9124630930728963 -3.3056543572633665 4
4.1479006422221385 0.6299788241297263 -0.828799194901636 0.5760495414852357 4
-1.1832903657925684 -0.3011013767240409 -1.157429247574251 -1.0278159529354842 4
-2.050110461899254 0.7521955199045581 -3.632301842230854 -4.436072963352396 4
2.0274464015080444 0.1390343016438037 -1.744653962002339 -0.6887120952945683 4
2.885997010846777 -3.481105184451202 0.7092157718453656 4.098197087223364 4
0.9328767647212075 4.40642067574918 -3.6948128043642576 -1.3757888669795957 4
-3.1582885511919914 -0.044675402438009826 3.330949484307779 2.9311986873697697 4
1.171307559975693 -1.462235218093808 -3.492461901272058 1.5821774101607704 4
4.181555873272323 -0.13130633077090337 -3.695456855070908 4.011206488050691 5
-0.19171182314041657 3.623973339837354 -2.1602727557015196 0.9551535061326736 5
-4.356806298800041 3.3199664307899495 -0.26472310767052853 0.10750232327555476 5
-3.3383393929102194 -1.0874842359624328 -2.5741191780409984 -1.2710143756068422 5
-0.10389446612116104 -0.21097172775907302 -1.9585875935011132 1.0414974457664887 5
-4.145322976486939 -1.6460358534514246 -0.6990444118823926 0.8245248132188144 5
-1.288847786693887 4.1056139417754975 0.32995464289597 1.493950585523272 5
3.752868374807318 0.7591377077693809 4.279712039000186 0.30168277895128404 5
3.900309344435829 3.27341163010018 0.41808151745026756 1.026421545471936 5
-1.1184956899512666 -3.4472983404989646 0.4268936850032924 -0.7983558560673444 5
0.9642379221014867 -1.592915047215975 -2.285965198748613 0.32765989686673336 5
-4.4123174737953255 4.330614169120835 -2.285549832543903 1.435150175027552 5
4.223484859040992 0.3312580120116799 3.4770334551494404 2.7011084753846095 5
1.063671319975121 1.5198012158493277 2.577759774427769 -2.5810745139712075 5
3.838848381396457 -0.2924218977365012 -4.197421904427733 -2.6662735876075763 5
0.7459035880915983 -2.4611430914660684 0.6318589379707702 -3.37640384998384 5
-2.3184158174546994 0.19900975250331465 -3.5984133705991765 4.480631898361999 5
-2.437155437307884 -4.227724931129453 -1.3108487532995645 -3.9276542501221456 5
-1.1843283646678762 2.249506297228974 0.10353737766415938 1.7768938456815733 5
-2.0063683548403612 3.264335446392727 -0.35768187011363906 -3.3176905065435434 5
1.8225214625988333 1.3798719823324432 0.13353613691034538 -3.878187856391243 5
3.5323482681282297 -3.835700723250544 2.073777087946623 3.9514132879035637 5
-2.8911114044551485 3.6834320021344964 -4.122676993005481 0.6346181223166091 5
3.6633363913781163 -3.795594696913594 2.9777491154636353 1.2650528830468866 5
2.46808397299699 -4.361108261067984 -3.1581817043988263 -3.886558938724014 5
-3.2828800196830863 -3.5121548367566073 -0.38267937421783293 -4.065649663596369 5
-1.8540397996345557 -1.005584214207511 3.031367913268 0.14675827022327437 5
3.697864778437755 -0.5724196850434022 -1.649116926201111 2.4381320012269856 5
-3.385358303457694 -2.048861275643397 -2.5692176806021663 0.12442885045487773 5
-4.442608547088456 -4.2475553739342935 0.05545548391681321 -3.5639052714393644 5
-0.6203851068921457 0.10969441372598587 2.708364910400032 1.787625869465502 5
-2.2503457504881 -1.0809682497678672 -2.7090576016821983 -0.6223259688854811 5
-3.569679245776146 1.4293940559701575 -1.7161282829384708 3.936125497856254 5
-0.9665498657910851 -3.0462696047280686 1.5103904570488955 3.9990546716999624 5
-0.023457318424022544 -2.624626442223542 2.4005514528710346 2.6246039729608706 5
-1.8708364983034262 -3.3824661042472397 -1.7081971742053725 3.138419126919602 5
2.526574420482905 -1.9861629455189609 -1.487011031856286 2.9428068570780734 5
4.10108990314843 -0.8511128019282946 1.8884997152623644 0.086211833020016 5
-3.103249574860987 1.846916720940839 -2.966963308409451 0.907805024034907 5
2.1020233343279777 3.431876814210428 1.1205803653698954 1.6699903261700442 5
-3.3163877166314246 2.608973631698912 -3.903067088304316 -2.253854532670397 5
3.237831787154855 -1.7593353432370509 0.5485437243456563 3.1722897585569823 5
-0.4096603654990749 1.0767776313772 -2.4074903305038626 3.5732011732392284 5
-2.290381710139459 3.342203276684325 4.276460511096454 -3.6995591413289617 5
1.792748294199781 3.210147412823985 2.0165062878775917 -0.9224983307889629 5
-0.45076455073293487 0.17098526639480727 -3.2589170495176414 -2.497319544896215 5
-2.751709994728954 -1.673780565637232 -1.2475807198348614 -4.338746432428876 5
2.065609435679288 4.131070003509479 1.7511010194637124 -0.4170040988251953 5
-3.131074184211629 -4.044208250401179 -1.3862994755389177 3.3088309312197244 5
-3.892925932923374 -0.5807540806022897 4.197289016277427 -0.37514026707531045 5
2.634041495852218 -2.47610456964586 -1.7031833018371696 0.9290284063671974 6
-0.20581135744333812 0.13861965297124812 -0.8502118524760849 3.5243808277264157 6
3.0393215826945186 -3.0237011371495495 -1.9043551178696079 -3.3471691195052964 6
-4.367532545273162 0.05989529093078616 -4.364443802245253 -2.967088547641532 6
-1.3027867489745937 -1.8705116172889258 -3.649436477690373 3.6964562940267154 6
2.4501338771092547 1.6512036424246999 1.6192012851064674 0.7292233010785916 6
-3.74456567087944 0.43293026453730055 4.002767626015996 1.063178637244782 6
2.680601571995357 3.6871590372768566 1.8550031231230575 -3.073235940341417 6
-4.498335728730544 2.7679508881722317 -1.9116876051560947 1.0568626332360593 6
-4.110768651054697 1.6390852236951798 3.023455083183948 -1.9610052664643838 6
0.8820639328551197 4.068146630159962 -0.41692028102693224 -1.9612768264515061 6
1.186911830161768 -3.870548423243284 -1.8963289609049792 0.673811894389602 6
1.533581848333485 -2.2057162501619496 3.7712333881145716 4.285267688286195 6
2.987495941812683 -4.216841190804568 0.5920580908795381 -4.2824507950902015 6
-1.5827775860560587 1.5879229828202188 -2.0126062983368573 1.4013927456727053 6
-3.099286798740147 1.3164480833013175 3.82328638481713 -3.1852699563471045 6
1.7750232475037018 2.1039989846748157 2.95695217319268 3.4152420210345324 6
3.378016729359701 -0.7815049555321855 -3.6919087278527334 3.643338838581183 6
-3.2176532385788326 -2.1572016264796896 0.8583297990705515 3.115484791939278 6
-0.9928313870161244 -4.008801868410305 1.5631009334490644 1.6082860477677412 6
1.8769394677441307 -3.9329041700329 3.3734125986528656 2.3667150257448792 6
-3.980621184943857 3.8924958349961942 -0.8210318039979261 -1.0577730734353374 6
2.7562129050675734 -2.216870578677324 4.21830270368966 -2.1244228839844 6
-1.4246271737432967 2.9332772982109745 -1.1092923772490726 -3.2044698409615933 6
1.073119181925172 -2.115741454112922 -1.4480061491580534 0.7577238108553402 6
-0.45882723654026825 3.2000362858520965 -2.7554385291592847 -0.6672736445080543 6
-4.493777826311563 4.431544798090351 0.978476000895192 -1.0320045069147845 6
0.5934018058693187 -2.86181930888739 2.296547789159032 0.13838752554408618 6
2.701735251844648 -3.814243307753128 -1.5741555198261579 2.023010311647051 6
-0.8099992856711976 0.6581903694136241 0.485853779032985 -0.43529785653986863 6
-2.2752508654621995 3.467095356938028 -3.050054878454457 4.382041715281383 6
1.7720463471889267 -3.043546749929577 -2.934618037031428 -1.038478557160355 6
-3.126604484441205 -3.942601222378371 0.7700927646255985 3.8995520961738586 6
0.6434866270113726 -2.8145969088091864 -1.7871034362039164 -3.4686037501143177 6
0.3868440848604272 2.875252303108946 1.860488546725979 4.058595089050134 6
3.412665186915304 -3.4528469705679723 -0.43236775896746127 4.482068797747132 6
-1.5098631634996176 -0.7436185433189227 -1.6025022775522366 3.4252569547100045 6
-1.0492427109888027 -0.7305393829122778 -4.486978409832995 1.6161710911916924 6
-0.36011266781899376 2.30895265927199 3.46673518909024 -1.9806124305328177 6
-1.7503578967890037 -1.409181048658788 3.129693930559169 0.8950576614103575 6
-0.9877973846875329 -3.1390338132977234 -1.6182580546921592 -4.112663564102306 6
1.173360898300436 -0.8977857928927907 1.454692712852794 -1.121673341084878 6
3.7453731813877944 2.892742877500238 0.39321357753930086 -2.7123566880270036 6
-2.4283808649927012 -2.3191742502791124 -4.325826463929815 -3.6282823383123546 6
2.540435323476129 0.5389825982479136 1.268264561493539 -3.3530315509718926 6
-4.408103648721677 1.1689474738792707 -1.822130097965894 0.8273910941183347 6
-0.945783788864634 2.5669238878046903 -2.0427324298283867 -0.24528924066988944 6
2.2216233103508265 3.8009520768771 -0.7875177622289169 2.4955701500099496 6
1.7935737413793058 3.7168072815879496 -0.8693293715727285 -1.9525037424059537 6
-1.938106632050174 -1.4515587906905805 4.373741778946019 -2.94472353229037 6
-3.9671923921751198 3.3024249846455875 1.2630029347094622 1.1133732584012546 7
-3.1120417089524137 0.4618756094157641 -1.3536945728805247 2.192919495142948 7
0.08275849589946149 2.825415710508243 2.2838399717671756 -0.21274260476816398 7
-1.0080948023033904 -3.2160179508632494 -1.5924320601081308 -3.4807380418967178 7
-1.052270586017224 -4.067550048450128 3.3291348375139127 4.354611636449183 7
-1.7867716813258565 1.170024409964205 -1.9758773845945954 -1.6190509415342837 7
-3.9857117033819245 4.407266038075333 1.31207611325079 2.5094376876598488 7
0.3257018004009078 -1.7993533212276622 3.108094170670462 2.410882308904185 7
3.00408519105734 -3.2628133685721794 1.6237370240335787 1.0979794882413723 7
-1.6023242523355004 3.9343500717467217 -4.370153151354739 -0.09227971693551518 7
-2.3406022587853528 2.096027344758085 1.8768838982578602 -1.7754551897735324 7
-3.771626557427789 0.29227172339928054 -2.277848193996224 -0.7848270742974475 7
1.4229999557682635 -2.6124925918229898 0.39854675561748343 -4.400783420339952 7
-1.5513289060568143 0.45458169057847564 2.2641264370801966 1.8778681306293667 7
0.8098646266194583 -3.1120419948720466 -2.4769252089406866 -2.2626806481938497 7
-0.8030281279323132 4.497597127505752 -2.929623483081583 -0.7935410630163497 7
-1.598085511819039 2.5682045445686965 4.138690861425696 -0.9843667170490309 7
-2.6854746899663873 -0.3492543289177291 3.8337419993621684 -2.8687440555750245 7
0.16352598677199326 0.8641646093342621 -2.3456199977039986 0.06240922876018218 7
1.9588767734711252 2.663193394872394 -3.1403310265336635 -3.4801493059392365 7
1.8014914380091271 2.7648046845891976 1.530076367555041 -1.418465785569191 7
3.473655295206558 -1.564926434363976 1.7889207494403778 -2.454778529595957 7
2.945783744078107 0.17980367043001277 -1.8017082203676305 3.53555249545067 7
-2.1651492039986597 -2.942336660388592 0.7168725004111662 -3.396449875883015 7
2.380041059236563 1.229695456670226 -0.7140475740174907 -3.5993313293535802 7
-3.863417679828946 0.7870835287971739 -3.903865586605053 0.5774509810134315 7
-4.099080424005315 -0.978695545201122 -3.494328324757195 -2.570687713401174 7
0.6404511414485957 1.3517518918975981 -3.8466222969324435 -3.498510471385127 7
-3.0793251977231804 -4.09647024706868 -0.46416179684370207 -3.009064200003238 7
0.6842138782491748 2.869058304478159 -1.6704256596380191 -0.5835359572025831 7
2.6695046793201787 -1.2630609761833953 -2.7529689726087008 -3.286033572578366 7
0.6925600541299732 1.9682809172015667 -3.169768018631551 3.971442204936248 7
3.3586955164067502 -0.07535442215099741 -1.361625718754847 -0.39949884046614836 7
3.3795010323622083 -1.6404400809396484 2.2764959361587183 2.5845688208427218 7
-2.526730728790157 -1.852890467300071 1.7615128326868024 3.52751254829903 7
2.0679068040598594 3.466263719808041 0.29391922916686075 -3.0060478082887356 7
-0.25936029896937973 1.763259600372129 1.010021144339973 -0.428299119514015 7
-3.2506762104411893 0.06686356682861883 2.9664144891052286 -2.3133537122418035 7
-0.5864297105433902 -0.6155616602546536 1.59400239658076 -4.409341646707937 7
-2.8075980376561835 1.1050293994789473 -1.0524364451800559 -1.3850988407936433 7
1.5486507856212368 1.2269143347007514 -3.65072978069457 2.887847471518201 7
2.1848068719742972 -0.3759902423487792 2.941818082975528 -2.2465240775430164 7
3.173395414488038 0.6409097960647974 1.9041343523255223 3.6187723337362545 7
3.436290037057368 -0.808607221314395 0.7207714845328813 -1.1811173795431045 7
1.8012475732915867 -2.7287547233260234 1.6407129471448365 -0.9406953470886664 7
-3.752397015478067 3.883521523910088 0.643045440083162 1.4525107925063778 7
-1.1624602959915817 -4.088713341574177 -1.8639969711883966 1.4607291193974654 7
1.0660816123008217 3.8993510283041646 0.07073042644842031 0.8379819709913873 7
2.4210809890279363 4.385224017273186 -1.8989871349724115 2.212347198386177 7
3.9160523473486357 -0.40019868914348755 -3.156191738071742 -0.17286444661102074 7
-2.394812274624583 -3.9128536467435624 0.2854669471913568 -4.426279257020204 8
-2.050886500205782 1.1893692816152415 2.675408085460644 0.490319559210329 8
3.698021933677838 -4.4846290976197 -3.790090642710627 3.139826131377424 8
2.857360226059977 2.380183140332777 1.8919645333576718 3.73253505466169 8
1.7188429072917 -3.3491055309460163 1.6373730475777994 0.03139087439237831 8
-4.020699846049987 2.1307879670067638 2.6136308852486176 -1.2737419046442695 8
1.2726831738143805 -1.1709173344636845 -0.5795973647001238 -1.2950011702049675 8
-1.3904273991317426 -4.206209719330788 -1.5654809591911305 3.990385823618411 8
4.440908414177196 3.029779368750628 0.05787244058719576 0.06747229649900233 8
4.267716866440968 2.862337268784641 -1.0931508233846436 -1.5508083506746346 8
-0.3703237852964333 3.106483168057073 -2.421527908140499 4.042266488726816 8
-2.7147825376437384 1.5522719238842222 2.092989257754929 -0.17083719414026854 8
-2.3650258935678368 -0.9677028027925507 0.8777030268095546 3.0476852776944874 8
3.3451208896881073 -0.6754402056411636 -1.1704593047521938 -1.9609757985043745 8
3.5434443960161395 0.8960343901907597 -0.20483717218878184 -0.3581623630327777 8
-1.8562847289638311 -2.1567873167440563 2.978013129249252 3.550286836560666 8
-4.469633473079835 0.6488823773874752 3.231042054711829 1.7487563365537833 8
3.0471261109799452 -2.477533748966566 0.25128146930588147 -2.9280201868883293 8
-0.18681217944950668 4.355064643133249 3.881724555012603 3.1877026586148394 8
-0.9595138237325606 3.9460214917074774 0.23503265082088876 2.2874498837803396 8
2.9393164335885573 -0.04848677032859561 3.5921756733867003 -1.759369048309512 8
1.21827746960115 -3.909752037798883 0.6640247583822468 4.131423799575824 8
0.14789345422052924 2.339402213315381 -2.4893391057654797 -3.148887695039547 8
-2.426700674449255 -4.036619685964423 4.043367648175587 3.3831858371058003 8
-4.235389276605064 -3.0571583296642215 -4.106726385983846 0.7202733032508972 8
-2.360097016846236 2.7486151866049164 1.3098723361658848 1.951752081842543 8
-0.36796914051495444 0.3200253971080087 1.0463958045832327 0.5625330911181107 8
-1.6820904772186371 -1.8105450477640055 0.9675201079894609 1.0769491966711655 8
0.48136943088034667 2.2121011191448923 -3.669348677962731 -2.934273365113272 8
-2.8737885040394264 -0.5881549506894136 -1.924804968891619 3.8512193167062 8
1.2967825706147853 4.140844924940983 -0.2968401531551288 1.0229144131570744 8
-2.0753668180304583 -0.9642236159164032 4.215776305451668 -3.5960980842147303 8
0.623720663842933 -3.222922004234116 -2.7674841396175407 -1.9675630063920546 8
1.0042467454405544 4.27011522137604 3.7718918597748354 1.9621848104649282 8
-2.039217674191425 -0.17476597256619342 -3.3250143551903055 -3.861322550699178 8
-3.441255616829413 0.16254226423917884 -2.970381039872869 3.740357946182083 8
4.2441922651809785 0.3813863378715191 -0.7103909350140748 3.3276479834734887 8
-2.5784869293959156 -1.7031848397660196 3.1195567013621845 4.198209871264758 8
1.1376669567988928 3.213210940311295 0.38039365249500146 -2.0395762829231963 8
-0.41906077596118285 -0.08891890388138612 0.12980252743170495 3.539286763157488 8
2.7841978838181705 -3.552356544366287 4.031805291139083 -0.9206823678804921 8
4.061210479440781 -0.3171144472815072 -0.11582790066353377 2.6808684795033173 8
-1.5151512756623018 2.506904052632397 -0.9272661072991379 -2.3429659530248426 8
-2.191746385464788 -3.182070344104457 -1.9856613786439818 -0.1789310093211648 8
-2.176904853715077 1.5527778281176368 -2.354781309772885 2.381642738289822 8
-3.5939881780590865 -0.43821834537773496 1.5049034433957722 3.893961345913883 8
-2.3799661068227236 0.4111034919186516 2.2212342393722815 -0.42020277379971394 8
-3.255476024004959 2.465696402420671 -2.8561963252184395 -2.382238707593638 8
3.8152130922483174 -1.6257670402658675 3.481776110708822 1.220337876936588 8
-1.3096929039883007 0.8827671597508769 -3.53805007819787 -0.001520614458828784 8
2.1493650484829248 -3.9755368505110837 2.39609032957362 2.743049818065533 9
1.5730037569234736 2.828234201343874 3.054617394037106 3.6991890585992793 9
2.6326908821605897 -0.55258756237774 -0.15922182461682555 1.5052841184571726 9
2.904933917675607 0.42369015500674634 -3.839864485627591 1.4543575105139361 9
-2.819474201259844 -1.9283684489560668 0.1316533158752755 -2.581787470782301 9
0.8346236256975283 0.4722732309319694 -2.223896647406837 1.8696939809236492 9
2.7195144488597967 1.9340413430281151 -2.4669087117791713 -1.4158244594280356 9
-2.582458653038703 -0.9235230237138413 -1.107412718387319 2.348477274161327 9
2.5026676274948594 -0.37693685176617775 -2.7661476521597588 -3.78707712591337 9
-2.474727669334196 3.933852902733089 -2.8494214604298334 1.9127356462743936 9
-0.4583196497521972 -1.7214576523109386 -4.045725438447855 0.48908454032945003 9
0.10132443569608673 -1.7917347722778982 0.03757223392630926 -1.1324118161357224 9
-2.0665461624690824 1.4537860955870996 -1.3741091006003696 0.3480411481054556 9
2.6570997770503144 -0.8205143702534518 -3.9524473116465852 -1.5942111766352516 9
-3.051538508180885 -0.2178415089879009 -0.7518519539013062 -3.2258453553977073 9
-0.8855933199045016 -0.5785983075862584 0.22161140882823205 -1.715195603918363 9
-2.3411160357631338 2.426376322138234 -3.90964362983379 -3.347175531448006 9
-2.6799515051391385 -4.152181275525661 -1.5493565526164108 1.4564737307483335 9
1.8010226813255819 2.182510257978592 2.7021861743627347 -0.1240222291867683 9
-2.3511657963335333 -2.9393467175806633 -4.079586839782415 0.9628814472143404 9
0.7247815146560536 3.7766739082534255 3.6478855727291593 -4.036261059012706 9
-2.2141503250933123 0.3600377657704352 -1.3706722520322385 -4.3482862248291125 9
-2.120596022055078 2.1748300307642294 0.6956716607069531 -3.561419542132864 9
-0.29613248456970553 -1.0893928588639241 3.9684300391079086 -0.833536714644962 9
1.4052651822735358 0.2827758665163167 1.0922150947236169 -1.5417000369234484 9
-2.6896558421794046 -0.7540898175377818 -1.4766643946849056 -4.396146965075557 9
4.1084415712460345 2.710216926615282 3.2998465605260408 -2.072484480331256 9
0.10897744079513949 1.4441692638041144 -2.264766625404185 -1.2605589796849703 9
-3.2186571801061294 -0.7812596428774478 -2.84293623168825 -1.6890661157493072 9
3.553347325338692 -2.806916921400563 -1.9699723140890524 4.274609717556282 9
4.337292010492247 3.132999763134716 3.3864800398887165 -1.9583962083735853 9
1.675152884285949 -1.1373826382952514 3.052683957761406 -4.156825319011798 9
-3.6713020364711006 -1.847845708027457 0.6174345495356444 3.2715937924558656 9
2.168968270589552 -0.7054077182786161 -2.5479460309590496 -3.051466696977892 9
2.7259743025945884 -2.557831712401575 2.647095082645325 1.3797007832149728 9
2.9137151708178406 3.2410042500697465 4.267316463959263 -3.0709343807118685 9
1.999774472622199 -2.66387278186476 -3.164093158921472 -4.001529642557034 9
-2.493977031198317 -3.921350426235903 -1.5814218772144435 -4.0704544262409526 9
-4.038287879767884 2.1516266896535203 1.0256294005688988 -3.7271974283522127 9
-0.07635023416104114 2.3536009669587843 -0.41184560848307117 0.1356197649993922 9
-1.9552844537373075 -1.392598142238382 -3.722834543590686 1.7270538147109185 9
3.5523323663219433 4.47645060553062 4.414961573746277 -0.9964781333861439 9
-3.5841965176915878 2.5132688279386413 0.15127087644630033 -1.122687243389387 9
0.5053372005681249 -4.459060901997356 4.318200101545852 3.1543772149554394 9
1.0489513077974766 -1.9806463125505982 4.218307975440383 -1.0223014102796788 9
-1.3449324007322838 4.223509985961819 -1.6530157389298812 -4.3547461803903245 9
2.1841012209330395 -4.009304336724977 -3.8082324141539363 4.10691434011463 9
1.628782174053836 -4.383039076189917 0.7591504488719429 -0.485236112533196 9
3.4757447072162053 0.8701426490645328 -3.079470156519294 3.9422470840496517 9
1.177391791187489 -4.351961220917629 -4.145819034002672 1.3372352531077993 9
