500 50
-2.5020614601923445 3.3365907555963874 1.9462153408765632 1.294288503233657 0
-2.6395276019451623 3.767498171441294 -4.20787319062678 -4.36930191038307 0
-0.10429930084653771 1.0056947661238114 0.0776764620032907 0.309836754095835 0
2.39317070832284 0.16576189085648918 -3.500789472545229 4.247580288368477 0
-1.8287954858140023 -2.8105089420487355 -2.3619770193511647 2.3538015256957943 0
-3.773328581116126 2.14596266579073 -0.757989521531386 -0.4342330263029692 0
-0.5282169939364222 -3.0752111905861392 2.8779563100501107 4.259440246122747 0
3.4194332808115098 -2.0332218420699784 -4.119732465476635 2.1725216226658577 0
-0.7718848282705382 -1.8352806053971684 1.355844496212184 0.34408851007250063 0
1.1590911799153498 0.7185402917059055 -1.041833945262957 -0.012722494434545317 0
0.899362769624888 -2.107627942180435 -2.04789200547471 3.897169983649353 0
-1.9378270742277257 -2.2177061480359126 -3.2953680741038363 -3.1241725577020545 0
-1.551924470801393 -3.202521294119216 1.8756676642338712 -0.31189517927016963 0
-3.0094842491885916 4.175374761611477 1.2133909462175578 1.0140406325898819 0
4.142040437571245 -2.8042680996365834 1.9666286163085958 -3.216887674097751 0
-4.281240945334617 -2.659000082580444 1.8277461839701274 -1.5297592656243064 0
1.7985925271390175 2.515631269999768 1.727730329555286 -1.3442851638821605 0
-4.293602168048267 0.6989657231678044 2.9265273265699205 3.1174182024116552 0
-4.485220445555592 0.13925350714854157 1.2123652925989838 -2.097367127858422 0
1.2581565851777141 4.370619625237699 -0.8285614839810475 -1.2366849732135832 0
-2.168121632300048 2.722471967365832 -2.8617517075361474 -3.901562807527204 0
3.334347783013348 3.804746525511029 1.0954595147134585 -0.43980776603058513 0
-4.480072087208008 -0.27460465418180435 -3.8959810102180112 1.1692917488079229 0
4.3332186384540945 -0.9094967648743457 0.8872561703373343 0.21655083350845206 0
2.8235922982822634 0.41810848175229975 -3.5080795627460155 -0.30153898043592287 0
2.437686784262021 -0.135620325103878 0.048819842201591745 -3.4261959739058105 0
-4.2379959269455405 -3.7212688043801543 -2.2416838094145164 4.475157053312991 0
-3.49691568859779 -2.2387939947850715 4.270514231426986 3.5497948060443445 0
4.184237632737285 1.185894474639709 -0.08607460786580323 2.0874522427568802 0
2.849941823538257 0.594737964834807 -3.5449865149430386 -0.6573453977629674 0
1.2182058502370379 2.8071215206236957 1.775943601716404 -1.720476904188677 0
3.8401435371948685 3.7136408733340485 3.0869534236556704 2.6541407981930556 0
2.923296483946729 -3.652175410404096 -1.9615658239879268 -4.102784779719924 0
-1.2505642338257181 -4.180418714157027 1.1371140166345584 -2.392492986888071 0
0.41722513686726204 2.6652844877040383 2.250446308148899 0.5498869681424513 0
-4.039714772087876 -2.8019903778620288 3.2993867289574714 -3.8263293709453197 0
-1.2107000887905168 -2.3013821973788247 -0.5067503605284106 3.213675203941435 0
2.6557872562892877 -1.3311455781026833 2.9062999983855615 3.002292114751117 0
1.249899138543288 -0.05926453292916256 -3.7977251432735657 -0.1918419443263657 0
0.7514976934805088 3.9536941676836643 0.8620119001469555 0.3557235566664816 0
3.991860738142916 -3.4947681553478573 -4.396890144354965 2.426753488125457 0
3.091994694992014 -1.3857466341964289 2.1806825685535793 -0.052381707349037576 0
-3.5925545442361937 -1.049318405395963 -3.1580823115007326 -2.956167516229021 0
0.09319317605323141 4.149927737686168 -4.408302109267869 0.4517170219328378 0
-1.1563864620479345 -4.388675295596781 1.8236213380796604 1.5395964712884893 0
3.2373619828937237 -3.5000032541367125 0.24756731439714708 -0.7178048295127789 0
-0.19494860411893544 3.1498202914757423 1.8394758910499274 0.4573415713759509 0
0.13264170300611178 -0.48052954869918085 0.7929061647600171 -3.647977009733835 0
2.704287786755127 -4.316477593966644 4.301108156265233 -4.319014091449051 0
0.653567839270193 -0.7975474579856111 1.4300327732710587 1.9151333033842826 0
4.366231179262241 2.7126137736996307 -0.8722615744959216 1.9004128828178732 1
-4.014341080693678 -2.785700038900476 4.143672478044451 2.118139111096032 1
-0.428230387647221 1.8264786940618036 2.6532107808463294 -2.551694048299218 1
-1.5115666541789032 -1.2601512434582314 0.9672186391669533 -2.551612955105533 1
3.793235093632593 4.082674551546123 1.2614534393800425 3.1390266690741777 1
-0.8308284419057077 3.5871403939625095 -1.0324551988188557 -2.5481646415451022 1
-1.5277207323644435 -3.755352878280111 3.6291418402438884 -2.083366301021489 1
0.24045808912732247 1.4475995186254678 -1.81867998919025 4.365674481672268 1
3.5368586491976854 4.186417923129066 4.02133677484879 3.091656224578274 1
2.4293940920218327 2.3318920646039336 -3.386394555792227 2.550024088017805 1
1.8904414261899456 1.813975493232351 -0.7534976132322508 -0.6914721727094979 1
2.405982430060051 4.269145309970796 -1.9696653752262692 -1.9087213254984925 1
-1.1365693434362765 -3.752510012653996 -2.681591767240853 -1.5462219941118445 1
-2.3432360434899757 -2.5066551596130435 -3.994025889896931 -0.9112101166123261 1
-1.2276018287630457 2.7928280890111656 0.07326420201656003 4.45167399729541 1
-3.9591344712028516 -0.4523079789309954 -2.769056551737921 1.729842708076116 1
2.8185347473501046 -2.1218546291341607 -2.1224157677803217 -1.6931402577871237 1
-3.9293911622396824 -2.321030949696586 3.8926006572470695 0.49786431971443335 1
-3.7343658442480594 2.7699969181261683 3.0828310139410053 4.195066602060753 1
-2.9677493192572606 -2.7418983699380517 0.46553229341021796 3.1584726133352894 1
2.831778104020743 2.7925697626424606 3.8363397597441615 -0.6982368041048425 1
0.8043649041036829 3.732609061057158 -3.5014762183947674 -0.16191534147650266 1
-3.9616052692082886 4.18496976243299 -1.8293591984131372 3.2695070088290206 1
0.6387769517022519 -1.7773369874964513 4.013001946600123 -4.085418962478871 1
2.931352438485156 1.4347555231798914 -0.31935674640848866 -2.563835347599224 1
4.378512972630563 -3.5325941978241095 -0.17594043520228775 -3.7868540688787053 1
0.7282667487005582 -0.24454660448441867 -1.5836130435839437 -3.5101770936078456 1
1.3704370738893055 -2.323268513123138 -0.8068008768831838 -4.007362387102087 1
-4.219829429234346 0.3980911747156718 1.5915811529024775 3.759001468406952 1
-1.2176083908685351 3.5309994776865965 3.465069081878384 -0.003108099160381683 1
-0.36588964717220196 -0.7321130996679044 -3.5506441875696697 2.830897412090371 1
1.1961498671187045 0.24460949651905983 0.34118599143002204 -2.790128534290099 1
4.150900261567037 2.6010910310061934 1.2753255624474051 2.666428649089065 1
-0.029740417896649274 -2.5997309919518594 -1.682634820380361 2.0431036788909163 1
0.9358572698665526 2.23718229499336 -1.4956612303161232 2.4446236064415103 1
2.3027744813455278 4.4415360713940055 0.7062058797898971 3.1390030896998917 1
-2.53351996793911 -0.66926399818512 -2.159303978488261 2.3778405090197126 1
-0.6853535747529961 -1.6321820608590176 -1.8973508321718224 -0.22194043173732902 1
-1.2120028295903724 -0.19852820905899216 3.400738865194967 1.6557868949467476 1
0.37881368169307605 -2.1129277803588185 2.954325118668363 0.9891097693295253 1
-3.2907264493287727 -1.7830251204054308 1.017038554879265 3.909553491628556 1
-3.271679155608524 -1.6406981698266931 -2.501810530796064 2.9508041410838834 1
1.6126441278398191 0.9120704030584945 1.0926801899540037 3.2911369779858703 1
4.475029199066298 0.5482313082913677 4.328046876860729 -1.9620180360544017 1
0.4385357738386284 1.2811458613969995 3.620656481335833 -2.7189938699487293 1
2.0411043357021845 1.0423218556664575 -0.9556139089480666 4.223295872638154 1
0.7965005847576405 0.945038821411821 -2.961811466184077 -1.740879560212 1
-1.306930853718348 2.496437951656628 3.681280120370028 -1.062247408898743 1
0.9414298280995506 -1.716923056738705 0.22574274854673326 -2.1420551858795323 1
-2.289321013102554 -3.8586061431452903 0.013748069364691529 0.1680838663425781 1
-1.3704374909958068 -4.384367334176368 4.201747417224277 -0.5669698702659538 2
-3.0092235602553314 -3.9567021082400005 4.391012605127369 -0.7078597638588104 2
-1.9965965950159519 -1.3650120509489003 -3.4931616249823922 1.098762094924158 2
0.8210008025069088 2.4751181703249774 0.7069097516498294 2.73857909565909 2
1.1227902044614773 -3.0628716000989957 0.7009062693146858 2.912285437094218 2
3.5438638790905816 2.075321394060319 0.49456470311169265 3.0814599831845464 2
-0.020087826622188998 1.2927619745189474 0.09047742885512122 0.22251827649759715 2
0.08527584876680294 -2.986126577832481 0.16426950105984184 2.6137405642836167 2
1.2731829528404857 4.393509866665442 -0.31648435437248956 -2.7670808341324813 2
2.432964268058323 -2.866669117924895 1.588290869740713 3.5992260752835126 2
-3.4220788131736524 3.873076586889684 -3.2587949458157572 -2.2556184385789875 2
3.6908768966606256 2.242661936493889 -0.9021270639040854 -3.1803917839888376 2
2.344783863750673 -3.214117819086024 2.3859444452446947 2.2932189157936227 2
2.8074977240168195 -2.7694863380207253 -0.27412365612416967 3.8629195825754543 2
-3.1072940141279597 -0.8362893913067733 3.6205630720447415 2.864184512061731 2
-4.496553950692761 3.1096603454742886 1.4537896015998348 4.126145452490443 2
-3.0498079199045343 2.1532566140339444 2.385956837646998 3.230191452268613 2
0.7461973433107228 2.4323400267431503 -0.11861107315331487 3.9511882028176846 2
0.8999385006391739 4.153207372615548 2.6104186209419784 0.04253022869874279 2
-1.0819944952360445 -0.026906849324503934 3.3407299872450054 -3.2278891406507855 2
-1.4549521592442307 2.1847566736577804 -0.8549919489932315 0.5810932986941897 2
-1.795537172039047 2.6890764711000137 2.8935639487598777 2.9450051549489835 2
-3.7264519860317256 -2.379027261013446 -1.1689461941001817 0.500397927416551 2
-0.5564799665445581 -3.3655873218413896 -0.5327396146696872 -2.1440490592224903 2
-2.6727121729096486 3.073884676768216 -3.250871829681614 0.3156470119925001 2
-1.1481079057516337 -2.5318644348810926 1.7349516240193572 1.9150281394471071 2
3.1151954020568873 0.6783719855323692 2.732538474457079 2.126128328047067 2
1.2034482956160344 3.5003568930850455 -0.4531199394994253 -3.1569007758773293 2
1.925631530713964 -2.113985985739694 0.35069336799890805 -0.867474558413782 2
-4.412625225001662 0.44517113576091405 -4.365949065419707 3.7211931441918775 2
1.8677360276279664 2.751251486760207 1.0085684157637456 3.0423595007576756 2
-2.78409299221537 1.2079284842217217 0.030716217140244972 -3.478864011537455 2
3.9469764069845112 -2.176322541792196 -1.9885637668987268 1.4794907050660577 2
-1.8676758633230943 -0.6692038916469712 3.8082593873019674 1.1047552732553056 2
0.6406074143615778 4.410499979907635 3.7078275360097535 3.4873617543279734 2
0.7937965143416126 3.4910945726667615 -2.120219591860468 -2.8706190639124216 2
1.4059015113965836 -0.24499013300993833 1.511761482989445 2.3764235028908742 2
-1.7500632324614518 -1.348383797129732 0.4965653270905873 2.686064451784218 2
2.49420863022507 -2.902418574118977 4.22838988098612 -2.9667383030791106 2
-3.2585817744349885 -2.5825953213499355 -0.1950187069845869 -3.5680155671599416 2
1.5202209612793625 -1.1573554768609788 -1.5213978755866118 -3.7314277093938433 2
-2.641475892754524 -1.523660371127983 2.3196322532002807 0.7465119973624119 2
-3.7653339382637534 -0.5711800187720518 1.8807345687770536 0.16954475492345955 2
2.8009438427987585 -0.4878678492837826 -4.3129578438577845 -2.6281746917764366 2
-0.47420861406066284 -4.2522438287007365 -0.38185311860345306 -2.9540918529208753 2
-1.9892009513308841 -3.8234655010202188 2.9326373453610053 -4.385416194031046 2
-4.070354605977608 3.2722702186599895 -1.555733920466067 0.04043238848402364 2
1.9288583128094492 2.97393930338617 -0.44764392573693346 -2.3333009833867133 2
-3.3038478324522402 -1.2124218640947566 4.065357099406214 1.2429590630848568 2
3.718957880842362 -0.599508981111538 -3.3744987174961856 4.127714035531872 2
3.8308663177531095 4.152312685183057 -4.079168751530981 1.669358438280867 3
-4.440527028093829 -0.6036247303795726 4.380272368996005 1.6520434157285324 3
0.7480136595922985 -1.3605518499921319 0.16959408953049315 -2.911676621500848 3
-1.1157118388568348 -1.2976058145798142 0.6219957692093853 2.131701605872815 3
-2.4207041234428903 -4.265664800162765 -3.6094826403094236 2.6903961238748946 3
2.080655998814182 4.486641905365507 1.0206714663801493 -3.891381976526836 3
-4.1549226285597785 3.231883952577474 2.6817325670115837 0.9623845298687499 3
0.39874437873409063 -4.324320370591351 2.866821729978917 -2.7006895048391617 3
-3.880652322837098 0.2290453296974121 -1.6256868529350081 3.7159430114441103 3
-3.5589581420208067 -1.8360231510576825 3.936140953480106 4.244500701709789 3
-2.026490363893764 4.235451368055851 -4.294168801835291 -0.6459284780598351 3
-0.27300163555647616 -1.9333704215657255 4.147254439373739 1.4319549276462455 3
3.944178840079369 4.200540019528318 -0.2800246645953509 -3.2052178285041775 3
1.9745989455228496 -3.2680887091120585 0.05166848160710935 2.4832917605641898 3
3.509090868986507 -0.5286573580077122 0.7404789877044186 -0.9030739006680975 3
2.575146403773552 1.9933985551677238 4.498781560792266 -3.3307983668782954 3
1.3784766997548588 2.402758193678789 3.318723330426325 -2.9077730230121532 3
2.8064722989544033 -0.34504613384315963 -2.10560179959265 3.4341044181786873 3
-0.13841452812334176 -3.6235237973919654 -1.8357690559443425 -2.6094624882280972 3
-1.1622351019291424 3.4752086354515708 -2.3906670536000822 4.159909235355508 3
-2.517551764924379 2.2402360726150956 3.9907302276741716 2.1112347402177853 3
2.7596669863829995 -2.7308895318507447 0.47651045716413476 4.367478370305025 3
2.381423851746497 1.4161163647324058 1.3860287866219774 -0.15228643372898 3
4.2791328999372675 -1.0053616531189165 3.295386237039385 0.9685641978537709 3
2.3107499659951922 3.095582599404051 0.1241824357413448 1.4167605863065003 3
-1.0883462147321294 -2.4868073034124794 -2.1715964101814453 -3.7457123442264124 3
-1.1858183835667415 1.3754689238481825 1.9260763171462911 0.18732729385687263 3
-2.1835138396923512 3.2264903942146743 -0.4150414455389527 3.260452971048612 3
-1.8432766758757624 2.376311990950977 3.0631542871790822 -1.8847969965825948 3
-1.6106063761303155 0.03890172713729323 -0.47282638279163824 1.722878255661842 3
3.3676534834709684 -0.13142994239223116 0.509583497548329 2.1442694977098915 3
1.1176966120771228 -1.4147276749760942 -3.922153825284105 2.122912461545736 3
-0.28283847491173975 -3.9472738065597643 -2.1650426407037138 -3.347914604269385 3
0.17789839606841884 -0.45761269833183127 -1.3620797999251169 1.359762471288515 3
-1.8091542468723683 -2.944106037597424 0.44478571272122125 -4.341280040615497 3
-1.4340265117512463 -1.8463452992209335 -1.1732847020967465 -3.0615805648905123 3
-1.2371607376185367 2.7787865486398102 1.1900149225305983 -2.293429466463474 3
3.560396041268038 3.7352999018031925 -2.300811631923842 1.2495819378922035 3
-0.7059994110921484 3.586027607837753 -1.158835524850407 1.7965489977716387 3
0.7836983344963013 4.469499899250956 -0.6466376849681185 -0.6943992403369124 3
-3.381634443435446 2.3114840289991223 -1.125469190601092 0.24237956021461604 3
0.7944171291255534 0.13109418278257878 4.276031495833836 -1.1148640522442186 3
2.3239403513956813 2.999535517956669 -4.01896074615209 -2.9917581061081 3
2.9797904496473753 -1.402929546478259 -1.0132422168982682 3.277298693721587 3
-1.0739064840894663 0.8575661477685897 -0.9595894638331526 2.928279281093376 3
-4.114152493529686 2.8323474945102856 -2.081886832074384 2.028960879824612 3
0.7742079108457814 -0.508457506656564 -2.9308221408915 3.141307317570683 3
1.243213871559695 4.098164197851371 1.322550213114947 0.1170923269859796 3
2.7379003509348703 1.4053472255522945 4.435830390693927 1.399692433024385 3
-2.63211892987229 4.245624163080004 4.343351191893625 1.1558506991878699 3
-1.015976278840272 3.6471267779961285 3.9867664956180984 1.7152660992068065 4
0.00949161419888278 1.5516745421177762 0.40234596044052007 -1.1515733297340875 4
3.4866267499427885 -3.9745282069516747 -0.914450230515821 -0.6121994583994714 4
-1.8472801954592413 -2.900757714478002 -3.097453126128748 0.3111592864095114 4
-4.080909386405726 -1.4237254730644882 4.4803291965497225 1.5149439429530946 4
3.7386066136427414 -2.225553491225853 -4.163243976913089 -2.2013479049964944 4
-3.4826596326997787 3.9766044309463364 3.1815553629779982 0.7087576035894909 4
-0.06020108538752755 -0.25388081067430524 -3.531253518544967 0.12170551513246464 4
1.6906208051970344 2.853763448899195 -2.5465856385997747 3.962520392320433 4
-2.457834235090412 -2.678824310138026 1.5881399978948934 0.088778349861804 4
-0.6795109730163716 3.128336538105255 2.054642510278924 0.09122661245720087 4
3.8440926301897633 -2.7863697305498416 -1.165097810280611 1.4636781031864734 4
1.7051328542154176 -0.4871818807962599 -1.9721006823851375 1.3718478317518574 4
3.402992517681387 -1.839500089442386 2.704612618565781 2.6982938133740877 4
-2.0681653637577497 -4.302612945821224 -2.425335983538886 -0.2632950746122247 4
3.3421579243551847 -3.0054619814746135 3.793433599344553 -3.216276279603133 4
-1.9932192192568063 -2.2830192350595007 -2.8541413885983333 -3.1534935957816863 4
3.7984696233069566 -3.7653465621217133 -4.300651171580042 -1.7832654944315796 4
-1.4700739976063035 1.6239152832013555 -0.5116450748533651 4.211289249279528 4
-3.0099135959705356 0.6989265427744337 -2.102007838679473 3.532389105430722 4
-0.6780862816572462 -4.381739266289834 -0.04668024310442764 -2.373878923318866 4
0.9594259917948327 -1.3777480603684746 -1.201022419448475 1.9672957222167369 4
-2.596257944464874 4.276350258546609 -1.214610929014508 -0.6455310729747794 4
3.0508398945733024 -0.46161621983925216 -0.7174208520869807 1.256349957389456 4
-1.6087586192759287 -4.373119042955822 3.6400606821584436 -4.463369696483401 4
2.0526285796719597 -2.1030880515597965 0.504312397645049 3.33984455106915 4
0.10520957316158519 1.1341716436088611 -3.2973064010652613 -4.1860451257438385 4
2.276153944275512 -3.076684433223601 4.125155796890643 2.6549896687041654 4
-3.6781504959466824 2.4666043445309582 2.298433545771684 -3.8400681589416483 4
-4.036878616195572 -0.8404440662895823 0.6213142085791967 0.677826722668457 4
-4.175788544384329 -2.62990037528244 -2.5529872487591465 3.114364200649075 4
-2.795420685293876 3.059107395448838 1.004222407369471 2.1077092903105608 4
2.1864755095706974 -2.2979140146517603 4.080878370447391 0.9439230436120472 4
0.7755128545787929 -0.04861068896866383 2.402342312111472 -2.413861789836443 4
-3.6795447827949506 -1.2796418386045645 -2.8343536829779628 -3.327314762697127 4
2.2563088783946776 -3.3410921826047346 0.3124747225039226 -3.221033528678479 4
-2.3408938773182006 -1.29218002384897 -2.4196619990956734 0.7167571805904955 4
-4.463803958330555 2.4610816617785116 2.3140752185384965 4.076682787517861 4
-0.9441735317217474 1.248000317518359 3.379446691092785 2.4348921510500405 4
0.23430851285472432 2.514311084641344 1.3895353500348584 1.5929431459786465 4
1.4296066541443246 -0.911185890058563 0.7931048966800504 -4.490173470018691 4
-3.38704539735124 -0.6839445027341907 2.567103287742407 -1.2009118613020533 4
-4.452411149843361 -3.7965068237649686 2.663991432616244 4.392677390487359 4
2.9682756257754868 0.1509224949991268 -1.4872055013922045 3.8869528192798652 4
2.6005040621102613 2.151998151898314 2.44254291305807 -2.032952866289195 4
0.2501942192069252 2.0456592835659384 -1.6934557744602539 3.171609523469071 4
3.994406212600611 4.035834821075188 -3.2098539977985685 2.7227485829609233 4
-2.2101169102713705 3.675454917501054 -2.43745924430287 -2.0488265475004726 4
-0.2607685878263497 -2.624550174063047 1.7977918970654099 3.534325512751152 4
-0.8086706946486076 0.7553800486871259 2.2873129571666153 3.608173763209437 4
3.500994198978068 3.6303681080378882 3.6090079139160687 0.2846188420096495 5
0.5379783771738138 2.7644533856300684 0.897638921544965 -1.7773686710661223 5
0.262038236366279 -3.64430642309606 -0.54690300422937 -3.210479521969347 5
-0.5783521448680601 1.7924973360603285 1.0526775887059725 4.356483982610497 5
2.2909288707405056 1.6006817192270395 -3.1345762414236047 1.634346927283695 5
-4.481056361686851 1.6410372555259933 0.9131078762934751 1.403638810749365 5
4.3201912333351355 -2.5829652443997415 2.9844477084217464 2.179570704120888 5
1.9189529064761484 -2.7207979452104505 -2.0079682569916564 -0.446251015211129 5
2.398403605663306 3.922172605432932 0.7127456787195666 -2.280029571941646 5
-2.626189503547936 2.964065591604375 0.23864011766791904 -0.40030539797959686 5
-1.8067172818573207 3.4263449963307275 2.122803888073314 -3.972928477232667 5
-4.214026012680412 2.2970763879121447 -2.5788535619469766 -4.029875595139115 5
-2.561743803582676 -1.198017507221615 -3.1460445755217354 1.4404548750726698 5
-3.0806194701418264 2.7668792035551837 -2.1165381901182796 -0.7238810956033351 5
-2.6905152623894515 -1.3087899839582162 4.132511926181338 -1.2894710352165848 5
-1.209620159482725 -2.09229386250173 -1.535412174840025 1.4436972102077124 5
-2.484696414378702 2.2284911533061456 -2.4149353531200575 4.134693216217086 5
0.6964444403932982 2.4647668128759985 0.6832323804972519 3.2939931813525374 5
-3.0873999375939363 0.40557997240679344 1.471577650023459 -4.2426188387810875 5
-3.782653811400501 -3.614296540145347 3.6095382399821405 -4.316907788163878 5
-0.6122496386575083 0.830248612748262 1.8645718634335853 0.37117652509603105 5
1.949781551070215 0.6145974076741256 1.0762831098816497 1.9397834310546735 5
-3.8065428891513586 -1.1079337105225422 -1.1336533343504844 -3.713798001344881 5
2.141346857960377 4.054960668908761 1.3732032999003514 3.2967362482637843 5
3.6479394541534385 -0.0756872686462311 1.5527483502216466 -0.6652625894213461 5
3.919734767934557 -2.237550495904454 0.2281231609738813 1.0136923442491321 5
1.0522633267755122 2.365368387262648 0.16329955437976995 -4.3656495948296925 5
-4.48489107981681 -3.760919186372612 -2.9686012425078143 -3.8274920915618056 5
-1.6093898201121082 -2.552851764603544 -1.8989933565380253 -1.6276974799917299 5
-2.9271825852654856 0.466563833519238 -2.355311659434772 3.6163818451676613 5
1.256658400824763 -0.13475477811951453 2.2176781437144237 -4.409313010657414 5
1.7960281174242354 -1.6364797605464005 -2.7366001742418735 4.037152638964002 5
-1.2062611581387426 -3.303034892406245 0.42787663809502996 0.13684754277505373 5
-2.547503907593941 -0.11866926505101938 0.21101398147111927 4.236019878134807 5
2.937646604062982 -0.2380339742452745 3.906838300562581 1.5967645329593378 5
3.448589238221954 3.93270425376069 0.3781205967930431 2.5237126404333234 5
2.4431212730938214 2.5111218145674035 -2.140360277586211 1.9600983991843552 5
-4.368205772095493 1.7357035379931625 -0.55894554417468 -3.643873823612954 5
-4.191116712556969 2.2938714517987537 -1.9524942237034955 2.2335150180732377 5
-0.6756298469620744 -3.7472325435644307 -1.2825368870803637 2.022132293375171 5
3.8739498779256496 -2.8331353864608575 0.5325084118142175 4.397464905516383 5
4.143464130487786 2.5566208900433454 -0.8913998284038321 1.682461174115358 5
3.804243513135207 1.1340593624288444 -0.9254126275709882 -3.7063474630812356 5
-1.333983570669838 1.79208817390323 3.130265309623711 -4.4092697478216625 5
-0.3556274156563326 2.1117107428172073 2.2842114289761906 2.4043178689418787 5
4.083759157781553 -3.9893161668746195 -1.51627872124322 -2.4317174109094832 5
-3.0099931400717077 -0.6267760423757791 1.1973563460743164 -0.8002847121361343 5
-4.252963366221815 -1.2635745890941243 3.0501385166309776 2.12580915964179 5
-0.6913976070779406 -2.929241553597524 0.22120212347568058 -1.5094235278951653 5
-4.122105896001814 1.2158628806614131 3.3789520729036324 -0.5153260694229459 5
-2.3669060166327345 1.800003670491869 1.011473131106051 -1.033458973317329 6
-0.7487459922295956 3.582572684227857 2.3142947577557926 2.482105986118924 6
-1.8190338584541306 0.36699370700757505 1.0109869282435722 -0.5203163885794978 6
-1.9350489560387616 4.037199524300542 3.078585098219487 2.6903612748528642 6
-2.0000895374427428 1.5861467579510122 -2.4185956287064703 3.725608781411288 6
-1.3107117372443908 1.6514074808401538 3.0367878250667593 2.985294385617565 6
1.0789048204644434 2.4569326357365946 1.3168525943600655 2.3226550779161057 6
1.1362565630711572 -0.395094888921524 2.256818602190247 -3.354989611519281 6
-0.4448518681633147 -3.0927644462124806 -1.163901331021373 2.854836509765903 6
-3.4419770386080244 -3.1072861375766996 2.9596341972520057 0.19090688679690837 6
3.865799787026803 1.5341217256323723 -1.9132780352679992 3.5020272184836188 6
3.6437490963896986 1.0322544380250025 -3.4355506059881824 -3.960402521836251 6
-2.5846908792538263 -4.387421893360944 2.347344145908422 1.5924048196996718 6
0.3031081088649987 4.2569582241357375 1.3724082536591342 3.3524457540138024 6
2.643279738817274 -3.8796697504534556 -0.5627975611411731 0.9531329268647917 6
-1.2246956455879787 -3.299448024993656 3.0566300433920883 1.9084505756201962 6
-2.0662371346612707 1.598575062255101 4.374978519021308 2.6554873071730642 6
-1.5691744029728705 0.085025288369183 -2.2612310268113087 -2.76786087924657 6
-1.8967489805076574 -0.8128581755687704 4.1291336344573395 3.1408000626164445 6
-1.0995699627876032 0.7507668441316447 3.9587309611446413 -2.35928592150605 6
-3.789499164418317 4.442498350887982 1.8340527337626922 -3.6481043970207043 6
-3.2783856863668928 -4.015656802406015 4.031829401849661 0.2145241191799696 6
3.6902756676374664 -1.2138404580764712 -0.8903386837965912 2.5227700720859954 6
-4.459739170544165 -2.2421728706659705 3.8192801934071303 1.623628799052366 6
2.7750717809834553 2.185373722575939 -3.2852464766330973 -4.207777317862054 6
1.3062947951579562 2.9307973685577533 4.169173687497285 1.7612934480813343 6
-0.2445717128706708 3.7701186048808624 -0.12585922766989632 -1.8736675858182132 6
-2.0731193131423136 -0.03019433789679471 -0.8420449622580592 -1.851562299700145 6
2.9644187456108293 0.3946358701535896 2.0964818129114224 -1.6942909276352442 6
-2.341421474019589 -1.497129255506636 -2.749623089651983 -2.5372801909445397 6
3.2447758186934914 0.26095771634203224 -0.6915908331432518 3.8296666385288796 6
-1.388060457453324 1.1161858856749796 1.3208976932637044 -1.6390102424004198 6
-3.1678917354192873 2.1723707043949605 -1.0928754326671126 3.2713029248692997 6
-1.2251075227349162 0.15056532796569277 -0.7931598014642635 -1.854174843018503 6
-1.3799883668615762 3.2155795576186073 1.6800370773245994 -1.0045559431756539 6
-2.9111883683591278 3.3221172995091233 2.428984682344133 -2.412759332362521 6
1.4566300345306546 -2.8658387908032728 0.6902525428804428 2.976818863110041 6
-3.0905812961165045 -2.1624156576857305 2.991060783819748 -3.8492572933759206 6
-0.5070043786341144 3.997695243774877 -4.488259072299212 -4.164117984266756 6
2.561433582586902 -1.9075688281444543 2.888020484055227 0.6964077813694597 6
-0.2186445095119114 -4.117621612825247 -1.9037259189125697 0.9493734106314088 6
2.484324579034382 1.9328481603948624 -1.3380672746016948 4.382506739942618 6
1.279999742206264 0.927243366375226 -0.9258661546202598 0.42005192594383045 6
-3.829424721554303 0.2158166368177693 2.5281120642976633 -2.325886943637911 6
0.9072640532353787 1.074442243398952 0.6786891929310831 -1.2812877778554883 6
3.578827794378626 -1.5278878713555708 -0.16528530745162684 1.4010727811431758 6
-2.3015214906412824 -0.5580540097419213 0.6525865863864299 -0.7671229935188834 6
1.0548276241811774 3.1645439101741824 -1.7809331706596905 -1.3624793415937266 6
2.1895320723744307 0.1585549499802672 -1.3049032940050682 -2.516226299273674 6
-0.9932973018962951 2.217981152580207 1.5687165016885478 -0.6627241674097444 6
-1.1643951440647604 -0.6812477615852001 -1.330589086870639 -0.7719162242052062 7
-4.33475380098103 0.0698532899540042 -0.6398424446273506 -1.9122402106167995 7
-2.655473549338815 4.197141183809379 -0.9742518396400819 0.9997359203183123 7
-3.667714055683393 -4.125426910971804 3.525757488703135 -1.8922045312550222 7
0.1539285660548496 4.351117522179116 -2.7707200199620203 -3.075822762862554 7
-2.0344886720141457 -3.302341498073531 -4.211104536239776 3.5919913017515652 7
-3.6851528965468288 -4.46864112717825 1.707744659672929 -3.7944768250960634 7
1.0414121099056501 -1.3208670034722862 2.0160505455856326 -1.318490610800265 7
2.880067852920707 -2.5047294168130625 0.616857436178853 -1.4099767117105078 7
0.4319998186934666 -4.010419507456585 -0.26047487306042494 3.5699553732754916 7
-1.5938904848980031 3.6678275847145714 2.9362012389135517 -1.0810227141995838 7
0.9308231531489018 -0.3263471471779811 -0.9781543883566493 -3.152020401565554 7
3.880409910989423 -1.355338716613478 0.6098415621189336 -3.470576212732353 7
-3.8478715206559815 -0.4027895766445192 3.42285942557435 3.2905333000234056 7
0.802247303141948 2.695456168206303 2.9091174731109835 -4.246922128705498 7
-1.184444853932145 0.1774398027218166 -1.8045442614394627 -2.457027475847715 7
3.4970922090237693 1.1960997619171496 -0.8012950648791527 4.046052382320499 7
-2.0375428153148425 3.884639706717492 2.4978191175927424 0.25611629856045437 7
0.627532720242035 3.041557903819921 4.441422937284661 -3.9484137196961977 7
2.7585868354817453 1.5449898900120929 -0.42307717068906037 -1.3382046766880156 7
-1.8096172702011968 1.3781563577219536 2.8840962129496033 -0.12443335108421394 7
-3.4615814840133856 1.5284776594926694 -0.5301910966150559 -3.1574513863985527 7
0.2265247078330046 -1.5934596205865807 2.64441047752707 4.176025156860037 7
-0.5192199260981506 -1.934404319595843 2.5725856476831463 4.279863011203035 7
-0.2707962165038611 -0.6655009023719695 -2.8409308857365536 1.14854883503229 7
-0.07031315751494749 -4.2577718041836805 -0.5326076520484858 -4.17045072797514 7
-3.523148232290774 3.185163489293221 2.5129987289519495 -2.9264691548261865 7
-2.9178453904279618 -1.703986630623764 3.826743449814378 -2.479148167281917 7
1.7606752716286724 -1.0353763046765163 -2.1512625298943044 4.231709292199696 7
-0.8649932113279049 -4.1583751818599834 -1.7637366861560406 3.1303537248211253 7
-0.588734744659788 0.6365519076127483 2.1646512603330192 3.2939464715046247 7
-0.5265040768353053 -1.0656218062698564 -3.853247322034676 -0.2458510722186098 7
-2.9433718553024018 -1.0150535181987375 -1.0269997350909008 1.4176539020987917 7
-4.042607294773619 -1.9514149648450543 3.6736495279302757 0.9523980046224312 7
-4.424693744297012 -3.0316421456511446 3.012610938092116 3.448902022076208 7
-3.9127356882814044 3.8560483279164313 -0.2037545254413865 -0.7392646710397659 7
0.2524881793937327 -2.436464352762314 -0.22157813488501832 -1.7340119153719131 7
1.0389393546195076 -2.1385798394894526 -2.8279722902243716 2.2333490039890123 7
1.338532936125267 0.13423061455762486 4.017306241838535 0.12060051490338863 7
-0.9351214731518995 3.6421116390369606 -1.4760458931361216 -3.475624027286126 7
1.6653808114224113 4.021182054972138 1.2663108233196199 -2.910967632135676 7
-2.043977370563013 -1.045734323197776 2.593241936676242 -0.5639607717465752 7
1.529454512217904 1.1043483546908177 -1.491905716339868 1.317307058647751 7
-2.053613861378407 -3.644410203427708 3.373197102809337 2.872798242666909 7
2.9568875349889456 -1.448006636007562 4.0425747108451615 1.597892996790903 7
-4.489443372211969 1.7316650235863236 3.447295764886734 -0.8892808146022582 7
-1.5225765578191672 2.0865106531507447 2.059139000321615 3.324924901684151 7
-3.418849979809395 -2.1846327983422285 -4.082753605866764 2.1679725337929585 7
3.713643328325581 1.01297695289907 2.685422470168027 -1.360221208275378 7
-0.8507481162025848 3.212656554646374 -1.6059214994820268 4.345874491957355 7
1.5571632500672847 -2.886908784501272 1.2332547329703285 -1.7395331181023086 8
-2.0624505433538354 3.424739899012237 -2.8143854322584945 1.9715067569973925 8
3.929964162229953 1.8208886947198986 -3.648215891684359 -3.4116630932251084 8
0.28862887185351715 3.696671967930052 1.0741859835883156 0.20004522319586937 8
1.4430922042645675 3.9556756321904913 -4.097527177358972 0.22824956847613986 8
1.8476495668920545 -2.5471324739514167 3.9051730094618446 1.2288998060636402 8
3.3874255837439726 0.31584569690247055 2.7360688027293683 3.640138453498768 8
-1.4243992960391534 -2.405958715425073 -0.21610371241548387 2.0458160265446685 8
-2.060984056205585 0.39109397554764325 0.7398216635531198 3.4371729088424217 8
-4.0820248469553775 -1.220171979491108 0.9599773990968582 2.7886410026312456 8
-2.2033654248637293 -3.6249117452839528 1.843126677217576 -2.456871547065421 8
0.02417565375153341 -1.2980307958434887 -0.5347991048304339 3.1959492475473477 8
3.403634514834729 0.24045118578502767 -0.500611947329289 -1.1395579294303617 8
-3.187509818413014 -3.8029268236379865 3.9771217768120195 0.2140851769752401 8
0.6177944121162009 2.514725983501257 2.925775652502052 -1.47230872542083 8
-0.8087304123661236 0.31261664328046435 -2.480798024281526 -0.9363004526517689 8
2.757420505921287 1.3650111732287007 -3.2094484046638465 2.083596475468815 8
0.9658329982164695 3.5426200224751137 1.3912337450798877 1.6738518620539846 8
-3.0184686060480237 -2.9451484313943546 -3.419259531305374 4.47767017156408 8
4.00322315755206 2.7655054298389623 2.6843901575545717 4.357465122197829 8
4.290847126245857 0.23249568221371286 -3.299214178276351 -2.1263774653153074 8
-0.6751802068385141 4.082281031215856 3.1673758305576705 0.6083456230884964 8
1.08774356053554 -0.7496388521556804 -3.109351177165964 3.2004896487862338 8
-0.590774433680643 -0.19087335527018412 1.587825710155383 2.565371673240459 8
-3.957116893705317 -3.0895362542735336 -2.5308087628428755 -2.591370103857579 8
1.2127872533361173 1.7070882904642135 4.195871392389676 -3.8763561567331832 8
3.4559453067637342 0.6699140664033303 -0.15164605003572362 -1.3389410931889292 8
-3.1763631277749496 1.6968614634225214 3.1690296260675876 -2.614532207848316 8
-3.0479508197515295 0.28678211936588704 -2.0297120311252126 -3.224966980697819 8
-2.6849734551401276 -2.0130679052527 -3.2135494288595896 -2.412598709107689 8
3.3355344315669315 0.49000973152116956 -4.390556686503708 -2.6342598850479946 8
2.2328637100430924 -3.131092420650736 -3.545285631590762 -1.860727496839154 8
-0.4867932364511597 -0.9681071613679689 -0.4916772447545579 3.1692819525566627 8
4.290384417448033 2.1720212597329676 2.8338102982961555 3.150747525399935 8
2.9070895836452104 1.6248175721143916 -1.0705896136692499 -0.5649751855149946 8
-3.896010270026519 2.549808721738887 -3.453989940630164 3.22119151421365 8
2.029889916745428 1.7904463213873665 3.860845566550764 -2.4130817580652986 8
-0.6506503771056457 -2.0479846932445103 -2.784465693739074 -3.9819290460172696 8
-0.051091006034623576 -0.845564755060795 -2.555517884509813 4.144680828554143 8
-3.5464304675668052 2.453236199351495 3.5250472608214167 -2.9091531458380566 8
1.4573692222690675 -3.145340634791827 -0.9684286110507648 -2.880656775977463 8
1.0172955612824304 4.048457599478649 -2.7133622727518816 -0.09168361958036053 8
0.2922940646731145 -4.096252597069352 -4.055508808598642 2.812885792936406 8
4.203464021276597 1.3413795686754266 -2.246638703752742 3.2857896998831846 8
-0.1764757937725877 4.080353631978854 -2.4406520067428517 1.8507890182635216 8
-0.487936494249833 -2.5739280619246605 0.08100263273721131 -0.49749539645634555 8
-4.467581711479514 2.65531558321915 1.302561364575182 0.23361247150892417 8
-3.1651910099406626 2.672578548691056 4.419561669540811 0.37219115118440804 8
-3.768229011464425 1.2005259874433554 -0.26518332885666296 0.15623539344374993 8
-4.289061294089768 1.9872326724802742 -3.190211377706559 3.3150359512500707 8
-4.373812236622523 3.5706335801425 -3.642264178947838 -4.122773087720345 9
0.7925896205515529 2.6354204903456 -0.7313493898797647 -0.5499293048865068 9
3.815632790894995 0.7055666520256962 4.351209284862774 -2.2322464139879914 9
0.45544715967175353 3.855023307810087 -3.424329973258149 2.602152066133641 9
1.7232732632689305 2.632150193951942 -2.0621380051910942 0.5389764563810465 9
0.057832251891080766 4.44819827743445 -0.6907885874272034 -3.6871476969718033 9
0.5630751095192085 -3.2308199945367777 -3.386139564405109 -2.4715517804634795 9
-4.1327486203552315 3.074458681345113 -2.0955541821350026 2.1960415359596928 9
-3.67065904291541 0.7812031270802846 -2.6428358633583615 -2.537881028612462 9
-0.008874309695801386 2.8311975037615777 -2.7846306549238595 1.1095437322705783 9
-1.1735365986118262 -3.0111008894838327 -1.5678450390317442 -1.658443152665615 9
-2.8926533858155237 -3.4426412280073584 -2.8518814516049233 -3.894447516329219 9
0.17379207536495733 -3.8594878477573884 -4.060614229904768 4.173954072724926 9
-0.7147234040315616 -2.4238562057163837 -3.9464814112115816 -2.26739617568158 9
-3.2198544913653993 2.0780463018526523 2.8615327684316374 -3.536766990588126 9
2.6867692627313264 2.169099862701537 -0.4058026741014519 -1.860666646762176 9
-0.9479031485722408 -0.23512320041540624 -0.9934010165736294 -0.3684004156762508 9
1.971022712069314 1.2881118156474898 -0.806666720737865 -3.7978938287031903 9
0.3092971518420804 -2.3436999827893352 -0.6057362514686832 2.6884456973988913 9
-2.2375336721959784 0.45230262190790926 -0.02630274746521677 3.2390371535138778 9
2.596385300381437 -1.105516429473333 -3.995761868733339 -2.8958115539472633 9
0.565601376696683 4.4032139294132655 -4.126198095412787 -3.5159655160209784 9
-1.2938614492453209 2.6411123222784707 -1.5619408352890196 1.2417975262075758 9
0.7730615518617696 -1.0075141118973554 -4.164678682778398 4.404894211670742 9
0.09077468933557797 -3.8909096306848303 -0.6130461205845206 -2.244772979208024 9
0.7734410429257338 2.9928224573578355 -1.2949684725396582 -3.9760440684396188 9
-3.882433247565835 1.323025077920939 -2.7415538136825726 0.5044875536944206 9
-4.041363616048676 -3.4823506295534203 -3.908294750281285 0.09026798609684261 9
1.137081661863464 0.3121550430992748 -0.40693019682082365 1.940431086754099 9
-2.7952457994167386 -1.4024782151320818 3.3965715496626867 3.795131546087168 9
-3.476676374138284 1.7196436062186604 2.012582486472679 -0.8078252966421503 9
1.622570481206507 4.158975025506175 0.7724126091740671 -0.9070395929620546 9
1.6941726373159633 3.7607915096310296 -3.8516713550594868 1.4057525756254896 9
2.724690231561931 0.7413835853548059 -0.8279020448507418 -4.072595609136448 9
0.3735079142103299 -3.6100117266092555 -3.6245349142429966 0.744800646696043 9
-2.946956895563246 0.9323666323843947 3.5576048599013825 3.4341010270438312 9
-1.0876702321659426 -3.4384050964138186 3.7755008877958467 1.5176024553983876 9
2.783539857906765 -1.1592491498958455 2.74134781265793 -0.22808603286441342 9
-3.859586041787871 -3.551778141012348 2.7675842841247142 4.393458376158657 9
-3.968756301364518 -2.5451148246708777 -0.013482029096310355 -3.408175610954732 9
0.4827577100658519 0.029446031930389194 1.3480443275444522 3.3825004769642293 9
-2.6984302778686233 -3.3593687804487944 1.2337150614894812 1.990126210603087 9
-0.23996355038004424 1.0891579616885334 1.3645796660505387 -4.318008546272774 9
-0.09844264687718285 0.07227163980619367 -3.639551366855647 3.53428570878103 9
3.7795122287301735 3.0455704585931067 4.479104584451696 2.9455128857339727 9
2.228023350141746 -0.933344800613665 1.523517889400055 -1.362962183937393 9
0.6352861149304492 2.0394956458809945 -2.6005608931699515 4.305220532900078 9
-0.564364390982269 -4.075471773408087 2.5985249947448357 -1.647633499356688 9
1.4915081909930248 3.3264061574686674 3.406282971162629 -0.08732960420997882 9
-1.706456435627846 2.6153378517925963 0.23589080459817569 -0.8690558890505231 9
