500 50
-1.7285854263752625 0.17452331374770647 3.3092234569881684 -1.4663139214075054 0
2.4146789538417606 2.6029866255377376 -0.7350979573152093 -0.13388268590714847 0
3.335058562282411 -2.80870747540138 3.5104818135790423 -1.953282025390509 0
-2.0744527894477356 -0.03427073110924883 -1.2012231913617806 -2.0570687883954504 0
2.1520957240233964 -2.745432075225235 3.965918034583176 0.21756473661888853 0
-2.882292779466792 0.34943632717637985 -0.5305840099715825 3.007135949109696 0
-1.955109558501202 2.3484588251588883 -3.975927236261606 1.7660906652670787 0
-2.0727635251864736 -1.8583244161739536 0.4414319316405757 4.221838392067547 0
4.16164960451497 3.718928935539991 -4.423703811509569 0.14653839810602232 0
0.6135736086519831 -0.13056881396823727 -4.315404324371669 -3.599804491964841 0
1.3833393358372659 0.3296645867643717 1.4132186053195817 -3.690692308085144 0
4.461650076603776 -3.22215782506707 -0.3718337957828389 -3.5362499548289903 0
4.278074729163538 1.0760172660237675 0.6188810185904157 4.460459512204789 0
1.9843758693447695 -1.8444278576198536 -3.540116082280341 -3.273053236864638 0
0.9011876901307457 2.2557192485207915 -1.6931539237832574 3.6056702277909194 0
1.2722955717643856 3.8096951356623863 0.4387370224691497 -3.028658276039053 0
3.4985721726243257 1.3020421726503144 -2.155282004270031 -4.262264390352998 0
-1.8392183094438308 1.6433434154896776 0.6382435446158724 -3.138324480619283 0
-2.0070245881954563 -3.362130416831421 2.566019551362037 -2.0180994704078734 0
0.6292554399418137 -0.8184645516937831 1.3845893689780424 -3.89110591105903 0
0.5436463255653289 3.189090782683504 0.28088067467298405 1.0695393168463756 0
-3.6295299255165183 -1.3109141417750179 4.365582408840686 0.2609604762973865 0
4.262595941354412 3.797695147894761 -4.148950674277981 1.3555775388908693 0
4.217998395740378 -4.041392535624103 0.7494777180101249 -3.026350004622852 0
3.4520029212841794 2.429772180377928 4.334275267856815 0.17157672562933135 0
-2.3434611327797317 -3.5656672473599254 1.1577806764970853 4.4167424804446505 0
-2.8233241081833684 2.2744823900302102 -0.21357484600102172 2.515489802800018 0
4.076075033213661 2.615238216212723 -0.8446587149334428 -3.367326748481956 0
-2.82051677067787 0.10842244431437176 3.1966745186928476 -2.543684522871155 0
-3.7669582090467504 0.20915796858323055 1.5722215956774643 -3.1386838595158872 0
-3.295267760124786 -2.7123793808326084 -3.229547487006753 -3.1560043627776673 0
-3.5262422124764905 1.194527030323655 1.9589399509547798 4.0886423580465 0
4.067264716532461 0.23723849699346022 -1.60340282338037 0.14573661876438904 0
-1.4686448530196703 0.07477145615192726 2.871965641422642 -3.3478008441015774 0
4.414229334941111 1.19937374425716 -2.5329205237696506 4.1122705546952165 0
-1.2175231719719877 4.281525853636924 -0.3656679203949733 3.3242203930865215 0
2.5420605539679944 -4.150847090904004 2.939752487376169 0.5564879606885409 0
4.3686520431489875 -1.3313492311557855 -2.4663739419569195 2.4838053444100945 0
-1.9993295442416754 -1.6764474064499788 -2.956818646917553 4.262497013454338 0
1.2615636888852615 -0.11791981880112123 2.0943476535362953 -1.1597311220745379 0
-2.056943637041605 4.013189811563275 -2.3086176948500854 3.92488205698197 0
-0.8119677221242526 -2.0902311817659895 -1.205055685486928 2.4050125874042774 0
3.270180401226326 -0.3480180759944579 -4.312197695132821 -3.2968873686494433 0
1.8053713295130165 -0.41481400119682255 0.15945568667917798 -1.1767446166827904 0
2.2076801674291033 -3.946352410217028 4.047074717350038 -4.144457298252927 0
-3.899254879217856 -1.8324835434196651 -2.412719123220473 -2.7824336210179803 0
1.0102005793796955 -4.3791073774695795 1.0138029312257082 -0.1581549941034287 0
-1.059641522560434 1.6165822253443398 2.942799323053039 -3.1672392458073118 0
3.7217269916244007 -2.1867455095234507 -2.8979607971583787 2.7604875738437262 0
-3.5666163886700333 3.0047125091079647 2.291259179112009 -3.569207476081665 0
0.4997887639404711 -4.4546012534580886 0.8508076212975892 -4.359814155196817 1
-1.2178600653924903 2.425176093709971 -3.9783837152525825 2.4014001399527922 1
-2.019353286477267 -1.8676958067394567 3.5645618280000613 1.3366238076104553 1
-3.7324961255461453 -2.8110616132768267 -0.6687821668743628 -1.3832763325602984 1
-2.1371330472182875 1.3054185051554579 -2.5264786850817496 -4.198966611840293 1
-2.45595358112375 0.1255705259756793 3.0455772383283906 1.3874871172735115 1
1.7559251218657561 3.3991448074012482 -1.5604280838046116 2.6617212106951316 1
2.763172327991718 3.6049639500839907 -2.6162391139214565 -1.3451677159757907 1
3.2160744470793388 -0.5600224063628018 3.866949711587037 0.9224801013643431 1
0.8026886783003061 2.5672561530927602 3.546180407949443 -0.47632170034314025 1
0.4852449871668839 1.088128597691426 1.3399381894393798 0.7225223388083951 1
0.6621142179975533 2.1263363335243612 2.2738150482475383 -4.06845774233577 1
4.3927077414981035 -3.3042238000379993 0.05938339741064114 3.0308449996528344 1
-3.478931244637242 1.8144220773198692 -3.017388676428492 -0.3671327129587607 1
-3.9742349513717024 0.5358319424416567 3.9681137775950015 2.5532501738184727 1
-0.12968472926272667 -3.6375595231841658 -3.8780048855053972 -3.850674410362932 1
2.7041954511448054 -3.957243319827714 -0.6434272527304628 -2.6496353753032627 1
0.5418105505842475 -0.6314055812853346 0.9285597552526906 3.628949091814368 1
-2.113528797353163 -0.06534041608778662 0.8864304192763784 2.4587852073066987 1
-3.866313258804573 -3.7248792055421114 -3.9948501735604562 2.6195614535918637 1
-2.3124602761233577 3.9476665279442216 -3.3271151797606375 1.4914168999970001 1
-1.168832330750579 -2.7997402236779196 4.165278032798518 -1.2620557366084588 1
2.7265821086569577 -3.194901535044406 -2.773896181256173 -0.6266039461932105 1
3.3165343314498505 -1.8638618079690148 3.2686263460243477 3.6417392376457114 1
-4.021627502677267 0.6185888803519625 2.839045943262756 -4.290322106029538 1
-2.5566783211618263 -2.933133567788184 -1.8247825592928226 3.6887160430783834 1
-1.8650796280279462 4.209347393653982 1.6849487573700044 3.1543954213638874 1
-2.8728420862671338 -3.7548796756842107 3.4189260253418774 1.808688522917698 1
3.2395781342007712 3.9163797923497206 3.8734761009937726 3.2668696669613895 1
3.542355212105928 3.9832238312645716 3.3357948367096806 -4.288736888048473 1
3.5682499310058318 2.787817189409159 3.6710350333154684 -0.4941012525648234 1
-0.005613532423753287 4.470371798585276 1.9153787936260294 -1.0368345226647666 1
3.627060136573453 -3.5412021204639212 2.5948807961982534 -0.3161049602606337 1
-0.27176957246608757 -1.4382396860471949 -2.0563459530694335 -2.184823698910904 1
0.9440016124540666 -0.659345606404031 -0.2607677178941644 2.3823663000163755 1
1.5252370292334034 4.15765588802592 2.4416459531514514 3.024856733579628 1
-0.8441643543906677 -0.8549648534731369 -4.169596028089321 -4.14902854064905 1
2.354852142894483 3.161259603147977 -1.8907959376672436 3.2561336724541325 1
4.3698805307151956 1.3066856959172521 2.878496418592597 4.45565707367166 1
-1.7603843379442088 -2.8808864905855365 1.3338621143210028 -0.46782053964532466 1
-0.7272647809560973 3.643472664122244 3.7748229859492883 3.3352481953396342 1
-1.5463587334217195 -2.012660607437586 -4.0060699647673035 2.8020508955044843 1
-2.0037188629866947 -3.625140021584964 -0.3527854382525173 -0.3483248048346699 1
-3.189196074683924 -0.33754987730954134 0.8327745696929051 -1.366403239136233 1
3.6234823346936427 0.8539732522273994 -3.8849378778100436 -4.249713076803926 1
-3.4273781880033027 -3.307122809094409 1.3709421305529905 2.759012368889151 1
-2.6953418089075085 2.279590604594984 0.3132093108776134 -1.362047106334372 1
-3.4418944935112954 0.701627465717984 3.518986628948594 1.92876199926787 1
-0.35393847395057976 2.5968159290988586 -0.9908316074038573 2.7582164274344256 1
-3.157262031066612 -4.445681834635448 -0.12730544642714592 -3.7729952217814198 1
-3.5986584491324543 0.14061688657804172 -0.8512872856974667 0.4679214597780903 2
0.4592060262610489 1.3288704005091365 -3.2500971431176144 -2.995798339714252 2
-2.963103802936542 3.551693092070562 0.8072292886731761 -2.7639021849226793 2
-3.839479016346229 -1.0394903084853655 -2.7019988848233787 -3.810897515228815 2
-1.5189694187400558 2.644320884312079 3.382845471243926 0.20296799392160236 2
-1.9480667606103688 -3.1859143671504127 1.8600739853326265 -1.7680630651780405 2
0.8401670302551025 -4.449048143280455 -4.2330282982871275 1.302881473862875 2
3.8501440647416536 -2.562562659260574 -2.289472993990942 0.01052564797201605 2
-1.0339033184871458 2.1380939944069395 1.0345065844001338 -0.9292275699930438 2
2.5375275878719887 -2.450221613151769 -3.4367171279093496 -0.5293896142298491 2
-4.414919433248855 2.870493363572675 -1.2034161965644197 -0.7903609473466571 2
1.4473623711993855 -0.9715243934154781 -3.869918975689753 3.7360251819107106 2
3.3365820780261144 -1.8242881209010133 -2.8072670267915383 0.7943272835280956 2
2.542404645546834 4.428838664682451 4.183166128357813 3.7568322483926915 2
-1.8100836490376508 3.1686805253401875 3.4280500024295883 -2.370388698111881 2
3.655511670731832 3.345422070207597 1.5575041614774174 4.487865681065891 2
0.2597809734534381 -2.880317903100275 1.0171493832777676 1.170195751248158 2
2.09441026290994 -4.120304811739419 4.446147796878207 -1.8484512809387055 2
0.054376789833575856 -3.8093914198516794 -2.225577100464556 1.9978971965446943 2
-1.7014791732240448 2.379236926409605 -3.414612486961534 1.2723084927108355 2
1.1575340375254972 2.7179771739845697 3.8892409702963837 -3.037227937705825 2
1.0794383057411552 -1.4379068087686924 -2.2220757022983335 -3.4470785486098605 2
-2.4761967022380555 -4.322672313223595 2.2357789967956183 -0.20603510842625883 2
-1.3511705561437548 3.8464216666328785 4.1321462483126945 -0.5652868040203723 2
1.1652705062438589 0.09467551727625956 1.9237297988988602 0.6824347441718497 2
2.5156975231280176 -3.3976967335990054 2.908664629989464 3.726294580786813 2
-0.24584231175822868 2.037576909905609 -3.837227482696151 -0.5011960469306163 2
2.6791776902624935 -3.457186178892012 3.8241469774675525 -4.315514597321367 2
-0.8337115063283952 -4.026402255578842 1.7339013069951874 -0.6121239882512436 2
3.666522138078345 -0.2356230078541326 4.24392652522049 4.396826105252078 2
-2.9363895179014143 2.5467283313547546 -0.14261308273988038 4.464642093114137 2
3.2390932132067 0.010954156630572531 -3.8405877460493536 1.7663061137721132 2
1.225791517513025 1.3790468367916964 -1.33929954114527 4.473773100517686 2
-3.8535715042612213 -2.3772333830857946 0.09432486473092849 -2.2140994383356265 2
-2.18876202689551 -1.2631631302394135 4.096884372519833 -3.515321043848969 2
-4.240758076466187 3.4163607647771697 -0.0782913083986907 -4.455266147331948 2
-1.5624518483929668 1.0067958106583483 3.3915522186210505 2.8596850431142324 2
4.34973687703001 3.9599207416465823 0.5045635040129659 -2.945970169646469 2
3.8506792525143103 1.3732347958543811 -2.907718996005496 4.421998866972803 2
3.7748045520281486 -0.45123641240638634 -4.39464555737514 -1.4980939649988563 2
2.5813353499589513 -3.2508158454825686 0.0730083696503494 -0.04613276385554288 2
0.7885292857250757 0.25414099043104144 4.172927502454156 -2.132513394074587 2
-1.1303668439627845 0.0899890557921581 2.6464296644910306 3.9547925686096272 2
-3.162644711984692 1.12494477618894 2.554041760965445 3.0642787317675437 2
-0.16613078373068357 2.7614060956249196 0.4652825683759405 1.936668279647819 2
-4.011402324545662 2.116431468812886 3.084736157302223 0.8031875670777904 2
-2.8166370028308325 -1.8343053797863529 -2.22329905528117 1.2744922694379976 2
-1.2404191665328415 3.5836352402370144 -0.1726373558420643 2.557372514524233 2
4.106937549465883 -3.3175940086711027 0.3413209409100967 -0.15809502442566004 2
-0.4223488311886924 4.39828412694875 -4.3787800532262295 1.747011724113647 2
3.7090569964712636 0.8720150123477651 0.05783606914977191 -2.172066829883432 3
-2.557349055124642 2.8005578119888175 3.5946496190689237 -0.8392684322125777 3
-0.4919649278583249 0.2194257885297891 3.7787310755730115 1.6502864363618595 3
-0.24613194352643053 -2.32290400049105 1.2092783086648047 2.8893244040319197 3
2.7864785564404904 2.4661249191177053 -1.8757723536848494 -2.764506678187743 3
2.794287577999052 -0.06751597326504921 -3.657647516303321 3.802297395449726 3
0.6708291449471278 -3.274937854251752 3.4399190957713417 -0.26702874237110474 3
1.6396988411255802 -3.9860795681529124 -1.3899645639324831 3.986058419021854 3
1.9160338639056267 0.4822724728008301 2.5722571787058763 -4.130155886555566 3
-0.4299261813596119 -3.4061891829077955 -2.7271327268834624 -2.4704986084211176 3
0.464097832441676 -3.7792766598155407 0.5299883922327795 0.34473222925583413 3
1.7354483956759847 1.1783483725265018 -0.9460427519673577 -0.29041456626167683 3
1.8432984731893067 3.7432933454216344 -2.5485026509483477 -4.387355312085608 3
1.1014363250323054 2.5622522856215895 -3.7890795504067643 -1.5304277342725197 3
-0.3808233582570383 -2.995764301296439 4.4882412620155865 -1.8934492630236763 3
0.355466993020789 1.0440737044400952 2.3468513730649208 -3.581726733387528 3
2.0589202837138605 -0.20816474615682035 2.9865528627273354 -4.496172904070332 3
4.094442041534505 0.5757941277414378 3.083445291640841 0.06226525930207705 3
0.1256708667891424 2.7393766365893155 -2.9440995606726075 3.3919891404557196 3
-0.5822438707440067 2.869009129521825 4.3211032955757185 1.476763841462807 3
2.3888225017282076 3.375858127004869 0.44844144930866225 0.25569630352191486 3
0.6611088535108469 -0.8291625753156421 3.152581466700055 -2.241188762890768 3
1.9396460902865793 -3.5518161702811284 2.364772932306526 -2.366298960553117 3
-1.7866060537439088 -2.9702172628248134 1.0277599318840744 -4.485567491857153 3
0.8466828001311771 -3.6551866718337265 -4.417509186393871 -3.1113291862755355 3
-1.3958573324183763 -3.2176029892236016 -0.12325054523938972 -3.69906517193245 3
-2.272032075222728 -1.2842364634097705 -4.412149639406331 0.38073778272657743 3
3.9425641193498624 -2.2653010859860414 3.5345991752775143 -0.9639680917233375 3
0.824180063053608 -3.0564228892649425 3.598189513428509 0.015418732200719543 3
3.0556787254507474 -3.187169881933624 -2.6416794427070522 0.615164324145445 3
-0.16522533964370545 2.957905155800687 -2.74967656007144 0.49578035284290545 3
-3.456286534972598 -4.110716332442281 -0.41101830063319955 1.4238212071295706 3
-1.0228874925564377 1.3280224573052064 2.045413674867214 4.493598711294915 3
-0.5249557288062912 0.05725616014151824 0.95763934697701 -3.879085439983158 3
0.5908454701813177 -0.46825799664697665 0.39364862034703807 -0.5083319575082214 3
3.2287952114304246 -1.5510930120924522 1.707157222189777 -1.1390453136418475 3
3.3100599432648807 -3.1456015121741077 -4.212712479973477 -3.7823771738379923 3
-0.6216884331242459 -1.9667282051232746 -4.202510064159242 -0.8072023423195017 3
-1.126243701169514 3.2245568559887894 -0.20872097384719535 -4.225530772027076 3
2.8629739000815126 -0.39353103654767085 -4.244809397444692 1.528455304845333 3
-3.183377630272929 -0.6450309031683352 0.06517645228262348 -1.4170823528390446 3
-4.1532545393414395 0.8649741168321243 0.7087029710651884 -3.6729431122072005 3
-0.026086285669262077 2.92113374936818 -2.356840399761837 2.733370808249753 3
3.233405559318598 -0.6007809066852019 4.094978245868115 1.8552726943307354 3
-2.683477069549372 2.8906822503767318 -4.408920775134972 -1.2845023044792931 3
-4.150753377154262 -1.393252483036737 3.5525237056229044 0.09736677680464778 3
-4.2676604101546065 3.9851024548111496 -3.056224111952017 3.334673428325446 3
-2.4314067595994016 -4.4308219454451185 -1.263501929824806 -4.062795164781241 3
-3.7339759279121587 -0.6614580454055046 -1.5373516578697521 -1.6594336510343908 3
-2.518187512992046 1.624293662763632 -1.225977674988108 2.573828460603103 3
-0.05226383851200689 -3.36052950717528 2.215752461206163 2.801746549245704 4
-3.0740475098987545 -0.8415937450282643 3.579523492321548 -1.3292534502253626 4
-4.250831020119015 0.031746726597417174 1.7065409129499505 -0.21497842436807557 4
4.477520315402989 2.634784782771228 -0.25367978476396125 -3.921626922921839 4
1.0074582767673508 -2.0525101897444316 0.45172883935970687 2.9566763713475677 4
2.6196595797676587 -3.701843957121842 0.7613492371015883 -1.7574717634715635 4
1.585454164795852 -2.741594404777375 -0.9196611749178527 -3.3112742886970894 4
2.9621544034655423 2.368052465577959 -2.1985001818075434 1.791203583439507 4
1.4188300417745774 2.0665406794171637 -2.7722738088039174 0.39734228589523624 4
1.2500173720670795 -0.34104146470142016 -2.3177208445685182 4.482548877226353 4
3.6327249766681193 3.1721304352183832 2.272010959156911 1.0845025830684247 4
4.314400657440616 3.659202902237047 3.819325409407742 2.5827073204321147 4
-1.503287021802046 -1.5075758120672687 1.0282976558604866 2.3716466104670735 4
3.2449176354152582 -2.71568592339824 4.056645352483405 -1.6676245698584753 4
0.31928403388854554 2.9784004234904353 -3.728682147775986 1.1806294467726097 4
-1.8226477660136373 -0.08752712492979697 2.8383701376464407 2.85670469316218 4
2.3335384005114124 -2.128341566268806 -1.101440245477359 1.5756601854467358 4
3.65044147805016 4.271585069348506 1.265189207545689 2.4905390843562554 4
-1.5176263298506079 4.4001664104145695 1.0069116303376986 2.3097537028586075 4
-0.7291698087213658 -3.2163209942287 -4.126271235250801 2.900300749965105 4
-1.9146157152291061 4.222870261093084 -0.6045507102121128 -3.6888896217355702 4
-3.835105955725029 2.9960371389092453 -0.6917329107919717 -1.7533536978167357 4
-1.6147169192293722 -1.1109336446741334 3.9515517609057933 -3.327078936447285 4
0.44466436299180123 0.6436821909782441 3.6193375129958585 1.8967486602053028 4
-3.4721290399849214 -0.22316946201786736 -1.1547025136705993 -1.6621654028080628 4
-3.1810254193189027 3.4421272914416425 -4.4268691461311285 4.474417391343565 4
-2.393081381142703 -2.6983594301576854 -2.3927270255609847 0.7459780528120431 4
3.8398384252332707 3.5804020350405708 -0.25921673459915084 -0.26792160965357603 4
-0.8932093181344353 3.614698870919006 -2.955575769995326 3.129778096638279 4
-1.5238544161006162 3.8249042118562606 -3.594050438653175 -3.105749206401341 4
0.6572948268146964 0.5545241482204868 0.8070918747225209 3.828093797197735 4
-2.7960988285529274 -3.1336472847125427 1.4208066629077458 -1.1545993117930835 4
-1.535298964222974 3.5898556911456505 -2.4112292206005144 -2.6559887870140804 4
-3.1589631651247427 -4.410667502197637 3.2267580333656536 2.446197562431814 4
-1.6570879589778325 -0.45758038106060217 2.6342834044091443 2.2662446264651943 4
-2.184339419244339 4.2558416233135405 0.30491712365017787 2.336037000398217 4
-1.8852429625106712 0.02729733416195468 3.707259588068312 -2.4622850885800993 4
-0.3686121177520555 -4.441177530667255 0.28024774948353826 -2.5471945855296463 4
1.317160680747775 1.7537158830643698 1.7958648265956767 3.2634367737446537 4
-2.5944160515542407 4.464392727425841 -0.9677749212711877 -4.249892197486874 4
-3.4663172881539728 0.8562796973846644 1.6238016802772428 1.9160650192581137 4
1.6328597230804505 2.8087200412326934 0.1387080738883273 -1.7549580753100869 4
4.371957814875598 -0.5864523876054454 -1.2398393688206741 0.06095295910592491 4
-3.790892485103204 3.984741780868006 1.4909133621546138 -0.5124494470093156 4
3.2036020701315633 -0.4466407308192585 2.526123726070672 -3.6138664111318675 4
-1.4886771202354616 3.0363826200880695 -0.10093341281791202 -1.8163994153061338 4
-3.509733127376446 0.35594693722338644 -0.23395584827697158 -1.6472937736800337 4
-3.6851604706550845 0.538774926861762 2.5505559742943817 0.3123085961406469 4
0.16261006893423846 -2.943222604169355 2.463538365578768 -4.110517035705803 4
-3.158497797945271 3.5634889472380373 -2.332959137702755 3.949866312037175 4
0.3982990088852961 4.075313169379025 0.7519881340691426 -2.39622290132118 5
2.2957512284005372 0.5637435421264483 -1.758129113175789 -2.313430553366953 5
2.172808699036647 -1.8973635148559502 2.0629819247072994 -0.8043465238458651 5
-1.0570900411776751 0.9435751247204575 -0.3914180552316979 1.9065473928345478 5
-2.775931454082919 -1.1988704960534506 -1.016256505043259 -1.188536228998193 5
-4.096006979776083 0.015573382989115925 -1.360942526166415 -4.464631095486084 5
-2.6382098694448883 0.32807286713606554 -4.081691436637644 3.569618853188312 5
-0.09477800023835514 1.9096386541328667 0.10653296138350488 2.8820618191360756 5
4.046974363918011 -2.5027424040747914 -3.3945991945477685 2.998928287467951 5
-3.5091099783650415 4.177151642792437 2.5827158770841847 4.038974851931007 5
-0.588586359028211 0.28540714262224187 -0.9154274422170185 -1.625371690635772 5
-1.8882990976853526 1.458094274444936 -4.069609036040323 3.3241108679904956 5
-1.37573127848982 -4.344274378669248 1.9135520702709297 -0.1408762070333729 5
3.8475714538706054 -1.5150277039415867 -0.5941229203318606 4.459050597246317 5
-1.1073099549220178 -0.03500956808648559 3.483151988301018 -3.658791297143824 5
3.4139794115740076 3.3678379196713086 -2.32645302171068 -3.1749144506551357 5
2.4650322676323317 4.407207939215697 3.28467876574695 4.29296234378584 5
1.1842762183449667 -4.282677783597112 0.9136003519936962 -0.24057916647783806 5
-3.874216193522232 -0.8631993092531278 2.857396218398051 3.649485213932861 5
1.8266993229307231 -1.9325544434053232 1.1501224065345754 4.190315122318686 5
0.7873327779658824 3.30350054414589 2.075998118039227 -0.5257485471019592 5
-0.7372735853063077 1.9459933518568528 -2.899353121684863 -2.1186440664349724 5
-0.7807191511077163 2.604224593949754 -1.8077842641992632 -2.7666438578073267 5
-1.5976199344588962 4.1391061755946685 1.531168653762121 2.842561350354617 5
2.0747992942283973 0.40753461254445533 -3.390424561135959 -3.3697577175835947 5
-2.52042334135124 4.004247037690952 -0.5769877230937205 -2.524180154634578 5
1.925157008215508 0.7894052214067976 3.7020923606595155 -3.8631107010833285 5
-1.2994179582690493 1.660485412473637 1.452503666856249 -0.27150299573286185 5
2.316721840426312 -0.6322147041146559 -3.0790274069705403 -0.728479797378069 5
-3.93678525851852 0.8145119188138081 0.051755524869721015 2.4134838936686323 5
-0.7269329629950494 4.374773116444437 3.4743158147766096 -1.8626026935170195 5
-1.8766738504991218 -0.7073245408086636 2.8671149451983737 -3.281908904519973 5
-3.450207394225433 -1.282285196744448 3.6852098980158456 -1.9247881816033006 5
0.212095740641163 2.1868429674254353 -2.0970430027996843 1.8489205263182293 5
1.641401606190914 -0.40007020237728996 1.9258070327412857 -0.8990312813697987 5
-1.0009142434993614 1.714056063335074 -1.5304277310967818 -4.093382338911119 5
-4.04097706425682 -4.093718949318888 -3.0413851800848715 -0.4841771080707734 5
-1.8873359548869038 0.3690681271199987 -4.460285174846847 0.4836280207123411 5
-3.089098687001176 -4.3471868457014375 -0.18063434219861596 -1.5674655315703858 5
0.11743636688439063 -3.9654994004889286 -2.7577089288818954 2.9088299300440075 5
-1.397828166247341 -2.364993596031831 2.1064264169038687 -1.469500687723397 5
-0.8402573141412027 3.302896816392182 1.9414856088367913 -0.2158069215685532 5
-0.2913085093809138 2.2229972916865943 0.8482033442293186 -4.2272998212786 5
-2.8629257782356645 -1.4820824003695243 -1.6478434075636632 0.6792776323823977 5
3.8955168931172826 -3.1915845090231643 1.1800141405883977 -0.5181579313754816 5
-2.937155357098534 -0.26788823728924305 -3.08705951847538 -2.6049608350007007 5
-0.8577313092284113 -2.141749512342421 -2.523761941027101 1.3611556906301625 5
-1.1652521478481144 0.7964249630307011 -2.810068224286321 3.8633799605161827 5
-0.33543253247035565 -2.808207454613676 -0.3715386221102337 -0.9862448878864718 5
-2.4032269500092367 1.2290824140869296 3.51089701600967 -0.6002890374631975 5
-0.15283758627771504 3.2383591559080847 1.6577392365510208 -1.6917404332274217 6
-4.487968893677181 4.215538427375679 3.2542405988958354 1.2115210098654456 6
-2.9906361940077986 -3.7929769589842675 -1.4816734726710012 1.0980699060012926 6
-1.9539711318700377 -3.222274150990845 -3.5539016621424326 4.262844905786899 6
-3.65971083662238 -0.5527853662016863 -0.2487535317740741 2.3918658194073723 6
-3.533301853951419 1.5088918844821242 -0.10100865708629103 2.713641087602196 6
3.6306530858240986 -2.1860199002702982 -0.3684962979422197 -1.1708869908531452 6
-2.1604982980888043 2.798058849980014 1.4178633457522873 -3.2279668135318875 6
2.603559141716257 2.8465740949419187 -4.276077682679505 3.0330749409877042 6
-0.41472040757246187 -1.549429722442192 0.18167185723122492 -0.5262732235819438 6
0.2404593736138656 -2.0790450091818915 1.1869711209967329 0.5477953285312028 6
3.4895912679396597 1.0883009078582129 3.1625082334003114 -3.6042265246028027 6
3.650991141124605 -0.5996128710695884 -0.31469475802285396 1.759813664427018 6
-3.4461305546458125 2.716104448234289 -1.4698342700811624 -3.4420734456550592 6
3.5093167528643394 2.7787254661368577 1.0458120261699655 2.667505191634127 6
-2.0038397774201706 1.854703746775749 -1.2481046103508282 -2.847054054741569 6
-3.0796630799175966 -0.7195972926233302 -1.1992540644774365 1.105247758856234 6
2.953718091391179 0.05096093872391172 -2.1097121220494124 -3.743404731837629 6
1.1991002765392142 0.2834446952655737 -3.019745945404072 0.19492184783421762 6
2.6905616071913037 1.8931046746592206 3.6184162555456942 2.1159215701269884 6
-2.9957233011366275 -1.8729169818293663 -3.5671224949850364 -1.5879356057759346 6
-2.285931335471891 4.267173130918619 -0.2811666722299899 4.1744488554030195 6
-0.5871813094205548 -3.3620085670532474 -2.101147488647697 2.1754543345455026 6
2.8782217809656907 3.830659577039097 0.8209956019747569 2.059615874457349 6
3.0166634760870576 -0.262532010903461 0.5882925658649596 -2.9605094722027836 6
-1.453151222518617 4.488159756778649 -1.242952026798856 -2.3608816933947625 6
-0.9292703203066969 -0.14627525195266877 -1.2406967190677478 -0.39065346996571104 6
-2.5724991619045534 2.5641553533341748 -1.4664971502110853 -2.4152483443584596 6
-0.023391295351581354 -0.5470576123742257 -0.7159135483760698 0.8161238630008191 6
2.0288449966229445 -3.5645591297775088 2.162619205700469 -3.476508897862759 6
3.1500785210685223 1.530382859724762 0.9828271999566607 0.9883634373691415 6
1.3062685488641979 0.3702602355283764 -3.7708093215309972 -3.461322002541314 6
2.7435343694236876 1.39650108227836 -0.5501072743500041 0.7393869874674713 6
-4.43824668840206 4.287141891250556 -1.2688339188513145 -2.127050744944256 6
-0.6019740213107542 0.5059911659499431 0.5225369872825705 0.01777199608595903 6
1.399951158624543 3.0687482568242794 2.254770978729069 -2.1316241777127116 6
-0.010816250871614197 -2.3036568320246666 -3.0272985387797027 -2.444986512245738 6
2.3915870732516824 -1.2156748615339839 0.28403582519768045 -1.7320542946369402 6
-3.3956760396741594 0.25918826205638934 -3.2186516048619502 1.2011684845556925 6
-3.0824748732860408 -0.860109148015902 -2.1779052855328276 -2.7008611336556125 6
-1.8267768483700553 1.0745589292336737 3.755486449075908 0.7660072879947799 6
-1.348295686994644 -1.0269259891168034 4.467983093574332 -2.3560327960436256 6
-2.116437946440143 0.8726915370508993 -1.6550389300876005 -0.11946827001429461 6
4.2799361147010675 1.4617298936576189 -4.13866649556262 -4.236579690804349 6
-1.9740381423103905 -1.4257505025222046 -2.882479727898126 3.080145141418102 6
-0.49384002246205905 4.216131880407986 1.2001296278366484 2.5109127580709423 6
-2.382994011890099 1.8857159227529707 3.878309606537877 -0.097547358082265 6
-0.6897415198148622 -0.9633207691439325 2.036299655741985 -1.4639258756500706 6
-4.21265842726953 -0.6257366226327817 1.4553922001652793 0.1411167645030209 6
2.9071675437219127 2.106165607016455 1.2290911212163842 -2.393543072780627 6
1.2265670399954973 3.506407514798504 -0.7250622031221755 -0.7355477417245979 7
-0.1300397481349398 1.75237167050805 3.4639242732327817 -1.371587145690313 7
-1.0612646757779358 2.9710403842470354 -4.084801278840995 -4.337588734082917 7
3.6262373409116417 0.5249509109083446 -2.071527490400131 -2.719496273522438 7
-2.0842218432250665 -2.4515767582908614 -1.1050392474254305 1.5134763335913763 7
-0.47319816814535454 0.9116353330703764 3.1931349628500207 -3.1648319627150845 7
-3.0159194403150464 1.4324395711672884 4.43874227223006 2.438994661397632 7
4.385742333989395 -4.3412454994563925 -2.9865284944985544 0.47937548369550464 7
-1.8770971325942152 4.076686029388071 -1.0241036876891685 -0.20561903349458843 7
3.4339040104761174 1.8684244128265164 2.1723975369147355 -1.2109303364233985 7
2.405358079503046 -4.070012396714109 -0.4241989112989749 3.984540333704056 7
1.5322536236228608 3.5339340389138902 3.06605975145707 -3.496247173946614 7
1.3046305396634617 -3.193055996747194 0.8737163992601102 -3.0790352104563237 7
-0.46255576918383934 3.786942389733125 2.3495119446748585 -3.2847491837201828 7
3.743548527062769 -1.5547445539849547 -1.7296144358782128 -0.038390715822787747 7
1.4124799423039698 -1.3833950089938418 0.26122777443075484 -3.577459367039844 7
2.378138687086825 0.631504163812682 -3.760666990623137 0.2226349681490538 7
-2.1877751258021885 -4.317444879883457 -2.382672776479703 -2.3546098325506786 7
1.634439185893235 -3.7698916929286144 0.5631048781303896 3.526303885938199 7
1.9948251452139898 -3.3182826739088074 -2.718467156961669 -1.5644071724977078 7
-1.3210208532930614 2.289268582729284 3.8715327240190316 -4.493331628878729 7
0.975798812660618 -3.2490660715359803 -2.160418267871728 2.76102438514173 7
-2.2625420759936663 3.7489920841251325 -2.0691038329135827 -1.9565714343724 7
-0.4344380025379396 0.10668082174770832 -4.287070808576973 2.1940990128931155 7
-3.0311381533677455 0.8895035519199371 -0.23822121982381783 -2.581643291695385 7
2.473333213585682 4.367572106735782 -1.0089263490188016 1.1093995095295446 7
-3.2454928688950635 1.154334544078485 -2.900768651953027 2.8136463236405116 7
-4.315260849795765 -0.21566236579376485 -1.6822578151114587 -3.256239414137575 7
-2.71601459198444 -2.576514897280217 -4.1613376702660645 -1.045739271339934 7
-4.145428428346135 1.287002175911737 2.7143855917837247 1.8135171798842413 7
3.661342961439649 -2.9710315906399973 4.222135076008958 -2.8667429163785054 7
1.2013930356353368 1.2295249228217666 4.1571319686721955 2.0761103644803307 7
-0.6210959156471723 3.1439736048803484 2.052403461027498 1.5405678104593998 7
3.485757290614966 2.9723718266472874 -2.4375054296847463 -1.3902105533755122 7
-3.345039854862108 -1.7433227432307645 4.104408057170487 1.1176718642474675 7
-4.440395634781368 -2.048000529847994 -3.8570111304200676 0.4119380242050792 7
-2.5778027975578515 -4.448289739346276 3.799126129751695 3.120924616305106 7
3.436753187235024 1.469743099056147 -4.4296493159538795 -3.765325383675925 7
1.8041264216547386 4.013719653083143 -0.9751277148888711 2.0789703007135047 7
1.0851708174915684 -0.7130433475047014 -0.37996374146894485 -1.463124053121692 7
-4.0743858703444875 -4.207689315466145 -3.2834880958336052 -2.99366975631001 7
0.9814133684129751 -4.488637540032386 1.6149705013491447 -3.1943751577267974 7
-2.9822239254005876 -1.5084377480933258 -2.0902449460180694 1.9400555804008992 7
0.15700266704830756 2.7739453830379817 0.008717625490237357 1.7780904148707717 7
0.07921264283387408 0.35796263260662964 -4.192671016062903 0.7091915119379286 7
0.48429900741992216 -4.4647683700711855 -3.725739848758817 -0.23681471043153746 7
2.6320017735182977 -2.786293833507043 2.6147866467283203 0.0817515498836664 7
2.694375233142022 -4.4004585351798555 3.186395982852386 1.741807499776318 7
0.9868757878346089 1.2009793994941482 -2.843389626947245 -3.9971793232411743 7
2.2134081689250036 3.081251174857 0.5298908530993883 1.7402351811141854 7
-0.36023622615702877 0.44260405102346356 -3.743342090076287 2.3596840229237355 8
-1.2388393652456084 2.9716906573472066 -3.410353133835101 -4.399958779905144 8
3.9150837789730133 -1.4733149692359335 -2.377998538209923 -2.059988937476741 8
-2.9321756767062688 0.17171967313923342 -3.732364669795801 2.918558530620766 8
-3.286031165564803 2.751790712181327 0.8548731632394743 -1.025056725268151 8
-1.2741223087417095 -1.976154831988409 -1.9478388391803485 -2.78367507826169 8
2.57953363080034 1.4311800719259606 3.546956586168155 -2.266659970602671 8
4.324167611335009 -3.0418746754827057 3.3455754727934934 3.9668393465159943 8
-1.23286534925903 3.5072216322818175 -2.2485762884188474 -0.4193824441307794 8
2.642785369901182 -3.987109346481223 1.0168540604457714 -3.116858191331185 8
-3.6784490150422293 1.7573860068865494 -2.9346944672350848 -2.736476080210312 8
4.148678607303406 2.2535823656807077 4.015561458210872 -2.513601994294624 8
-1.2961174981265504 -1.2478402842734662 -1.7512337269451272 0.06192072961898021 8
-2.823114536023923 3.0122086505854284 -3.390030356247437 4.164783713911565 8
1.9957005990758585 3.5535374460644156 -1.785565609171607 3.2620954234387076 8
2.3498377694955734 1.5439503153929954 -0.6490050483448163 1.0923830998318143 8
-0.8854030987212317 3.646479793308502 -2.18199425114628 1.1018285844183302 8
-3.751292575027955 -1.7333757671627752 -2.974102038175511 -0.07745987754501371 8
-2.99302998378521 1.3710014178211714 -0.6626494815698258 1.4358082483664987 8
-2.2856517435682955 2.703303431324968 -0.9485091177200158 -0.5853318275878797 8
2.4004579773358654 -3.21561556859665 3.945370638176793 -1.8065179536088838 8
-0.2582156199756708 2.376020975987564 4.250821965871686 -4.085304708262797 8
-3.44507300230769 -2.626198221482856 0.2823596710481865 -2.5157884195516846 8
4.138269447088331 -0.8381176488291301 4.273314380721585 3.386168923180594 8
-0.5105947773841629 -0.8554451343119223 1.7155782582368744 1.108701901768374 8
-3.514754746513 -4.169616975234425 3.2964433800462247 1.1213008484005076 8
-2.884366539294075 3.8904340097513495 -2.6159199238102344 -4.310969788545454 8
-0.9638291796107568 1.7210308693862328 1.2864118584379987 -0.9620520143252292 8
2.4366366404913413 1.6985908544853452 -3.1370280337630105 -3.4439806768262105 8
4.282535188244962 2.8002872963203798 -0.9015847018967021 1.4743379821157716 8
-2.410645285232568 0.05806707612245865 0.7234812003952716 -2.2240935610642714 8
1.2128008126929746 1.1835586625124583 1.4210821738605568 1.3254580020831084 8
-2.1942797935786658 -0.6402301576956552 0.9507411053546573 4.3705476162410015 8
-1.8624115907523586 -1.6734925353894006 -2.571891513362362 2.0416700940922 8
-3.033663195325711 -3.263038259854909 -3.131394262718416 4.036265212577174 8
-1.902897829624444 2.0776814713172804 2.564629366301335 2.493490832212548 8
1.246628433009867 0.2747852431130333 -0.6014616708077956 -2.194110313115906 8
-0.6481520119259114 4.1597053807376865 4.205042517194197 4.46551094043075 8
-1.2941494706203929 -0.24798500420850345 1.9477507596468278 3.81284447606276 8
-1.8308625557763325 0.24250678764297262 -0.4255322950901309 -0.3967514730534275 8
1.811179088016647 3.2692561136794054 3.949488775517821 1.0549469204973607 8
3.6945749393277643 1.503884282796101 -2.06490094634851 0.739369847377537 8
1.0647106890781743 1.7454648767078527 3.3168338004358224 -1.0685980438005698 8
-3.1452806966202904 -1.3834991649624149 2.0887894250077044 3.716092519426394 8
3.96143801183879 -3.4384299623377563 -0.41429981960718565 1.2161927545555176 8
1.863840885977036 2.398754688853488 -3.1255540132522253 2.1563968738337316 8
-3.125456264005628 1.30231183682691 -2.6180549779512163 -0.08935883087200647 8
-3.21001053797832 -0.21043337918589478 1.0328556861555112 -4.0074021408519656 8
-1.9969384118772615 2.164660663103062 -3.388335743197565 4.397688053341704 8
2.969668994211219 2.881225205722358 3.587903725465405 2.5274265395984026 8
1.8587596585289694 2.2457154061386584 -0.27163949555385314 -3.0410985501842602 9
-0.31044228783408656 4.218392875949507 -3.2412958214749006 -0.6282048282803193 9
3.087126026595962 2.5010745588692105 -4.036603508954646 -4.416963435229379 9
2.1787102079926006 2.0303477680596416 0.87391183189308 2.924216680019499 9
-2.457970846594694 1.3197542840273666 -3.966142496751649 3.22952628228422 9
0.21727734135735055 0.17099856004191538 0.6349139977651637 -4.4113490537135895 9
2.5924385442348767 3.512312835667668 0.21061905894576338 -3.6199297472569225 9
-2.8475041217402057 -3.4766184150613837 0.5753015803065376 3.274694681560221 9
-1.8408764512804994 0.9594349760111656 -2.7637869960889487 -1.8759373354114877 9
-3.651532832855999 1.1580643929285137 -2.19182553162988 4.339659805947847 9
-1.3083407911099236 -2.2781360166790874 -0.648801196234857 -0.736959249989665 9
0.6068838035434881 -0.24654137968430823 -0.6073367032447362 4.24722461259338 9
-2.4874475874553608 3.276144997189714 -3.3029498010881104 -1.6117201049114156 9
4.346801718556645 -3.021607126211072 -4.0882926315422345 2.5739298905691035 9
-2.168028056873453 2.2910321571573546 3.753799723440406 3.550328821598824 9
-2.1352499291327667 -0.9411325004005351 2.790058317020621 -0.34031137728437977 9
-4.171269524621482 -4.472012068268369 -2.170494888818216 1.3177083661895517 9
-2.430628420481894 -1.0690624101631303 -4.219512095058736 -3.7879906605746507 9
-1.0619535816043397 3.3187004639067617 3.069268340897337 -0.8178356715380852 9
0.958499745506655 -1.9286274520458733 -0.5218015172781862 0.578983365778449 9
4.1503034662526135 4.1617618087484685 -3.7560837551248496 0.8011935110872959 9
2.3871271511395107 0.6034344991401098 -2.489212860810573 -3.1467247608062854 9
-4.1301105755162215 0.10391335333593321 0.7229353999409253 0.3010586407094358 9
2.2428161868445256 -3.3680094911986274 0.5639326797384046 -0.16152958292720476 9
-1.599685347829999 0.057477253590696886 -1.9637754294702827 -4.0249441668716095 9
3.5261281526368133 -4.458418608914482 -4.326347845016178 -1.6918175492299374 9
3.2481997165577408 4.209744855334481 2.253742676018812 1.0207340630875859 9
0.03227586850436803 -3.8586543602179666 2.6509989125406714 -0.5928325991457195 9
0.5381662106519961 -0.3864973718566891 -3.07970360947436 -1.1929812499918058 9
-0.9508874617898664 0.3154563004263279 1.8830269511937066 3.387315316009642 9
-2.2618920527169064 3.305199011249215 1.087868170996109 -3.7067008043836434 9
3.882084269939879 -3.219917271081471 3.752307668470059 3.9526599536251084 9
3.954840747079412 3.7995532598171446 2.2637514074024288 1.4491014045343837 9
0.1778348038275377 -3.9639203680882833 0.9400754842990554 -2.9974259164363333 9
-2.464360061049318 -1.755732780814765 2.1777884350880234 -1.9479884539152525 9
2.16607169538362 -0.409012743761052 0.11391235146425016 1.9525709524222878 9
1.3786297104443843 0.6472005255146931 -3.634101262408101 -2.9439394840741535 9
3.413660284061575 -0.35952396819986787 0.32226329034564183 -1.3768098715208086 9
-1.717222167444231 1.5322730705476644 -0.73278093907646 2.1891693403995767 9
2.211556738824747 -0.9921327365232598 -4.318672360503548 2.6947108937930873 9
1.9660620574117853 -1.0583585270545464 -2.8837133515670077 -1.6898987799553136 9
3.062935668569091 1.3158333136126374 4.425216229053888 4.0097560990684 9
-1.5132219026141336 2.3827792532393515 -2.117870951516808 -1.4126177205395813 9
0.42270859039377573 3.7000808286131366 1.759265264461852 -1.5391694430712994 9
-2.2414417257606334 -2.058098209075409 2.5048053676574202 1.7556956211179382 9
1.817424957407928 -3.769472294015427 -3.4874131872619856 -1.4743547698091382 9
-2.2911938264225578 3.965525799476375 -1.720711997629031 3.529302310052513 9
2.2949319952268064 -3.6279629504093394 -2.927032873325816 0.5923451685876395 9
0.48727768886476663 -1.2879616804811727 2.7747098930415364 1.7197676182296457 9
-2.8421827342031594 -0.5355855449224977 3.0839912427963907 -0.06828524979004635 9
