500 50
-3.622197584254936 2.3512474500737066 0.13463360878363462 -2.59045628055406 0
-2.2775582415030566 -3.2568148127131242 0.5306112781457961 -2.9816432648660305 0
-1.5169809305616169 -3.753003914937964 0.9146467908066138 -2.8694916078553048 0
1.5477937315241996 2.759344183454918 -3.6555819914478205 2.002058280723811 0
4.344677230897926 1.2209466131716733 1.0003763462122286 -1.686474762415677 0
-2.556690695575377 0.4412468887585166 1.0318898506998844 -0.35459814784585086 0
0.4100396220830347 -2.3933153416769852 -0.2743862174657842 -0.8171976993018799 0
-3.476467412936285 -0.003066596559407775 4.42767291675053 2.485818048355876 0
-3.131024198203908 0.29417472501542663 -3.5898805978276163 4.318979410634554 0
-1.0169390839810588 1.6949464507994794 -2.4922841147337644 4.129077371205476 0
-1.1436555923244638 4.015440404670533 3.0831313967468077 -0.8282222199993965 0
2.4962212629603626 0.9723087276070899 0.15066018352479915 2.991516746872723 0
1.0370883292746207 1.2868884114239107 3.7130422604714264 0.5815155557613806 0
-2.083648435826988 2.251405337429039 -1.0420891947150488 0.18079686300908837 0
-1.91852559521862 1.8843845204361063 0.07108499147952774 -3.4002336037592062 0
-3.9169190207541096 1.7087263131531214 -3.7608407328512445 0.23258128396108235 0
0.46951050122709714 0.4844383227950463 0.6883063304690398 -0.5878369284619283 0
-1.3812423318846874 -2.9464833592422206 -2.0049388921644917 -0.6544018404510531 0
0.37739373806866494 -4.03407861285803 2.600165018952049 0.9336577901279222 0
2.9300185206378915 1.8996027320826867 3.2698979831780406 0.29384122788208755 0
-4.102494996033286 -3.8111709461793426 0.3551508975345562 -1.0160679173210676 0
-4.406904944007788 4.448743400321481 0.7071686437686493 -0.36860815503120303 0
0.8949950738723442 -2.882350775117671 1.679438269163306 0.28730181098194807 0
-1.2205943823052525 3.2745305433883667 -0.9471942822636059 0.7140408524441838 0
-0.44770049133746903 4.2423279163647445 1.5154673690456317 1.997759837620974 0
-3.279062009563134 1.941070344325025 -3.4010695526503074 4.42573391013356 0
3.7885342552853682 3.918279802930747 -2.1792883729741663 -0.9277369737324671 0
3.926726179811323 1.554966403961509 0.38389658206331934 1.684602579653069 0
3.9509337189845635 0.21804957193857033 -3.1530503491583053 3.830832714460592 0
-0.459704186983408 -4.21850172001031 -4.322789860954748 -1.4901675500661444 0
3.2319404127721105 -2.857240853792535 -0.3490546226695217 3.947438312449086 0
2.0547850169576494 4.206314507964232 -0.8398052452248895 -2.775448214553894 0
3.5848417128599417 3.0093435251182727 -1.3105887253105348 1.024682674293391 0
0.8145702362553889 -1.2468667626581014 -0.300379513448886 2.485409849581112 0
-3.0165237291238394 -0.5380941560277009 3.0915859203267355 -4.2128040166302405 0
2.3416786914176746 -0.5195355041459743 -4.278965293201251 -0.6008260079326107 0
-3.3252894728698856 -2.8616188921236922 -0.0845641206525446 2.3048764238466752 0
4.47693599204676 -2.0803328873576654 0.6784309787321174 3.754236448919385 0
3.3953869529574914 -3.0243549580015734 2.187328599287545 0.827815236151341 0
4.044907098205505 -0.8984969894013936 -2.9277418583224804 -2.2036335092428954 0
1.3741144092174933 1.8965940626081998 0.11505238250452698 3.4629558217691114 0
-0.8914740113870104 3.7064370611329744 -1.2139938147498786 4.460551324326467 0
-4.014738947550427 -0.04316253035145934 -1.0914670562944429 4.203439464686127 0
-2.253252234721754 -1.3637622457793979 1.9026000509865493 -3.562153846551598 0
2.1679755459034435 -1.2495869263747976 -1.1627322649754626 -2.627338161213522 0
1.1766789088007328 4.268077656024564 2.03351350938015 -0.8745353017751057 0
-0.7004838569590898 -3.9305722431833376 -2.4636681654266015 -1.1626970647803538 0
-3.7927168480886806 -2.6472039890113943 1.926211286581855 -0.022655526115912372 0
-1.9123070753625369 -1.0667735112917724 -0.5639063620973431 3.152953370812774 0
3.016686106637655 -3.7613180892465454 1.8849495425516145 -3.890418771249507 0
2.887513850124663 2.8499154809568767 -1.3419297489584088 -2.1211365369609516 1
-1.5021387046472525 1.5806858649352482 -2.7443426226383654 0.5763301578419712 1
4.350922029411985 4.132793695889234 -1.9163950411633255 1.6944079412066095 1
1.529495148019101 3.5366548265248277 2.0105823840424786 -4.347138966896514 1
-1.3719804450854718 1.1849898939095629 1.1884244201155165 4.0135332533494985 1
-2.803561243305814 -1.3654389475587443 -0.37196375048692476 0.38927585772393114 1
4.362993647631536 2.2646811518210797 -1.6574789928008702 2.2922650862725673 1
2.9975403904663156 -3.2217249333674647 0.9693488307722898 3.346861110557762 1
-4.3651872210309275 3.2154702466598586 2.732528514586094 -0.6907453915938782 1
1.9075089831696006 3.2088616814557502 -1.4366017939162925 -3.560090961022236 1
3.2544389738686297 2.6622370235561514 4.446903003825878 -4.263766462476862 1
-0.20606301075749034 -3.6613773890025225 -3.5539278684144833 -2.6638905938824626 1
-1.6767835677709724 1.271002432614715 -0.5624484618784875 -4.468213831742325 1
0.7559752910945869 -2.096406244057429 1.554056870892538 2.9335675044418874 1
-3.991019502888279 3.6922690052051594 0.7402446875189214 2.4184538962469566 1
-1.770257857426413 -1.5171362806303228 -3.4344200346501084 -1.8966466261531694 1
-3.9898236030550436 -4.235719557227027 -3.800323801967867 1.2345288637734284 1
-3.3648221570404715 -3.6035897047518306 3.2702625395513336 4.4957973224631536 1
-3.040373328653358 -3.1420674594349753 -0.857236758063773 3.8452763630835323 1
-1.688486389499288 0.5382055494431137 -0.4533175095754406 2.100349386575049 1
-1.3676048065051054 -1.3552615552687515 -2.389905623792453 3.994870552083442 1
1.023349981961353 -3.8679332177422445 -2.9735252263270078 0.4194006594162294 1
0.8781351891778458 -1.6929138610813022 0.9787064826089195 -2.7805281991783506 1
-2.2306189230001774 0.22919317623512958 -0.34506945190289073 2.1707684572192494 1
0.516979617938615 0.8537085133697634 -3.4585361223112097 3.5586586797243362 1
0.9498297704962525 -3.821695797486128 2.6350876048035614 -3.081874508352942 1
0.5374616655200917 -1.0111639586499535 -4.427726870470215 -0.014444616913098507 1
-2.6335941741556272 -1.0809792271114014 -3.4723458231103903 1.9129976461026994 1
-2.8474522697471794 -0.12273842666028922 -3.6574242735873357 -4.413965622794515 1
-3.9552608929013773 -4.118227797332878 0.8574971741453159 1.3342070128556058 1
1.5039315798383037 -3.869286718730379 -2.077361010959719 -0.5025263858832709 1
0.8434343788246368 2.2031150650528986 -4.125992248549051 -0.9949667551837398 1
3.1229662403769956 0.10893312156953006 -0.5705099079253566 -0.8617628829315985 1
-3.375938603345647 -2.3966039397849697 0.3565532848455413 3.2599424938282575 1
-2.045288639917978 2.9975459114713576 -3.290220005275572 1.3978610583164075 1
2.324774146490859 -2.1632869998703246 -1.1025323167705021 4.366733678477583 1
3.342394659749817 -2.302304880807545 -3.443552270722119 1.3038441033248844 1
-4.04705324587286 0.1868569284812378 -2.5984649465432055 1.671738096355062 1
-0.20138894250477202 3.58464331200327 -0.011240232545178808 -1.4931584787587338 1
-1.4024062642124135 3.123463578801685 -3.9289550801459576 -2.978992621211022 1
-3.7617134949257043 -3.5430339400865427 4.434347914383758 3.464955048779909 1
2.5588162428085166 3.279754972405075 -3.8963582164267163 -2.43538190705291 1
-1.2161161756616155 -3.6149757192514897 -4.387908726272907 0.0882447693838424 1
3.227723458115718 -3.5090545304652547 3.881789793463253 -3.3315665304831215 1
-3.4506645616141665 -0.6749741047667059 -2.0007303097205886 0.07288314395944262 1
-4.252742926183147 -3.387608773009086 -3.5178244631518467 -4.0348268613673985 1
-4.342191167312416 -0.7955161553948765 -4.371943453927175 -0.45851153935474886 1
-0.2478618954766747 -3.755864478521343 2.2983372679632113 0.597716950858081 1
-2.5577304301479638 2.3193251200627922 3.0017872541618242 -0.038628645876637835 1
-2.7237159458949565 -0.4984303702354962 0.6585758913856112 -4.2164046438348475 1
-1.499246427471145 -2.473238625148957 -2.032089985355042 -0.21163190222524886 2
-1.6624161251452656 -3.167738826496884 3.314725019967951 -4.27842312613872 2
1.2754745146786886 0.2379391958779251 1.9023533849691905 1.0746725303761226 2
-2.766488974793299 4.322955129327665 0.42261952845424444 3.609824290806632 2
-3.1138510018701204 3.174701243587057 -0.6804488698378655 3.584091312408009 2
1.4767651567608815 -2.410856663236693 0.5353030480872003 -1.6446424121193752 2
2.2167023714107454 -3.9857748441434837 3.970067548752996 2.731037282298721 2
-0.0876697113803736 -0.1423071279242898 0.7429328587061278 -1.3195057177539526 2
0.8587361324771203 -3.668125248320899 3.9352820642561532 2.1482654665987235 2
3.952723667729559 4.082131669873669 -3.105745382006464 1.0875815318232969 2
0.21399559051675554 1.4367484165988238 0.8495581992555555 4.231392742173981 2
-0.18585438733718607 -0.007241923985973009 0.12350786901104849 2.658475456512762 2
-1.4067092072410676 2.539013051044506 3.8083823620086252 4.046759901204207 2
-3.248216281282304 4.117870556943064 3.4313379157689647 -3.7625019217227047 2
3.069697112729119 -3.6786408647687385 -2.9234769257441617 3.702801741162871 2
-0.631878816851156 -3.573420719046944 1.8907991762150567 2.971682112448108 2
-1.3831868283191768 1.7503510426911555 1.3464869083649673 0.41104132860977016 2
-0.7451517252523365 -3.124580399959052 -3.056337801263285 0.40383244701619836 2
2.1896868583914264 -0.3802491715319709 2.028430599026523 3.2574812491601857 2
-3.3492347717861035 -0.9152730464987562 -0.40012417242013576 -3.745011004280197 2
-2.665190753406992 0.8733170671103677 2.774518886348317 1.0932635843027605 2
3.96693769932318 -0.6969962731318338 -1.3305944416605133 4.038135272266765 2
2.7407978207712884 2.678148330968721 0.8873932145922375 -1.8666740619734554 2
-1.9212093943032935 0.9158317887790535 -0.04560106330462632 -1.5393120586610571 2
0.5273660798607634 -1.4113592627651983 1.717816126150113 -3.8931094222295264 2
1.170249317259033 -1.2120008719163256 1.9036277997364626 4.165864209583107 2
3.5720915497960135 2.091256766464393 -4.3987603257962 -3.4792119667583785 2
1.0342790034053324 3.0409151948389805 -4.181313566029203 1.2331789784755383 2
1.6145516342930475 1.981502438957078 -2.0000496521471036 -3.940876294871818 2
2.474986372716365 2.018550891957524 -2.8144741775030244 -2.0322096031654437 2
-1.3886046522690783 -2.4171293272816308 -0.46254101801195635 -4.087140620088863 2
-2.6910595529690857 3.202482814829567 -2.248395182522825 -0.5188558163018909 2
2.085677232760422 0.38556829133831083 3.6737666289271163 2.1023682847215097 2
-2.6762237082112854 0.27333546081450566 0.5224174767412723 -2.036260808646805 2
-1.7556182442145236 2.905178935050265 -2.9205924609535554 -4.194479789060999 2
0.7688188406323578 2.0368862744299046 3.2983269388406984 -0.04989403263859116 2
-2.84451677611874 -4.44526933540183 -4.057309038945151 1.9242974548256364 2
-2.3572591571673596 -2.9693184175925103 2.361593524428137 3.3314221088205045 2
2.2720912795375785 3.1491554433166664 3.4610817011511634 -2.0988075739917735 2
-1.0055129316237703 -1.457141578844287 1.3331473394732098 1.5755161164670566 2
-4.402771434354555 -2.0474869921553687 -4.112900042857097 -2.5490913869008933 2
2.859258747755197 -3.1209072511023215 2.2242583313741466 3.8038987775438637 2
1.9501555707192888 4.448433961040295 -3.4637300156395585 -2.2337199482208483 2
-3.4779981345407434 0.046073099316869204 4.038560432275061 -4.173897065652752 2
0.9223439772002744 -1.2050861816032743 -1.2819803798901745 -0.1501253854545226 2
4.421082638693559 -3.553225297974019 3.655027327116849 -2.9652452117184342 2
-2.8120815072816736 -0.6090674647071227 0.07323297513517635 3.7191662996582204 2
-2.2277624743556768 -0.1828658986682108 -2.055903181289814 3.713461061587856 2
3.47842115191217 -1.476993544856656 0.7591703243326692 -3.595803351488909 2
3.8104486770745636 -2.8072284746480727 -2.49260608836361 -1.3365404523399644 2
2.6490290768529965 -3.413289660743496 -0.8661479989004438 -1.4850595006940512 3
-4.290735297986631 -3.589387514818602 -0.25285135082913535 1.13025476684266 3
3.0203315334500536 1.5492509608955547 -2.6137301451604515 3.68168194142687 3
1.553873357841185 -3.4274063921476796 -2.9664184322586715 1.2294799676190062 3
2.3917369642409163 -0.5542094566909409 3.072917384822533 -3.5877755283070223 3
-1.932263047343851 2.668328064048175 -2.4282708909478865 2.012550902563499 3
-0.18543243638078688 2.1208151123897103 0.4235800843228419 1.1429005424217178 3
-0.7680896116483481 -3.5103928764782233 -1.6469550160549336 1.3442830596820834 3
-2.675544517957344 -4.453040641016182 -3.5203476534604743 -1.3791061114994505 3
-2.4343150567959992 2.5444683403659636 -2.4694353764755363 2.18983945378314 3
-3.3449767478945223 3.477514949531185 0.2619097277192213 2.1664553268987694 3
2.3758369059218643 -0.0419842979486692 0.7893614463096265 -2.8231511888275183 3
3.190308440931103 -3.0656188723392037 1.0731863789796527 -3.7548209621439996 3
3.8652732253832958 1.1435367443613478 -1.4908680320779755 3.8728492506306016 3
3.23640754790149 -3.290790567288763 2.421796200803895 -2.017337915505218 3
2.8661228347991052 0.9643619540492122 3.1078997899200282 3.554233076625958 3
2.9727637171549803 2.976471904427238 0.5338025430947096 -0.44099980531339555 3
-1.0004933232452047 3.782991302764882 2.5118565988121926 -3.411546003493218 3
-0.35403849145873934 -0.10739150879121406 4.131961772640916 3.624408504646922 3
0.061990150849201564 -4.441096514847599 2.4208325515146285 -3.740052622349443 3
-1.6131156497470684 -0.6869118859175128 3.268934441191707 3.0209071052324528 3
-3.8356321370807795 -2.447900065527589 -0.21218236692026293 2.891187451772355 3
-2.0997550465051176 4.472217208725828 -0.7198015270232642 0.4693257673573238 3
-3.4097739717840376 -1.406424907981992 1.6323627349980954 1.1179585418875142 3
4.40801287825155 4.16027984371445 1.263403635354415 -1.437816049019693 3
3.6129206030592935 -2.7396077323602053 2.4782780801113096 1.3835496583333182 3
-3.6919523548542674 -3.6281257155605453 -3.9159716311536092 -3.1413487867626744 3
0.8838801426458892 2.297515243004945 -2.89813451813295 -1.864711452892489 3
1.5915019414987532 -2.533767896735479 2.1916527900990133 -2.9980987188614634 3
-1.854394274053846 0.043015751525387946 -3.211863373433589 -2.3059274723724665 3
-3.859844176085846 0.36815024422851317 -3.0890740488286257 0.21239625197675183 3
1.6407652875970877 -0.02575544543894559 -0.1611375744011747 -0.20242560074172156 3
-0.7236931462014122 1.6212462432463646 4.123629962179857 3.255123314009187 3
-0.20774117488085564 1.1942333545009798 0.3251464916611264 1.60295375766953 3
3.9873685514928487 0.4128543641864131 -4.239481563078397 -1.5189395410265045 3
2.0202811659151063 -1.8977829604240317 4.018736441829069 3.3423817783159597 3
2.3190242036500526 0.2669123163418903 -0.4626645074709149 1.6012223216725956 3
4.216934129407107 -3.09698359384229 2.9461798222531543 -0.24456155755970166 3
3.071580462073533 -3.0296230003778857 -0.022056073439940538 0.3983331708091239 3
-3.9806069380554336 -2.559927986839676 -0.3404606573035798 -0.14375927631224383 3
-3.4115274156690285 -1.8250913274985392 -1.6462892604741353 2.0312105269931275 3
-4.4270092658642435 1.456643368453018 3.9337803887016425 -2.5476631662865508 3
2.9101183261510686 -3.291851220515855 -4.040802530057328 1.9209284139284564 3
-2.6043222932943637 2.8435197575310616 0.7848079850839925 -3.210698196638221 3
-1.8212885524482687 -0.04541107450345294 3.8323521035089967 -0.7991802823591169 3
-3.6275186361325535 1.9931740957069757 -1.0426171476406103 3.1934238329222273 3
3.44795333180509 -1.3198407824759735 -2.513594036440801 4.3763927132334315 3
-2.6154528437962585 3.7488746288414783 0.3980217223566509 3.1462020448764143 3
-0.9288540336307194 1.2101037243760846 2.46311952861557 -3.7375143689698667 3
-3.697736370957962 1.2092085060748916 -3.5526119298173735 0.7690537014202895 3
-2.544678877105062 1.5963453940809202 3.580718820360254 -2.3286081482980365 4
-0.38698084155305745 -0.5611895528213013 -1.2735513562972705 2.7104601738138463 4
1.2521184688525775 3.4509485659056995 0.3829128831527091 -4.372822370331611 4
-1.2411281738038131 2.84692267949579 -0.9682289296240213 2.014986825400257 4
2.974977619117339 0.7124737475118851 -3.0055730738285344 2.224377253599533 4
0.4136629953853579 -3.5838831183479503 -3.535875853666757 -2.4760458075682843 4
-0.4191114223923408 2.8667400145240105 -4.053309800081655 -1.5803265306061711 4
-0.3766920320296083 2.5038959582606624 3.5354612831287104 -3.5330639790274447 4
-4.45766015616419 -2.8860324730903075 0.17945958532118234 1.361432722062029 4
4.11320772618134 1.2027047208694748 -4.201977867821503 -0.23828802280144445 4
-4.144509702732912 -1.5615094390614344 0.8226268983969881 -1.173146463744664 4
-0.2888186933582958 -0.8167503492578916 -1.9397850876289262 0.6559804749457786 4
0.5493154610899548 2.189999416478931 0.8036814544309759 4.399349322429753 4
-1.776975412014524 -0.9492264990607631 -1.909207218548937 1.1080192918883014 4
-2.2654491228752214 2.623108916565485 -0.8306257653618578 1.3699879202853888 4
0.3442423779819793 -3.717440392808089 0.4692012961561167 -0.6066212478421829 4
-4.035325351155839 -1.1677226119090451 -2.8923538112721103 2.368844391801954 4
3.711612770077531 0.9361645993726476 -0.6849210861425196 3.3217604513498116 4
0.9667328028383038 -1.3085469743606595 2.1110125106487576 -0.1226485474004545 4
1.4296292343805264 2.270790595532757 3.196570589606002 -0.279913811774807 4
-3.7697173026122957 2.8537981431270225 1.0063092572043448 -2.2014366529520557 4
2.3745567340072675 -4.060217201667913 4.483040945522199 4.232208195369719 4
0.7256597107364596 -2.765387951814306 4.218025320925321 4.398976445203622 4
-2.7775894467008815 1.1275884899504656 3.406782299504341 0.14612953065730638 4
-4.404157242833502 1.213685014198015 3.082993364566064 3.141700250605267 4
-1.0367546632690652 -2.374178417075394 3.354654297581925 0.10765467245175031 4
-4.365794569652135 -0.5912939514396193 0.019874461165966917 -0.6846146899688169 4
-2.1462140167706805 -1.3389774010488456 -1.947314296577855 1.9224860943680868 4
4.0032125763071065 -3.6955892580498415 4.27710073287207 -2.413470879236665 4
-2.5483805293506805 4.130478325153166 -0.6437915182110439 2.7438774136781445 4
0.001714619636583481 -2.2092139022819044 -0.6026326672718195 3.376835024516044 4
-1.9599544372126987 2.131082664521284 -3.7476416118888625 -1.3881461887704263 4
4.373105849569006 1.9547660581915647 0.15978825339043468 2.7542155657082152 4
1.0230598713798922 0.5675618696567776 -1.9617876949851705 2.545027489283243 4
2.8702309644658137 1.0054257908264563 2.074242999913942 -0.08174355696244251 4
2.4054412683808923 -4.114379937123502 -3.0802271189053707 -1.8024202021949982 4
2.056370558604903 -4.148328550002099 4.0439421994633475 -1.9924395886181796 4
-3.6664843248245456 1.6147558393462296 -4.132011096327879 -0.2811667262874574 4
-1.486933690667212 -3.5885858260339387 0.8105289818097091 0.3605707942950028 4
3.1093690946096437 -3.718132157290282 -3.850528603374151 -2.4286338192576573 4
-2.8351904284196374 -2.745924642155721 -0.47381941576919084 1.358137193048919 4
-0.36015622216086385 -2.7016613988656397 2.0735362153014485 -4.2447644138044955 4
2.5330224042663145 -1.7186958095511597 2.2644049522099605 -1.2293274913850532 4
0.8089218457526354 0.2619017046554859 3.825195208279845 3.477542003482318 4
0.19868587689431982 -2.349863185279233 2.9743490896680624 0.7731568969819117 4
4.193616827503237 0.9500146570206298 -1.0234029650308687 -0.7152896997585021 4
-1.3210127669469678 -0.8355829376491504 4.418535252758018 -0.609733421668745 4
0.9331009042532861 -0.21199874707573563 3.4328483142944224 0.36345431308745013 4
-0.0426389782432014 3.285642083184176 -3.7624476117487218 1.4921500846496765 4
2.8155063961858646 4.3273437169066 0.750630022390385 -2.2774892698774187 4
1.8641923671643061 -4.027635417666772 -2.81030160892361 3.116466620623886 5
-3.769862821130487 -4.3922127832013285 -1.3807362163101202 -1.2558499883732124 5
-2.7328664257932425 1.3038116394980346 2.9836075362771033 -1.318277765296748 5
-1.9200632168280227 2.4866282183554844 3.9368020092328027 -0.4697088885140933 5
2.6621273920618616 -0.6596824359445632 0.06202235113830368 1.3955664700300836 5
-1.8532179840736867 2.1963734603555896 0.9843601361904808 -0.8600192299651238 5
0.8642866049879122 -1.6491180153473801 0.5226889865889439 -1.8232910698058222 5
-3.67438249225163 -3.931842581734362 -0.11699831866851307 -4.157623929152208 5
-0.7309355191355879 0.2243337939827128 3.9634940502414975 3.9730254245209324 5
-1.056227469384471 -2.205480563406074 3.9957757396700373 -1.3425837377596195 5
-2.7513253119654726 3.1972641736800824 3.4275449733420227 3.116221706002353 5
-3.2376026290343245 -2.393389297203695 -1.1199877176185824 -1.9235115284352227 5
3.3675668154330634 -2.223732549595704 3.7322039665586724 -2.2780375941226794 5
3.8905806046875346 -0.6144292206728497 -1.0041586324139282 3.819527867577512 5
1.7787848377965627 -2.1920110817259095 -3.3552803685898813 -0.465838214613031 5
4.132533816083861 -2.1695864886868215 -0.8905537352524572 0.5827909756011729 5
4.34661467818061 -2.0329021779351697 -0.8402377886254305 -1.2831708534836148 5
3.6209215477296537 -0.40557068965281395 3.5405092196127472 1.7148659260600811 5
-2.3603591268872015 -3.442692588026378 0.2191920745807453 -4.256353767801534 5
1.1864204336060038 -2.891392662997392 3.4101654243956094 -3.338127469236362 5
4.22074942418983 2.276519538010917 -2.607289303613414 -1.7173465641122645 5
-2.538957339349098 2.845101723642097 -2.2480486566403877 -2.4802862301951807 5
-2.787284299250093 -3.1513825054033537 1.2237734077382272 -0.7021084614664618 5
-2.910193517428696 3.0138166814557517 -0.29422000659789627 -1.0542646411674195 5
-0.8258264371966751 -0.674919245528291 -1.058702503064481 -1.7644063282314382 5
3.7089057998031647 -1.8385039475733922 1.3620773081745938 -0.11480761769567693 5
-2.5001595004692185 2.3625272278059226 3.8444902133181853 0.04382191432311333 5
0.365456789789086 4.272562548397471 -2.1486744473496713 -2.3840705019078943 5
-2.925602753913287 -1.336626351969342 1.0098108332828015 -0.8846434642608593 5
-3.317893927358336 -1.9572491589190069 3.4228451422436534 -0.6728263558764495 5
-3.3666364856100532 2.941957220558346 1.783789167441613 3.7075170588674666 5
3.722677007078091 0.3992688625076065 -3.5267056811582664 -3.6808972956476027 5
0.20447340800642466 0.2745586163070579 0.3341426461321072 -1.6954335456051344 5
2.631777911595086 1.2106307460801782 -0.20301830288276235 2.4363272125629845 5
0.9236014573595246 -2.858932327819051 -1.6818732768804332 2.9812976331203234 5
-3.637401890721487 -3.929030618229554 -1.180533957115912 -1.7991582279529958 5
-0.7073591011982038 -1.4937657649906457 -0.515773810371439 -2.8274278477501094 5
-0.07818848804626644 -1.416850999250256 3.329218252266301 2.5172765681621163 5
-0.4166497786877962 2.4947568243764775 -2.2716262798591806 1.2699969169919778 5
2.7601405998537896 0.7668997420639017 1.0281018845623149 1.926751508005362 5
-1.4997098001685303 2.3966346912777867 -2.577330360204973 -1.1141987079383306 5
-0.5220005393894566 -4.189122640303042 4.114501697145271 -3.116353145981231 5
-1.269443146069655 -4.185894517072156 3.8648214771502025 -2.5976537282572822 5
0.382471813505993 -1.6680709801219622 -3.164131863230987 -1.949182723331297 5
-1.5318086464656626 -1.056084650135267 -2.6015406525531355 3.0751713537746497 5
-3.8486924296956104 2.514442096871729 -1.4282642828177017 1.1315408324183682 5
2.4528213833776302 -3.2559222816573374 2.991292945795468 0.5344957300206733 5
-2.579376779016019 -0.20902769281252642 3.4232349949548677 -1.801445789303259 5
1.1114525840022134 1.7777640118970113 0.673025717160086 -1.9238509873949055 5
3.429191338139274 0.26549076995070287 -3.5768162452109276 -4.359368433737532 5
-1.1623014989808311 -3.0619124616669735 1.5875018709567268 -3.6733827033339708 6
-3.137508698002706 3.2336054951921462 0.8818122810794309 -3.494233381513492 6
-2.0135656565254667 1.1285342876782445 -2.545409545162757 4.059665028071333 6
2.9147622097214794 -2.2436788559913836 1.2084170857600665 -3.8948229663099436 6
1.2812700881908772 -0.41691182183847453 -1.809464882698795 3.72089946421686 6
-0.2234994227814544 -1.7319277414046894 -4.073790728304 -1.341097403356072 6
-1.7967546693860772 0.5204887173458037 3.817695592552355 3.6494270516470158 6
-0.6406467924603215 3.436178761973563 -4.20240528105672 3.306283986568296 6
1.2767981466813567 -4.36359310421425 4.194853330238683 1.6100963620194997 6
-2.0595416979793715 2.309014457033298 -3.425508087405697 -3.59532567940597 6
-4.430843918217759 3.1436573262253904 2.948167745966091 4.273764582260723 6
-2.683464826741757 -0.6967831705398341 -0.4584911920403215 3.5688350158079016 6
0.35985561856727477 -0.02775199721171895 -0.529648005745557 0.9126876801600169 6
0.8424231325667223 1.835846536128538 0.5955627451960522 3.199519177982984 6
2.1641628922378975 -1.7942476002881436 3.9775777031833517 1.024723174011743 6
-1.2974532530054366 0.22094356754290367 1.233533628795295 -2.7485243682423435 6
3.975430856715484 -4.465070214378321 -0.08575813342591898 -3.0625483610451987 6
-2.8461088232956593 3.890372235476325 -3.678507790724911 1.9470269689824866 6
-1.2388172033141374 2.6456367216665573 1.965546481401847 -2.1660763912842045 6
3.583052858889756 -3.049978922930839 0.5041433667343097 -4.101074067770174 6
1.4657003390841945 -2.893949737916773 2.4205940245890525 -2.226560926457087 6
2.3390252998320498 0.5338625125447015 -0.07685807786601695 0.16530719512316605 6
4.302185173804048 -1.8877075940075414 2.6103163785645798 -0.9096504520798416 6
3.885290491986728 2.866850979289422 -3.429249101279954 -4.107905492202523 6
-0.7442788811812012 -2.482925547595502 -3.0794053710928546 -2.8819521236798185 6
-0.9279324176847393 -1.5011598218101574 -2.7725884361801807 -2.7689122303428375 6
3.969462361201304 -0.34980348652039384 4.46606173306359 0.5207766862995944 6
-0.10710533034075698 1.3604164796177698 1.762062014827056 -0.7164633754284372 6
2.75840919605372 0.7542019188894552 4.109747095653323 -2.9946390449368248 6
-1.2126977867393343 -1.2589428717579896 1.486060768832455 -2.5201766399509595 6
3.9981497248164186 0.7442262781507317 0.3115071679292445 -2.5251120242565213 6
4.093326280470492 2.3474923961361056 -4.467236339461811 -1.3168013298410068 6
-3.7750258642222385 1.211109890359382 2.953507588565832 -2.9905718889320814 6
0.39836270221980674 3.555437221014789 2.502512920132055 -0.7720471001396351 6
-0.719247241420397 2.6964576733928665 -2.9505321150179786 0.1718632729563997 6
-3.410057859030662 -3.2052139381321822 4.050109401058634 -4.113643322317971 6
-4.088839357089518 0.8736830015543573 1.4219811571289418 3.3395264752932787 6
-2.1308077555452134 4.11493266032932 -0.6224833597773756 -0.9375869876856103 6
-4.219034857905013 -1.0173161102370682 2.9905995902249627 -0.22281817048245145 6
-1.1773370906066218 -2.1257239608587692 -3.989591356686023 -0.05890421781722466 6
-1.216053323719057 2.77265833270304 4.4771559388272495 -2.098518100775559 6
-3.488102839627002 -2.647686714329107 -0.40212944603527645 2.827595597059626 6
2.035373251682684 2.695893914335201 2.82012702336834 -4.228919617800747 6
0.2975480547046391 -1.2117873107971067 -3.974532392782593 -3.782978669536824 6
-0.19340055303020365 -3.68265200238715 -1.6728624208695408 0.614653130967672 6
1.2541182458747246 1.2589564153114243 2.4203883705272013 0.5723889669107467 6
0.7034451585312093 -4.198535560126434 -1.9267071482334155 0.9618418283500066 6
-0.852670550680156 0.49704445787451734 1.9354745106676483 -1.8162004657513693 6
-3.536201823547616 2.646726812297609 4.285844044076931 2.1493748932020718 6
-3.8964069472580465 -0.7509997082178844 -4.138196356932367 -0.6986108350259858 6
2.4874024050603865 -1.4715187823278777 -3.8849968385552827 -0.5558075190186378 7
2.3656799620217956 0.19945988091021472 -2.5177344636892807 1.6075996643627732 7
-3.08577184196154 -1.74832480937628 -1.5599012597393371 -2.9039332400945224 7
0.5047673756836972 -2.634832458200976 3.8924862708095125 0.4715070034168728 7
3.9589054723283885 2.6070665883246837 3.7536231738909382 3.930293976702727 7
3.883141102483424 -4.397175041522356 -2.2873514683028633 -0.4954713758688424 7
-1.3628307540949347 -4.099021017344133 -2.2855928218493933 -1.5096060501205613 7
1.275485316196022 -2.495554362661415 1.5391661167234512 2.227041140564629 7
0.9283660652660881 1.8941324197552318 2.1930964535245625 -0.3736370139750135 7
-1.1737364451820176 -3.788845831696829 -3.7035025915846917 2.997716596991437 7
-0.4108372504542206 1.770800821931515 -3.1598039059753322 -0.3126109395423615 7
2.8144683035585496 4.470939192784135 -1.9079387482173167 -2.2742171307706287 7
4.1942772788309854 3.696937077897582 -1.6206365496724109 -0.7622969850694388 7
-2.075091069779515 0.8163147449179896 -3.087092547250443 -0.047919566096223276 7
1.825728397230558 4.343825520399772 -0.8697231815672519 1.6611753519911316 7
-1.9862633758572905 -0.013843774426929745 1.0591643689286292 -3.0279109854586332 7
-2.059303537035746 0.9914427104358421 1.2924804563488816 4.35267527280058 7
-3.3226567165229555 1.3085834012635496 2.019856099365443 -1.6610792671097134 7
3.4587790341910933 0.8986403192600393 4.369127834323148 1.2148969606221849 7
-0.09963811897143737 -3.96117293303242 -2.192620842473449 3.959707273373433 7
-0.42805807892678704 4.083417657954268 3.2869510363466303 -2.0938370530179666 7
2.081601403225332 -3.490918801079514 -0.9259685454888575 -0.9049672909547183 7
1.3668567662251347 2.431921328145931 -0.7053093780399019 -1.2575392800723875 7
1.7552629660899188 2.2198927610994454 1.1960628786073855 1.0487513630414638 7
-1.3618367651328427 1.461446210441319 4.245730450669016 3.213688197113511 7
-3.040278474111106 2.872629542073153 0.5115723885352856 3.3228836839926283 7
-2.396925199344622 2.154469794356796 1.0745679952216212 -1.3144116135798565 7
-1.81724971523041 3.911382839032534 1.9446352140475576 -3.6727451122035584 7
1.824272866123768 0.2755490307598515 -0.4684317105513748 -1.6471404278488697 7
3.6772864019117475 3.4338768273257605 2.6741875382598086 4.418232753728146 7
-0.05503065997921308 0.6364954133041121 0.5403330381079698 -0.19459082257146376 7
4.444525541883871 -1.5143643545632908 1.8968604441688033 3.676583046171712 7
-1.5578883310842306 -4.1865893101558695 4.461262933681513 -4.3341784954262375 7
3.3050822841180962 -1.8274840725506434 0.35087116593319445 1.068703005501034 7
2.1305890960520157 0.028336988133054963 1.8258113969641192 4.4165448333462844 7
-0.09837535280886711 0.7416613705295015 -1.9012458330271258 -1.99907193497239 7
-1.344571265239054 -1.5623476239693002 1.8562596629590105 -2.3869042019409137 7
3.4565023498230096 0.9540749344600359 -4.458145636153664 2.1955078752029102 7
-2.8979525873926173 2.6678305497651897 2.016459753330715 4.150891492342902 7
-2.1154073593091596 2.998177457822707 -1.2872277035051953 1.0366885968591344 7
-2.8754296293829227 2.220651596820713 4.307754175401407 1.1313354789116619 7
-1.8709908118442597 -3.9481116162871217 1.1012084985657011 3.184243342175783 7
-2.427418270436011 -2.774750198363661 -0.5949271901707753 3.6921176352934766 7
-1.1136963361312047 -0.6536748767570589 -3.487940176648654 -2.4885756251967424 7
-3.131364916472278 -1.6144382016622383 3.7678128311842993 -0.9506219160620307 7
-0.8349548417080748 0.3355017148684869 -2.5956182284225555 2.7457177325908906 7
3.242140949939228 1.0351638363978513 3.9867255243894877 -0.6050253264508951 7
2.4975498341539732 2.912173491190855 -0.9550460601842611 -3.878821133111624 7
-2.2274901230052015 -2.8332521628160703 -2.94683563473042 -2.1486225402569312 7
-1.951062134553371 -4.419820922819035 -3.675558515269066 0.7096847845872813 7
3.2406445989678905 2.889778519082585 -1.7712237233686103 0.730644891299323 8
3.231825045922545 -1.9857359901081049 1.41415811041921 -4.136742188891289 8
-1.889389813442659 -4.442917968494744 1.1841220543474407 -0.5644711610671723 8
1.0692390909034384 -1.294318609852471 -2.5980544949357047 2.9206223823057615 8
2.0458601972669563 2.993052134156986 0.665515569133196 -1.765832631760499 8
-0.5481693843072752 4.25037794256423 0.5491605698368353 3.1342719192563995 8
-0.04494043282157423 0.9420488684182222 -2.9124346359996003 -3.3917120935293243 8
-2.3262307043279167 3.163382241448067 1.2785764550386804 0.8909672377799869 8
-2.806514907156676 -0.35339781799338466 1.715205045231699 2.7130393634777032 8
0.33349508594348287 1.129276018640424 2.9901238993538954 4.181834911455087 8
-3.6863602368329897 1.9708445289888437 -3.718933732235195 -0.5100426112224064 8
-0.32078578413999614 -1.1186019616765743 -3.6829939801781895 2.826982857979525 8
-3.162774510004771 -2.766551460666743 -2.2442903244437886 -2.9291026692626394 8
-1.5005219160183452 4.069292921871479 -2.07269381757079 0.447333673671407 8
-3.749644501104691 -1.5264754903128734 4.27435279426113 0.6556740022121226 8
-4.25906606393512 1.314715303147379 -0.2578114100473762 0.1323331577611302 8
0.6618203671422548 -2.5850319555311074 3.875621937269756 -2.0716199896459 8
-3.745932150582643 2.830674581780658 4.233057873102979 1.4183512002491154 8
-2.7856533209680556 -1.7244532175829312 2.798316281509198 -2.113018706260694 8
-4.18176268099176 -4.421325270614936 -3.8653646921900213 -0.8344010770291915 8
1.1687962517374277 -1.0890153194427823 2.9652565525338748 -1.516265738814278 8
-0.8601933044293519 -2.9346667729041984 3.310918381933706 3.335927285011376 8
3.1247389728075152 3.9589755111447364 4.471753495022819 2.736258024589344 8
-3.5546939531788775 1.1207801744399328 -2.0828740648082773 -0.34103397178936135 8
-3.7230771464001418 -2.3806576589617894 -4.0905752563017606 1.786017911768797 8
1.502554573119078 4.424059851064092 2.640175750803909 -3.4054762633321416 8
-1.2192262842770845 0.45486686871009696 1.694712167802115 -0.20346687639919103 8
-0.9026209913547393 -3.5139155250424134 -4.277855230123699 -1.3220888306275902 8
4.330730642815353 -2.6984364196109887 -0.48920673155182837 1.2938503605222151 8
0.43122705654470284 -1.1237794941254147 1.1585483455204066 -3.638712892493338 8
1.5540770869379568 -2.4962787006004348 -2.8827206408082127 3.076286086715218 8
-3.0339522311038314 0.34629560398276926 0.6657712843372626 1.3147738581205453 8
-0.0832802084193558 2.1013632661433292 -4.481638795917524 -3.2015171348272315 8
-0.2050877078712039 -2.9897707702711873 -4.03798684177801 -4.39209392014113 8
-2.4331809964939963 -4.485348655560204 4.194075929330142 -4.0549630393177525 8
-0.3976395401910202 -0.24253333925576004 -2.0322258168464855 0.23237505696703464 8
4.104112308977902 1.3932163891064993 2.644665959995033 -3.7507204214219625 8
2.6535772831397724 -2.26749683161199 -1.7755957212537803 -0.23545509439201795 8
-1.1770161177517122 -3.4843334415417124 -1.7168378645597548 3.6588824429557327 8
2.0512536754411483 1.3873434957113115 0.24673581180660964 4.313174278677126 8
0.8850903476287069 3.755912645104165 -0.8091694554557186 0.29870183607034717 8
-0.4736469166435633 -1.3667016274496238 -0.21183179554162823 4.313219420088096 8
1.71112023851455 -1.0447809345925245 -0.6123918572750209 4.0602767415695045 8
3.2675641587307593 2.50961471965505 1.159695853288931 2.4650876808753797 8
-2.2364331002140045 2.15039681542036 -2.4407117283821846 3.6777354953031995 8
-3.4675820247487636 2.8806657104485 3.2935839470956245 -0.2824369719885512 8
3.5631345774821046 2.19597385902623 3.1553535463516864 3.4411963051467827 8
1.2819625172659008 -3.0152683861079552 -2.3686607706252527 -3.44158764226225 8
1.0267691778037809 -3.8870287772388896 1.9876161643984394 0.4982733287404192 8
1.375645411308048 -2.613907988627606 -1.3185344113956607 -0.04653968983732559 8
0.3497945120515268 3.4001761962490398 3.063406313932332 -4.1587910164094835 9
-2.0379808492049434 0.42388751644326295 2.121552284902712 1.39582471660905 9
-1.7603101433937232 0.6941355051459641 -3.0252262121818965 -4.494056556639765 9
-3.541134579290846 3.2738549487462576 0.0993151150989885 -1.240337632932858 9
-3.0091030075208662 0.14892618234279908 0.39898846144988065 -3.921581479466528 9
-0.21857378436211972 -3.8332865090990493 -1.5759965903097188 -2.0498392770968583 9
3.1743779586814456 1.4947788241553688 4.123778702214572 0.2232169315804331 9
-2.567673437574165 -1.9452736777216422 -0.7015375549959214 -2.195910960384998 9
-0.4639593368496643 -0.5860216118378444 1.7944511702260884 1.4044162033700516 9
3.4879448748634725 -2.968620038939647 -2.433265081295376 1.7457289450715792 9
0.23883336463030125 -3.343603045101466 -1.3891491884275446 -0.5782434108204143 9
0.760607988671702 3.3864188285988748 3.015242293896108 -2.6839780229692374 9
-2.307093368756361 -1.9295647151649966 0.9188807382078115 -2.849821570374934 9
-1.6059942147528514 3.397313852289556 1.9858352529272052 -3.411342605200329 9
3.5272429634174216 -2.6996436793106353 3.9922619377884128 -1.3975787025428343 9
3.3749621657828746 1.2846032988023177 3.98475230132813 -0.2651964431545166 9
4.397093314287225 1.1841517740261718 -0.8532487013411278 -3.0492691319074257 9
0.6867891147905991 -1.5802408334987237 -0.2692028703712047 -4.128743003596082 9
3.4818799668395943 -4.236376670828181 0.2778991035526287 2.0682714332607506 9
-3.3515925105254363 1.2417052145459282 -1.2379303286468242 0.168858291918354 9
1.002475239177857 0.3094363392022399 3.0818278836012865 -1.860510526851079 9
0.5292128808210135 1.5895575251637069 0.23194631201632832 0.8579581139377518 9
0.9686769932207135 -3.4509007815527184 -3.4958175439544084 -3.972819352923614 9
-3.682359341774916 -2.0788531838826825 0.10408813397576733 -1.2607658740538343 9
1.6387036197613207 2.0007483336005034 -4.465434913806401 -2.4790035151312164 9
-3.3554013345910843 -0.3066070733481434 -1.0234465991963355 -0.32745035990508264 9
3.6055090795889377 -2.206236294713549 -0.32397663673954 -0.1012547486708334 9
-2.0174526259930423 -2.5619584344713666 -3.6257222977382546 1.354949391886638 9
4.183085167667499 4.395241585228983 -0.43287969997856945 1.5646127177780509 9
-4.378278487505199 2.302369748295742 -3.7079802045604806 4.218029067642076 9
3.585774662006549 -2.3237878648328176 1.418972556336274 -2.195139036325397 9
-0.025538006938762403 2.5644066963129806 0.6030070665239985 -2.270651960359949 9
2.910407769655364 -1.9681600953048712 -2.0959153571324065 -3.353552261258132 9
2.992622149722633 -0.33039331497343394 -3.1724413632554507 -1.247216306355626 9
-4.112524283398241 -2.321610820197022 -3.17390473075021 -4.413495849106019 9
3.2368012580005434 -2.376820654113678 2.555757085382981 1.7826745987449508 9
-0.32258530091883386 0.7820053303223796 -3.5702949884847386 0.5347145787505905 9
2.1791618598215314 3.4695546035006357 4.4055083542083056 -1.2027315482094392 9
1.9517007997653721 -1.6180747701616576 3.955525124054272 -0.18898669732220386 9
2.8940616250135527 -2.6064116533553037 4.209776736053263 -0.6310625804048353 9
1.1109838796593907 3.4533352099527637 0.42647388635550854 2.169977089411968 9
-3.6157804918308996 2.9840150577472864 -0.05663474273019986 1.8714949675250496 9
1.5092543578617528 -4.482917442489159 -0.6647276924258225 -3.1925131462458345 9
4.082374538786166 0.013587996728157692 1.90938249155759 3.5493756437037507 9
4.008174717904846 -1.4880298290233314 -3.0547347411240615 -0.2873260335978841 9
-3.130934850452099 -2.2426049809690416 3.527583350521096 0.6710874445932917 9
-1.8630119911275476 0.7483575132151785 -0.29976389692977523 2.1147768631349186 9
0.9010707927938674 2.4712479181494396 -3.506808049729509 2.2212038783259276 9
-2.928471315181544 2.181499474830522 1.6722218907554072 0.12719971896203908 9
0.11539964321374307 4.421610583712281 4.373525977405265 3.4666343738207104 9
