500 50
2.4993216951643813 -2.3621290196857894 3.7395617195284148 1.9947025606347233 0
2.9185067939523166 4.1917427823869975 -0.7421371609198278 3.025115101417922 0
4.25341002514404 -0.41895677324419034 -4.476674089177743 2.0341392699805017 0
0.9813821648515014 2.4797386314436203 2.3316562119386006 -2.4606541458362834 0
1.2745201028316226 1.9981640656525244 0.42625683513741475 4.273847948965989 0
-4.184671283087064 -1.8139547619973855 -4.450320074785474 -4.085778710724877 0
-3.973387573061327 3.2135484832847903 1.8264768355816638 4.227006863422984 0
-1.1443137491267326 1.6186315642028726 3.22006022646855 -1.3250032542419732 0
-2.193480456060329 -1.3717690636275723 1.1242651659279126 -0.2002547991337923 0
-4.415285069271276 -1.2749959556552724 2.70923796754691 -0.5109858190058614 0
4.041847635103894 -2.5389089178148 1.23781006490879 2.7202318893251483 0
-1.6254777025767186 3.7599514740052866 3.127834766210163 -0.13637771974895618 0
-4.212867002040947 -3.9142391666173695 -3.6708271327810014 0.9207344259429189 0
1.1684609919704068 3.364320989515848 3.9327935178777444 1.4429113114345113 0
-4.421558409265936 2.219195132945438 -4.260188492318059 2.196954201336574 0
2.8155705390236108 -3.8185429844495995 3.5174426507257897 -2.825616402654977 0
1.4080980113726205 0.08335980075166372 0.9210639505674161 -1.2858934796597092 0
-0.18104947653255166 4.100167304379597 3.133869783151707 -4.172687266256908 0
-4.499891697874634 -2.277191691072753 0.31293774104596694 -1.8978141419379146 0
1.9100941012042516 -1.578761551919582 4.497374371038348 -4.354772695936727 0
-2.0070327925457145 1.759009072981271 -2.230594883897801 -0.045866623625142044 0
3.7669657333135387 -2.299718680218087 -3.398505547261541 -0.6380539918428216 0
-0.37722764450912694 -2.223065854606442 -3.2521188168589323 2.1838706095804166 0
-1.0860003766524047 0.9408494576853994 3.8472700605848416 -3.687154798688474 0
2.4514088371250224 -3.8887425288502695 3.5455731452587167 2.3482281639970934 0
1.6747657126858209 0.43434087656242737 -1.6055431003882847 2.1804201201082023 0
-3.258125525175685 -3.611221027155734 3.9671192531896624 3.545766512185173 0
-2.289968052078099 -3.1339200367397466 -0.5689286742422506 0.4865811592921605 0
3.8339503154119607 1.620945140441779 -1.2043219120901922 -2.912781891949109 0
-2.3610697030828502 0.6199672730090438 -0.7253510402443114 -0.6873755027452562 0
0.5096884629096238 -3.8453651020408697 -1.9667652770603337 0.34377603639038645 0
3.057376593744638 -0.8521245657168175 2.2786029507650296 -2.3224465917581405 0
-3.196161098583074 -2.781719472000657 -1.0002720878205187 2.9680658103007653 0
-0.08423876641355232 1.9082193682477797 2.5159536045646727 2.3125669936861666 0
4.364446119309073 3.3730785156154 -1.9742931447854253 3.596231039254118 0
-0.008624844891954142 -3.53898005405662 -1.732399044742965 -1.176575279492972 0
3.718915262906787 -1.2157563520234351 4.06990314895133 3.3156940978460567 0
-2.4607091079051444 3.3518867611088563 0.878139937797869 2.4391549587453047 0
-3.2727748341668583 -2.3725785586246175 -3.865562516521251 4.360731908932035 0
0.8585932081714128 0.5753034817084355 -2.2624584236407586 -3.846763098329655 0
4.1304125878496745 -0.42084600098760105 2.417731090180237 2.0513446522001626 0
-3.3393773287931356 2.34510909090651 -3.3086721897412064 -0.24748320409822433 0
-2.685293323972963 -2.9184312310813656 -1.8130302921523982 3.2363672845530855 0
-0.5659378861427004 -1.437652774369687 1.0708024900225248 -1.2204797292173986 0
4.2052779770451245 -3.212765306211856 0.32404916270255224 1.829367417131689 0
3.1010267952550623 1.5246552598259662 -4.440428186114814 3.471588061853151 0
-3.5162558272840894 -3.705718139736534 3.6778778638969185 4.014703756286217 0
4.198158371496513 -2.7513226330829417 -4.137349891863919 -1.7062037982967109 0
-3.7628994598348937 -2.0755377424812274 -3.631633679907978 2.7015848321606293 0
1.3511746621182004 0.4209952081019449 -3.2986694755604447 -2.447235617953135 0
1.7705235946792586 4.167882699326358 4.411459602181621 1.404516885594801 1
-2.0005062324172145 -2.397361843368298 -3.73031382049865 3.373072281591541 1
3.1110484903123026 -2.48208776437697 -2.1993375189069866 -2.167491562313855 1
1.7001566960282037 -3.1185482671946456 -1.2017694979851288 -3.902627550703191 1
-2.6676167745997783 -3.891609957567807 4.266602665007692 0.5617719137700776 1
2.245371258914772 -2.8792854412378612 1.4023340277102836 -2.7669490588314214 1
-3.3816536077506867 -2.4767345348208325 -4.428733417295221 -2.853953255959108 1
-1.9848640171623824 -4.195604420605898 -1.8746460813924166 -1.8045917308127217 1
-2.2104073346276167 1.5196923577914878 -1.8580225154662222 0.40215695043069666 1
2.3392717255866726 -2.4658702716004486 -3.9713362721455696 2.3927388182917366 1
1.00664630392987 3.7103047588675713 -1.5465631159894784 -0.13632195509040834 1
0.37449565452012246 -1.134494193814236 2.6854703322723457 -2.7006057092522084 1
-4.381194369915904 2.9638592506918937 -2.3288300987985253 1.5013737109117995 1
2.849053749422202 -3.782518940194022 -1.4975080471778655 -4.2968431845806885 1
-2.9549223209055167 3.043341289988999 1.5018832161245648 -1.115059333169453 1
0.5774425097562997 -1.351960077590717 -3.4584139752732863 -3.220633832538994 1
-3.194973334300799 -3.6133283167467596 2.6382243691633116 0.694924595285887 1
0.5416327648447263 1.890593010567574 0.9453075664370058 -1.0837310123407935 1
4.0578392936353085 2.232461989135687 4.247745157947823 3.9849787278608355 1
-1.1497858881829377 2.3262957503838333 3.6684561159196187 -2.8241807958261136 1
-3.860338387838327 1.0966083205588057 -2.8182227508919606 0.7239174612279398 1
1.9864262756083029 -4.123722427908934 2.6597923637461225 0.07266180168383352 1
-0.9428236356273078 -3.0479505889032747 -2.5796640584949095 1.2039844221716196 1
-2.015252235201073 -2.461470090181699 0.9647835899138087 -1.3581629809846998 1
-1.7578446272542618 -3.2738995699024387 -3.3938453439348804 -1.3663248283899891 1
1.7482505183869685 -4.024204182148277 -2.9437623035320866 -2.059946215963454 1
0.732944707320369 -2.88244684230977 -0.4482087084301506 -2.461004856200905 1
0.06022215503206663 -1.9663304681841587 -2.4464618217854666 0.3595188192674035 1
-1.169308101156365 0.040760216773834124 -1.8864797410723932 2.1894165423574337 1
-3.399019098379404 -3.3240222086451245 3.619846590173824 1.1267372414964139 1
3.0997283083894764 -0.9702130792673762 1.9629404318428314 1.1195597478199935 1
-2.973937692070052 2.710611615784507 -0.5309539511948544 -0.4657682395457994 1
3.691157670553941 2.9661972937788197 -0.7623550497683907 -1.9091501411390057 1
1.9264583343020092 -3.60569111410464 -2.8511499667014215 0.8651022960850001 1
3.7197111962418976 0.7018141154918976 -1.3406813138315496 -2.6472435959669838 1
3.602479065755025 0.572131546821522 1.2675804089287217 -0.4209706446973246 1
-4.411391032802803 4.44815426516933 1.3274604643881145 -0.8582048727447075 1
-3.3084194725613587 1.7337263196718569 4.0168396613834565 3.865852003605332 1
-1.4914057285743951 -2.878166181516813 -3.688645742238508 -3.1068189801347814 1
-3.234621013454209 1.5232266957550253 -0.10607706013632501 1.295009603269688 1
-1.7653115445206575 1.022890805083815 -2.7077318390013643 -3.452341852911695 1
3.920394467537253 -2.6738559640053605 -2.372831274591413 -2.5874204466461284 1
-3.4235086845979925 -0.9702840337837046 0.5851968554559757 -2.6412073490307857 1
1.7508530397811441 4.0047032982061745 -3.6595170506857877 3.523384017593367 1
-3.0295575503581857 -0.3715802484664986 -2.252490872850628 2.1692770503402214 1
-1.9902280382423025 -2.6585993340379934 -2.1494424125990044 2.904492638188019 1
-1.724975729995212 2.660486133702788 0.171315106973839 -3.8517098438150565 1
-3.664385712840306 3.3211726032786006 2.1705973783784787 -0.5451694432332087 1
3.0034384297804557 1.636141978881311 -3.508890505340663 3.982556671116035 1
-1.8376716825564219 -3.0049218300843865 1.3308225917256236 1.3560994285356105 1
3.770471615443348 -3.8571737965323347 -2.118226943595072 1.193371852388419 2
-0.22978736019441548 -1.2579352220780367 -4.480041832525113 0.5583082707046276 2
-3.0624202574480135 4.211241833667146 -1.0392244634467538 -3.938492230056243 2
-2.529436693257514 1.9060236574447469 -0.787483089749853 1.5930757629443126 2
3.4116794432697883 1.5201341378710724 -1.0043360773244396 0.5918788568442306 2
-3.208315064683229 2.635991828371477 -2.526838433401473 -3.18632851403625 2
-2.5603857256342137 4.103550276191303 1.7888533987258213 1.956198876144565 2
-3.7542779089142764 1.269270761851073 -3.5351295314581987 -3.2095360669080053 2
1.021016208654161 -0.17935365564570305 4.155301764475336 1.025432464660196 2
-3.013262130152038 -2.232133603113819 -3.7201991939411605 -3.56176928316166 2
2.0737559930389007 4.1283061326236705 -0.9895003070420064 -0.7395255731158125 2
3.8322188340619165 2.1365990895246183 0.43528316052595983 0.17093676404220004 2
-2.3968632616080905 2.3805249947699973 -1.2816597352762882 2.976911235982827 2
-1.8241900239268598 -1.967778519755025 -1.7061228503082684 0.4922691082741504 2
2.406613546068059 1.6720883910887636 -3.7261651970506025 -2.225773306916338 2
-2.0421543589395306 -3.0282022905108255 3.15568474383237 4.3608172774410106 2
-3.573752704452721 -0.09556595444668325 0.6054730199433771 2.7286090943531254 2
2.9977619874670416 -1.5906899116376687 -1.7754681114990172 1.2985635770245005 2
0.8634605922510994 -2.8652275786419876 -3.6059110365003777 -1.146140350805788 2
-1.6043452934634264 1.7578234765691807 1.1854885754154703 3.4712809841369032 2
0.014064941669340913 3.3357705017596246 3.3071570342161887 3.4897982094764233 2
2.953445372249927 -1.820216337368711 -1.5834139534612168 0.1326314754917084 2
-4.238153131861594 1.2886226005372032 -0.356558195874233 1.9391518005872632 2
3.322700308779825 3.1548371061672102 3.9550415478159735 -2.3945871881182366 2
-4.366919382214121 -3.1366717737673664 0.8660690670216648 0.010872369370500068 2
-2.8588325093980163 -1.9627044999008143 2.322544851868123 -4.289247956248353 2
-1.6430830792703575 -3.765078572661679 0.3260555628838603 2.4147989923166397 2
-1.2044832042686076 3.635763473624297 -2.252591818797903 1.2626004290274437 2
-3.395505813837082 2.5413910138748257 2.3722177647008964 -2.3587954078366957 2
-3.9883242996121773 -3.9307375732616165 -1.8724381021593408 -3.684393425791655 2
-0.6394429825586325 4.199035064392882 -1.0026125192756448 -2.135318049088008 2
-2.5492416509313096 4.032656564645641 -2.364649854615758 -2.922582329163614 2
-4.112310347148637 3.4935389099713627 -0.14523636540227747 2.01568066652245 2
0.5878907090018437 2.9001762891102336 -3.6236895666315156 3.8431490920107705 2
-0.16366602382463913 -2.237291277065522 3.2434947405048247 0.24393295286671546 2
3.0969375289273944 -1.4313954804297069 -3.7188325488187743 4.469194312323276 2
2.0732143649110424 4.0961136746372695 3.568946478068386 -1.5500804571289586 2
3.734435383597111 0.0864379453098657 -0.3339164538984769 -1.8025303911133248 2
-2.3363193930778894 2.621805855417075 -2.9297455757762503 2.1698459950613658 2
-4.090206189108556 3.5997188522293158 -2.330341950904222 3.3763207984540906 2
0.5914049131524314 -4.354568674802207 2.6581911048884033 1.5006477401959502 2
0.17918457375132746 -0.05621209617071554 -3.124040042197819 -0.6243163795190793 2
-2.5838822657501237 1.063053791698439 0.25773900863925336 -3.4728210506827693 2
-4.485841572591017 -2.394536209200029 -2.2938479587236724 -0.07656190397598384 2
0.24265287024420423 -2.707713726582937 3.7279821444344563 4.079248381013458 2
-2.3066772480631794 -0.5723708607947772 1.8659038502710406 1.5121472946273813 2
-3.99922012221562 -2.6262145751550525 4.397312706666089 -0.02830023107705404 2
-3.8372298524135187 2.6858317736533275 -3.343843575901147 1.0550294843664383 2
0.022426651024460176 -2.1461117374440524 4.3580015286980025 -0.4753839943252993 2
2.6710088034898622 -3.1042908992741944 -2.83653586437141 -0.3696678240209218 2
3.293799478483436 -0.3507909516880303 -0.9460928661860235 -2.0432296717130827 3
0.5557071715071535 -1.6897836075789765 3.643558161765517 3.9633578373262237 3
-2.3122820874353867 -2.0098392543669084 -2.456466488121227 -2.238906658545439 3
-1.2606889484229682 0.6297510437921866 -0.2153473509248327 -1.241144840134012 3
-4.223279174522206 -1.0282084690592441 -4.367356286467616 1.9022979123309267 3
-1.4291356137890876 1.168557327295366 -1.440481564530076 -3.756222458526541 3
3.3173889639952994 2.453754958592152 0.7455808960952703 -2.443320102629785 3
4.422338829208025 -0.7566078549957455 3.1134724397483824 3.3351108428400904 3
-2.568188289799795 3.7969792913880953 3.832812645593469 -0.4199635600631667 3
2.8303882257422623 3.7250818912805443 2.016102320534452 -2.7000991866349686 3
-2.6036970671798554 -0.27718579349423966 -4.028405756783317 2.1706007400587337 3
-1.5883481251635398 -0.438519088880836 -3.9030544367479703 1.4802257080929304 3
2.046825457135815 2.023941969378164 -3.579220035373415 0.13744659697914008 3
1.2354279785257272 -1.4471863078499208 4.139465106917285 2.094650443148948 3
-2.4825327688668613 -0.29060313244182523 -2.346333852284589 -3.7544792684435224 3
2.2384958754679958 -2.8491818211037594 2.2443196051795224 4.240890793002513 3
-4.282569385963527 -3.5547345745490437 2.7686307416079274 -3.4620749111177176 3
-3.339403312398524 -0.3194481651151434 -2.5869545940952072 1.2711388736904494 3
-1.2932520025353416 3.7751366061748026 4.482256415908636 3.138051423876508 3
-2.626757726736144 -1.0732207687174382 -1.0634846644125149 0.14592193623864813 3
-4.307420939281703 -3.9614021066774043 0.9912133182423107 -0.5744807382486348 3
3.0399689024612115 1.8195244372783153 4.103416061893784 4.385710664787951 3
-3.660581941511926 2.6220840808393238 -0.6583953167513699 3.9960200265056693 3
-0.9325390864952893 -3.1923470126142846 -0.2931627173069985 0.6864158031730585 3
4.36434544802585 -3.429013579099167 -4.251201666685289 1.7511220518584114 3
-3.2309616762010425 3.1852748289491557 -2.9126399670791256 -0.7216862091226377 3
2.047863996065259 -3.8778360744244544 -3.406327520437905 1.2078893534355815 3
1.0928702625306446 -0.603090671952203 -0.48739724990104605 -0.6712793819897253 3
3.4864285057719524 1.062089210818982 1.9472826039709452 -2.967510578226862 3
1.4472943335345971 -0.22995008422005558 3.5932865644252994 1.7111189845176447 3
-4.4539056936130255 -1.04095571234393 -4.004715868467761 -2.1822259800807573 3
-1.832890443288567 0.44588338835252095 -3.710513201972282 1.049863003718726 3
-0.17573213089330098 3.5046466215142207 -0.7627496060687093 1.7032858802056259 3
-3.172103917023947 -3.869808791102658 -3.751308385970554 -2.499412532501566 3
-0.18755580843663333 -3.377095801822773 -2.6174141146678345 -4.015326390927576 3
1.9897595602287415 -2.55986165853348 -3.4822951051748015 1.47676532202385 3
-2.3134017107419416 1.01032867273666 -2.3892659712809947 -3.22917062263593 3
2.5988118257978297 1.6362141609057057 1.707957058534718 -2.3855231640183607 3
0.2870555457449173 -0.5492509162547282 3.2723130631245216 4.249543689228965 3
4.40262249977821 1.1054898093437633 -3.6349155661314096 2.9088478316343744 3
3.7682248599863737 -3.155650431123094 3.631219307485645 -0.6784820075224467 3
2.6556246529156313 2.1339455094036754 1.246303679236202 2.6242577575634076 3
-3.1137776225086364 3.819632924691853 4.301898242645558 4.013994371894247 3
4.447185525204334 -2.54915169420475 4.156126693374528 -3.564063355056714 3
-2.744618150902233 -4.068177969583531 -4.357268236837232 4.29948704972746 3
-0.09222789293059075 2.7020622282488023 4.16055238945316 0.9701195903213575 3
1.4178568473461493 -3.3120657889703913 1.5889448539788376 -3.5462881555205756 3
4.000894010778463 -1.4354089047946887 -0.43510522305471444 -0.9352458666691513 3
-0.19581558548532707 -1.0958055881301783 -1.799841949305149 0.6568022372077473 3
0.11590150289624834 0.8016328719760418 3.9513553613404735 0.9764047731464868 3
1.0943565198465786 3.2254956053205626 -3.733093424187745 -3.5857072961064906 4
4.0515541002297075 2.749757156453977 -3.434261710788143 -0.4203052192241705 4
3.3754494937885693 -1.3969101870751042 1.3514200136488426 0.5675041256852592 4
-1.6296921362388108 3.4348881168728176 -2.5272091392960663 -3.77137133307639 4
3.832055681436135 -1.0858555988790566 -1.1907130010546836 0.9539326050127089 4
-2.330026104954891 -2.2058822200838475 -0.7302276826550937 1.7817365219466774 4
1.6060182242619723 1.638464212175439 -0.14628618560068274 2.6441826849604895 4
2.395287134792981 -0.2963146414790818 2.4018933200515145 0.9717899614981798 4
1.5471942476288976 3.2392820029505573 1.7278033488372646 -1.3818675376249603 4
-2.7851242037626736 -4.290515191117031 4.029457983378171 -0.1511141778678784 4
3.0338359434534734 -2.0005845032588043 -3.808412261982445 -4.315114433221604 4
4.269851072214346 2.323955101280674 -3.881677809371926 -2.0481430546525465 4
-0.5529241503014677 -4.14855706699436 -0.539743460890464 -2.583041537506326 4
2.5213227278718255 -1.2874576938922293 -2.336371591845069 1.9304968424176345 4
0.6271549777203608 4.4332270672794625 1.1160345053085254 2.3982352476699873 4
0.8213088627517013 0.22409533960371641 -0.1477207446282076 -2.559807315399081 4
-1.5618665168709702 1.0715845610990982 4.447541283384718 -2.8381289271448615 4
4.447138333924297 0.57653595542017 -1.9256781703446804 3.8589555934642887 4
3.265363292633502 3.3038224728917247 3.307467158073519 1.2117654036732517 4
4.362451228438796 -1.8785949428930597 2.8574300566322406 -2.9514873435557885 4
-2.8609871605804984 -1.667104774638149 -3.277803622908463 -0.7891933649021262 4
-4.278450106180312 -2.5282173671047445 -3.20246205131428 2.3410137387310566 4
0.7636985951821881 1.685938906177741 3.55176517082006 -1.4899521649597331 4
1.326211663258702 3.197208912108974 0.32495544116192054 -1.342682048447367 4
1.8099638918267766 2.9831432004267775 0.9770262269319958 4.283580498023243 4
-4.374609588591767 -3.461601575323175 4.022659232051485 -3.007663751444329 4
-2.8028002806263914 3.4232565625067584 1.873000300920145 3.7503570040302097 4
-1.858648806611702 -2.5510834367125246 -2.139859755435694 0.483537982815329 4
-3.7024446607764507 -0.12881605064830692 1.194733325083254 -4.000424702278462 4
-3.3246080591789777 1.3175087910966088 0.9707736084304023 -4.325291715012572 4
-2.061572830504979 1.1716350272295084 -4.248399122134256 3.571536620298418 4
2.8158381798305228 0.7269022232288439 1.5616454858847513 -0.8439308914281235 4
-4.444920451927759 -2.684728345790416 4.019564523926635 -0.05723863992613676 4
-1.7941598351273358 2.986642078470038 -1.902522610958637 2.930935484297017 4
-2.612707017346294 4.384452305561996 -2.7137325683434375 -1.3777986309073422 4
0.0895466007486887 2.9075847274318463 2.7009837717256486 0.8282082358806815 4
-0.5346353491600492 4.317348945762813 -2.1973261139074127 1.0223483294815265 4
0.6075499862880968 -1.8514440423250385 1.8690410074180113 1.7067697473638095 4
3.2244476588719397 1.8481587120999827 -2.1755717052379038 0.3278648461522661 4
1.923522881782389 -2.32728862259825 -0.5148676297118709 -1.3862554635206967 4
-2.522694805703402 -1.3896049613610488 -3.162238570655532 -3.319435918257069 4
0.6731963974784547 -3.3556137145599516 0.46065463433328735 -2.3216772325253414 4
2.306309912381109 -0.604857597669787 1.3954495532905058 1.2713818739493954 4
2.2631584925472694 1.5783653122252392 2.077537179724186 1.8579505259828009 4
4.489780176710429 -1.1167424305780576 0.5353956551740983 3.2641799467181314 4
-3.596427453050395 3.3495684612865855 1.3939517482486712 -0.6092856953671586 4
-3.311690665882648 -0.4999475205925006 -2.758126609923751 -4.095305630893251 4
-0.32201475991745143 -2.320791237279437 -0.46497783721859065 0.4213676057978981 4
4.493486126328618 3.7199718705665052 0.6767726216718478 2.7638771609266417 4
1.4175411835258944 1.4381990171919266 2.109062670327539 -0.727851210541747 4
0.36836238221106854 -2.205802760208791 -0.8140763454000168 -3.7103049806766633 5
-2.5291501054678247 1.823956411324378 2.8716810106400117 0.13334416013817219 5
-3.951466718753342 0.09574350234768059 1.8969723051349674 -3.606266492023679 5
3.513591696077585 2.6917134145266775 2.821205106955924 -2.937539613000792 5
-4.344350302112825 -2.5885014266338255 1.0157550338523538 1.1926925620022082 5
-1.4228410394108881 -4.131955544784189 3.1576352716484766 3.0833090094473627 5
0.644000908044381 -3.9470499975525324 1.3282671517357802 -1.1548373506411584 5
-4.369593055347824 -3.9899997725547647 2.2784943382478846 0.5255622746393557 5
0.047563209476618296 -0.31960910548446586 4.008293856653962 4.381926658955046 5
-1.7501132343227193 1.3759746861587256 2.1177329708150627 3.5826972196824056 5
-4.067198460238045 -3.399448423646291 -2.7325308186109916 0.18035542295159823 5
3.8824313900623864 -1.2828610385345753 1.9085830414936045 1.9817632429553396 5
-2.459220055434344 -2.5333124116692307 3.089809132901682 -2.2423267847537716 5
3.9072688115724525 -0.3403290550760383 -3.333041094480638 2.5863369841297557 5
0.45664018412364926 -2.7148860850556154 -2.4838461637103224 -1.319798053624902 5
-2.444077893616371 0.9487931020178533 2.1216116912633844 -1.4022880953079309 5
2.6393810509580526 0.2714140814583368 0.8082888755148275 3.3823347721789823 5
-4.4691027951406594 -0.14389092125740077 0.752041139225035 2.8948791184965588 5
-0.9240094613376355 2.2905710153471315 -2.4473556427982466 -4.015390656461026 5
2.8344998678024065 -0.34374877953981686 3.652867579983214 -1.5251089281374677 5
-0.807033591392057 1.3244531598375733 -4.007978593091119 -1.997759352359318 5
3.909906027093945 -1.5486093772611629 -2.692251508126444 1.7604331253576597 5
0.9662123901413547 2.672574142849429 -3.5997418733498137 -4.400656178264822 5
2.813995428139574 -2.106175436657621 0.8832217345903991 2.298294803136952 5
0.08169810072031514 -1.2845194850956179 3.1607641453949875 -1.6707606327581501 5
2.3947512659666734 1.598843094498907 -1.7022516176148437 -1.3388746467217527 5
3.691165620404014 3.2725263150579287 3.7916092812766795 -1.9249743627106937 5
-2.4469811812089413 0.7694172473937108 3.5884653723997775 3.1273457111286334 5
-3.5857892274959156 2.9863842074552633 -2.837950587199254 -1.433454877086704 5
-1.6563871305871707 2.917351564249826 0.2781089353267898 1.264359772184719 5
2.8467893460813447 -1.134650627194115 -0.7374865778030215 -3.586803761183144 5
1.458799553813281 4.472985749453426 0.24224955901925138 3.3927089831879624 5
0.36250126991776366 -0.32020049038629295 0.6034126956736245 -0.2556464529076813 5
2.119446515159317 2.1457958893798184 -0.8251935323307992 1.0910106977719174 5
3.862541721390313 -0.8348416410102653 -3.1004554454870163 -3.5626657196581384 5
1.4704984624801118 3.7609009351093503 1.9627343323582878 2.2689200974718124 5
0.6823569262009795 -2.3200891031813624 3.962383203966672 -4.2906261715012946 5
-4.449563190907211 1.8657435554933743 -0.8259161981260774 -3.938967468635809 5
3.427414184689907 0.9225165263991265 2.96140246627175 -2.3710505435179243 5
2.2955887028683657 3.5537900001860403 0.29104928477147685 1.6385549685206389 5
-1.6611349920921756 -4.346844365729065 2.089499182431242 -0.19919114591965914 5
-2.550624470091521 0.28902516641189224 -3.9357208504741803 0.7682542500283652 5
-0.11263343600752096 -1.8941424649666216 -2.2098868724508622 -3.5377433318569893 5
4.180315375836778 4.044894215566089 2.26450290286536 1.6738561715314115 5
-3.547507372800557 -2.777013831795847 1.5179748595990477 1.6763066484952869 5
2.048312671424738 -3.1697608971530213 4.378491989380069 2.4375060559413817 5
3.319114546297599 4.435919644690856 1.0330079886701262 -2.0290370893285514 5
-1.2025279565542948 -2.5978252098438 1.2591470819518784 -3.0543615231965964 5
0.02837253838133713 3.9723977144898197 -3.487785051536869 2.1733109322861566 5
1.8488204314273156 -2.9036814936308617 -4.432331776116903 -1.7472143405755616 5
3.899902406518044 -2.974656864138193 -2.8648281666660624 -3.2103810248516274 6
-3.278848272853626 0.8495739321435479 2.541544101007984 3.192209888583003 6
1.206964148014729 -3.8418050851955763 0.3843590846164211 1.625060311125461 6
-3.5170763636610505 -2.60924046637099 2.266876151810157 2.830576136849819 6
-0.669271447486112 -0.13320275619271138 4.475746384203492 -2.361679502011191 6
2.2357168997285877 3.492930161043012 -4.277334666418103 -2.857432756982707 6
-1.9859761571242243 -0.15170687890898504 -3.6004068789020107 -3.7539623883331297 6
-0.2918078777652193 -4.295097422208035 3.307305680992188 0.14263158063332337 6
-1.9879848186111233 -3.9531729051870066 2.3645569086658362 -3.1631956517247963 6
0.2989099189421034 -1.1458031402032338 -0.6807487025538378 -4.159996144159199 6
2.864656399595891 2.482087828941143 -0.9953239264778456 -1.252372241967315 6
0.43184180237389147 2.974973710778232 1.3454083650665396 3.2070109560050595 6
-1.4149523623165594 -4.420732569917602 -0.5245697035441604 3.784016009265722 6
-1.3649830455030492 1.4267215762781902 2.3853571067295083 -2.477753461998837 6
-1.557731227071169 3.6793372854802433 -1.5406045865687776 2.135177729775295 6
-0.9477656053881686 2.4687614991732327 -0.2833170324580454 -1.397117871163637 6
-2.8439090124621385 -2.3557254254645965 -2.4903461897182178 0.014206061871749665 6
-3.1836451935962544 1.6720851631082208 1.2372417424732847 -2.534323258568443 6
2.2115810397509335 2.605187879813943 1.1479143597184365 0.8994634047069806 6
4.492038163582719 -0.06850745190924379 3.65285772910943 -1.887393902239592 6
1.6115404173527204 -0.6029188477699357 -3.615552454655786 -0.24084751232336843 6
-2.2935071990938845 1.4367697431731754 3.127435038623891 -1.970801221740687 6
-2.0111334168762687 1.6461807695318953 -1.681241723043223 -2.7344036880073146 6
3.7962710426930277 1.602639706599266 3.314997861774853 4.075171138214669 6
-3.2961118516998202 -2.010375794578214 -4.025783070253309 -0.11036115137143776 6
3.6571562683379817 2.0389311115315367 -0.9039191809487047 -3.1229102827426143 6
4.090346426530926 1.6135045876789325 0.7160165497880654 2.8059619268063507 6
-0.2585137372735625 -2.595631147322523 -4.307519122165241 -2.4410364954472987 6
-0.0004625860467367682 -3.3552784600087393 1.303306742266901 -3.3714262461454703 6
3.853689924214133 -3.408415864648498 3.0395013130516397 -2.6241107687300773 6
-1.6273798405854611 -2.0536759286176056 2.4327701723296977 4.016104934909534 6
-1.478980149254165 -2.7870486066377267 -3.1041812168511242 0.07614784270272246 6
-2.2882835551339773 -3.523860818868342 1.467584435506939 -3.7831509359925253 6
3.603096905180467 -3.1609832416853667 -3.463365508109448 2.542004925936731 6
-2.9697257276293736 1.100704623163185 -3.166691296036195 1.3386044145756126 6
-0.9124093399034807 2.3626018489290264 -2.114290449973046 -3.4582505297028803 6
0.3729736023747199 -3.5525189014145773 0.2503180182374102 -1.196948575105927 6
-2.696302747135972 -2.453493117966746 3.685551090045147 -4.0482904989115305 6
-2.6386751189632554 -0.026447607115457905 -3.6619502886168167 2.7610164724449073 6
-1.846534780167116 0.9366835747968558 -0.4255439793090273 -3.8759191749618296 6
2.130514239618403 -2.213577447807164 1.7100191788630923 -2.4649414031194956 6
0.5573375522696957 3.5950602124838236 -3.7030780124837546 -1.7513316448985248 6
-3.9523169222432095 -4.227278003297328 -1.3814937882682428 2.706777399923302 6
-0.7345487287237028 -2.0194207391426153 0.9087871890288846 -1.1333273375822492 6
-2.3168880399570617 -2.2102042324014755 4.338511968237491 -3.69740920319367 6
1.2775650962685015 -3.968618119832392 -2.9607684806576904 -1.390994583805755 6
0.21184648005329187 4.042924596329268 2.8159531866553165 -0.759222409865429 6
-0.5143185734077418 -3.345431010595715 -3.1872641913145676 1.6231326029761974 6
3.992260928028223 0.3178009221238829 0.9820177875102362 0.03727922931366667 6
-2.1897923484078072 -2.6692421416808934 2.043325393785701 1.4680269323041297 6
-2.1087844300654655 -1.345223966623998 2.894793802681435 3.9807096296585556 7
-3.761597255947037 1.0388071700685997 -1.3595140496258753 -4.080988030243471 7
2.360022153097098 2.6082142547815934 -0.21350929646103478 1.4453651117667374 7
2.1094374366070605 -3.939828304827379 3.0178240830111984 1.6811836312495456 7
0.41842803297295517 -4.160681525429813 -0.5099127128545792 3.764149607554126 7
3.494383916795421 -0.12431475021992044 3.9552853167290727 4.4171181982676195 7
2.7928962000652766 -1.7618153155314253 -1.1977346703286587 3.1724859351299335 7
1.6979108894927326 3.7683161657830038 1.3724211815204028 -2.9134255961784765 7
-1.4553977443684496 -1.6791089322978494 -4.12637809517237 0.9733993401031938 7
0.839434347195847 -4.402766281372905 -3.1040946255166015 0.010480849867568032 7
1.1528234744932035 -0.9578932047706272 3.6014597817676286 4.228635500076759 7
4.450154590285543 -4.13892136612854 2.8825649162185427 1.0684031581052333 7
-4.2133152576280795 1.414435982026029 -0.7335398550570837 -1.452434552449923 7
-3.166852736262247 1.685366471073541 -2.6547764786172365 -1.2700565775014885 7
-0.12978444156425228 -1.3982123180571824 2.5220787787392416 0.4555919685328438 7
-0.24151431854628302 -3.846756676459921 -2.3172948895279846 4.287387260376588 7
-2.2975398390784947 0.1628711118644084 3.362294682016824 3.1407795012115147 7
2.2373037172222245 -2.2557999066299774 2.73829587315358 0.29112106460601006 7
-0.22117335318650055 2.7682421966878485 3.9844588962626926 1.4232670711641697 7
4.19345556112548 1.2514974965887742 2.841641251832032 -3.0423728615266348 7
0.7989122173699447 0.08301007149598039 1.9241616426196808 -1.2488440030750094 7
-0.6912589345694184 1.8938373453956956 -1.8678857621956733 -2.1292357548398737 7
-3.103620803446561 3.551510012248039 -3.5687612537717337 1.2893132362895177 7
3.0377178973402255 -0.7514283782862764 -3.984915207333611 4.434464768700721 7
3.092487295298443 -3.7538955074109994 2.6072842857299094 2.741763200962864 7
2.7662384155359967 1.7095876113259683 4.051973116227444 4.033058020394157 7
-2.576465018403163 2.19444186337132 -2.1173663571128403 0.22805144188367765 7
-1.4257829250137732 -1.206759061442846 3.845482984525999 -2.2519535513870315 7
-3.233495341196808 3.2241067974498137 -4.467367367022318 -0.3676214976987343 7
2.1446775339475233 -3.18609468358897 -2.031789854824226 -3.2106211113485235 7
1.4442782102153058 -0.3538238919003228 4.110088950218514 -2.6869165893430758 7
-0.35629142861129026 -2.388668821961707 2.8258385883428163 3.0253002658621426 7
1.195364425932493 0.6718179519391808 2.6870139983385575 -2.728260489749937 7
1.1598443357319819 -3.3529303554973007 1.755894115597815 1.6094213048258164 7
-1.43263794503855 0.5299614707439053 1.215151852178076 -0.04428224751477061 7
0.8364641892347173 3.6869785926219714 0.8890375663851843 -2.182567818941563 7
3.150642846098027 -1.2692602833800564 -1.230056447749762 4.289919639563272 7
-3.8936375969200645 0.5021077281130305 4.430932781868373 1.1566449863700012 7
-1.0636750379309143 2.3492175966736437 -4.105723892475673 -0.4222059413277969 7
-0.6417902219403939 0.35121328472755065 -3.3008772499760344 2.9282599633766724 7
-1.0790486223399927 3.394813483585493 -2.500256679200897 -3.4810693995250706 7
2.3905410422220292 3.642213565706375 3.3101579788372595 -1.8852717664338 7
-1.7980101675361655 2.284144422192703 -0.18297081833858653 2.948081908921305 7
-3.824803451688681 -2.1168766363316203 2.1837100218757937 0.4917491231482669 7
0.13713692782985487 4.218088782711586 1.9040973435014399 -2.6852856262150295 7
3.351149538577693 2.573922972988205 3.060572094413385 -2.744953747259758 7
2.4002249121415713 -3.978950538576833 1.8190694204216773 4.345458794577151 7
-0.2709805622030218 -2.2400662362361805 -4.3264895007134605 3.322549264522726 7
3.8668288030966593 2.1225922060520017 2.0244951289935273 0.9871283799825569 7
0.25017213274161954 0.7472730550844459 2.8207420248938195 -1.9107898519250908 7
-0.7840793064308417 2.6564089589422126 3.0853096061885212 -0.4770908347231856 8
1.4402490681029474 0.6709430474396526 2.9953582492894855 -4.3093839517773675 8
-3.2870460573247033 -2.2631016220851152 -3.121712212048523 4.083641795156384 8
-1.1711235079735012 -1.3620251347285994 1.7343122254283005 -1.6260518404405642 8
-3.566016969195319 4.093344038859872 0.5464230982036772 0.4651502925303047 8
-0.8210580188807756 0.9919218010380552 0.2417405922148641 3.035526982008867 8
3.7885657120586465 -0.2346717977700974 2.8373996913114885 -1.6863149367397872 8
-1.6617118560392243 4.207416257290772 -2.155632688269797 0.8075783029470877 8
3.5072493386735193 2.549236661284143 1.3745085052998354 -2.595051694010647 8
3.40861046247818 -0.1035879137540402 4.211114637943438 -1.9316970067084704 8
3.3352369403295885 3.66151659494556 -2.6207537415703133 -0.04012342563120974 8
-0.6328395654816269 -2.68176261716724 -1.6140714432381176 -2.7613303558260034 8
-1.940999173517295 -0.00992234146531068 2.4160637566718126 2.2679324238197025 8
4.103086954657602 -2.8707498207171205 0.44862910753444496 3.973030390685142 8
4.100207941103657 -3.8451242381457766 -2.753819075833378 3.5220570979253827 8
4.044131361304829 -2.8275098120694704 -0.7344597196051601 1.0749747055277963 8
-0.8564778932184353 -3.8858141117777114 2.248962684466774 1.8258767963405504 8
-0.808987045719308 2.114539223904441 -1.3383904390575314 0.26472609939418235 8
-1.3490097444267013 2.4321204322391865 1.35598961679091 4.2892330936931895 8
-0.45059027429027476 2.05047702812978 -2.098335299119473 -2.912985266287767 8
0.3495759266635289 0.127571369370982 3.5448268160408034 -1.9896394795664327 8
3.775861137965965 -3.4293001615450724 2.1659857527759305 -3.22260211557615 8
1.6389384610895645 1.1231483267925633 1.1168636855354794 -0.5954889158114883 8
-4.1975560412650985 -3.678011789730858 3.2354838692907792 -4.385830749561484 8
1.6046282557971456 -2.713035895533351 -0.20144494213774577 -2.528090347722554 8
-0.7644169551992114 3.7835316868251843 -1.6977342598128236 -1.730891131938895 8
-0.9011054045308269 4.440653379252548 2.8767465366092972 0.7728905944673627 8
-3.173554608123323 0.9111755648751247 1.5318870660545163 -3.4151297399435268 8
-2.7849325456859932 -1.0180776221343635 2.9332725917676914 -2.1183383982017827 8
0.9934189044574506 -1.9903882823353345 4.1056485140431285 -3.976678038436745 8
1.4474924383339132 -3.4393305969778867 0.14569026265964824 -0.7529565506893746 8
0.7039609040580969 1.1851838090643245 -2.336613162238335 -3.5351540938223343 8
-1.47896553918162 -3.7538683550855705 -2.2476391866906638 -3.9064228268238574 8
0.09614780449897342 -4.060970763210156 -2.3737328086793164 3.875532821910439 8
-2.668217535604229 -4.333834818021631 2.290590538847412 4.390817901237546 8
0.7487956811894203 0.787954887264788 4.358719141610298 -2.6542715739844915 8
-2.5028684230497555 -0.927606987380483 -2.035951129646479 -0.5146414855254429 8
4.423514467897407 2.773236140967641 1.467396307931359 3.423620159737527 8
-0.8339623388099006 0.3911980555211979 3.82161148858306 -3.8248733376679396 8
-1.0989937009608544 0.28624340819486904 -1.6047230722236456 -3.0497274564017123 8
2.0006955552803714 3.7409879560135995 -1.539501331400868 -0.3303316532477275 8
-2.955120804661073 -1.1168222801657806 4.17145028741373 -0.4337041160061744 8
2.5160288678829312 3.052485452180303 -4.41381225286079 -0.7313992494738212 8
1.1015112906781004 0.07280372675454427 -0.7824658965903641 -1.7451667142955887 8
-3.7994117190730257 -1.6768424923383218 -0.782986451429779 -1.8055622166346867 8
0.2181002283779575 0.10170825240949855 4.409880905188903 -1.3492057699765665 8
-1.0506486741968233 -3.946175863470471 0.5898629768692835 0.02845449774742803 8
2.5035012625874824 -3.3469612836992892 -1.2617352769970898 -4.236381985758145 8
-2.1211069545226526 2.5861421626192698 -2.442675653274909 -3.188968499039792 8
-3.51976542500913 -0.7896295405005097 -1.747978818119344 2.6982110565299613 8
2.7361048579184426 4.234915233952446 4.1215389193177145 -0.32089785852473485 9
1.8092890051982926 -4.3789435160492545 0.9281939476747078 -0.40104817286329053 9
-3.1056629902355555 3.0810311930335006 1.2359090160253103 -4.011623380596027 9
-1.8514806174218548 3.82901670482435 -0.8616625712555489 2.582517954138541 9
3.7727342870742833 3.0591050252042846 -4.241140633526263 3.297769062173823 9
-2.283655035294865 0.25231609276990186 0.03193634852889893 -0.5161716998015567 9
4.497158597807451 -1.774404519577508 0.2093118763253634 3.9076803742646526 9
4.422360577067138 -4.270416260536496 0.5344429100700789 3.5037197393440542 9
-2.185516254492409 -3.3003825075702373 0.6296669217466901 0.6426052558285815 9
-3.3115784968276447 0.6565147407654736 3.4139168534748197 -3.869604090453291 9
2.9209819959588095 -1.5171545409078309 2.830269945218793 0.5209316107854125 9
-3.145348127293049 2.2407839838938055 3.4762819332316197 -1.8346347590565726 9
-4.384341667495137 -0.11266367343361594 -1.8473654440265928 1.9499550788821125 9
-3.807355330902865 -3.679964545857493 -1.6471689924177069 0.31078030814421176 9
-3.23289580761752 2.9058382159210203 -1.6274239751737982 -1.3483763195116525 9
3.563895343664944 4.132884700766039 -2.2719053288062967 2.062616536804972 9
-3.0437388054334624 -4.32142243367925 -0.9763790469491034 1.6798426753426692 9
4.060633730466588 -3.168584743777934 -2.488723926869534 -1.159346839857024 9
0.4806590211833497 -3.5810018456300874 3.0494454150494295 -3.707125833762274 9
0.9106090320778579 -2.0668344571809882 -4.159505079071853 0.7646504720783528 9
-3.711364896887109 -2.8264069046584073 4.064306570744198 -1.2645415459256903 9
1.9323602216082771 2.1468617468249693 -3.9311739905288707 -0.20641809994688953 9
-0.25241908603770613 -2.803025436115961 0.2908143446459507 -3.0983053006994083 9
1.008111229009186 3.532603371633078 -4.245512286374082 3.4005654569608366 9
1.9999324637209606 3.855831142321277 0.7893430770901709 1.123595701257223 9
4.391416796373408 -3.2765410080008324 -3.9526608613365424 1.1530965354494347 9
-0.5654109764794903 3.74034272897031 0.982483665401348 3.3902546066274515 9
0.46308445164029155 -2.279148953206752 -2.433584872012457 -3.155420482370486 9
0.3801473849019923 1.0975996681410312 -2.7312926100433987 -1.6042498220022716 9
3.015412568013796 3.7277078814835845 -4.033672764933311 -1.1297397719098603 9
1.40100874876899 0.46457535019450136 4.122119470520087 2.303162360614004 9
-2.522459771051248 -1.9000894067861138 -4.0100203477012055 1.573485304540824 9
3.329730486164503 -2.3565801258245185 0.4049219760714263 -2.543223404545711 9
0.7221450114850556 1.163158342202542 -0.7330082782910565 1.0934813468029416 9
2.525234158434783 0.01580235073077163 -3.3634709916663605 1.6439439977108448 9
-4.056670155510025 -3.733869060528812 -4.415174464022182 1.4358875453398072 9
2.954520744281078 2.969580402882511 0.72021068442208 0.07673175054964632 9
-3.7316289775600433 -0.4387685367816123 -1.2147636743463177 2.69544280651357 9
-3.583987112560445 -0.6047483800121521 -4.342417005042485 1.7433516673675031 9
-0.5009918566427373 -1.319485211320678 -2.134014906204834 -3.0741841035047037 9
-0.4103879124469133 2.6976696688913715 -2.016818390110216 3.4773827847413905 9
-4.314221606285596 3.114165687423075 0.9597263840926729 -3.1946627868885393 9
0.40897831383310934 -2.7687279583803557 -0.37690626487203527 -1.1849341359384487 9
-0.020788161846118203 1.0168038704825002 -1.2095595213648758 -4.414229974418359 9
0.1961299336012684 0.7967125989331473 -0.7340470958705279 2.5016575825514376 9
0.32254491949028286 -1.5786639203146242 -3.409420535290007 -0.5032485613519209 9
0.3133481448087978 1.1787022638051723 -1.9004091076111471 -1.3695038620879785 9
1.2685300559326107 -2.8740530928642993 -4.1396756640386325 -3.2503221467702303 9
-2.8184332647443755 -3.8231452491250106 -1.6794716788596737 -1.1744236478241956 9
-1.14537633297734 1.1054432673316241 -3.8114643271121773 -2.4122140772765457 9
