500 50
-1.8480149758160125 0.275280800447647 2.9332906384880415 -1.5609537826464592 0
-2.7763129174725463 -3.8888967762783775 3.5644553825941414 -0.820140022846346 0
2.58286913999922 1.4070016959826992 0.6466557844834689 1.499610727481802 0
1.2376880643927224 0.6804260437773058 2.918973163480749 -4.050033782940451 0
-4.148433754300202 -1.2796775596480596 -3.6230350243055627 -4.311478524474868 0
4.011148681365668 -3.959597877161532 -0.21090895846244762 -0.8238750206501833 0
3.2763789319158994 3.3956147353322725 2.6298413249345196 1.1165969635426494 0
-4.039257009415917 1.3717675391908934 0.5141284572553408 -0.24217219633765352 0
0.46576231771387755 0.8776192791514592 2.064761528275781 -1.7379600995052928 0
-0.14824238120998112 -1.9531065522870792 4.27826275265303 -1.289666916690385 0
-1.8204685352840553 0.55358014793725 -3.1843823485762286 -1.6149015371657387 0
-0.9355730755767613 2.5983063871100964 2.133513417158995 -2.9132834823008515 0
-0.7336405318871074 -3.204864713022049 0.7715865427284408 -3.7160144327641094 0
-3.1418397502139066 -4.002827848057586 2.2866164335242942 -1.4412285868475583 0
1.9623347433328115 -1.869143809462753 1.3074159075612513 -0.2712890415294038 0
-2.7110351501969125 2.982275300794689 -1.3581020572817701 0.2632581220574386 0
0.6119200775216791 -3.758942257087673 3.3504353666975195 -2.973251314921273 0
0.4049871653764834 -3.069371298894521 -1.0369273375148402 4.126581572406199 0
1.5908614713266438 -3.4337496160883116 0.41318474204665734 2.857089820351749 0
-0.4950354049193807 3.4918419074147913 -1.1450998546828695 3.5502434436296104 0
2.6754095699577913 -3.8881914456273625 -2.5228483872438434 -3.3222294045503515 0
4.147089808201003 1.4328485313841954 -2.2419102866289373 -3.4768155550090265 0
1.9689847490199117 2.192190886206869 -3.6682555520784397 0.8529950136626656 0
3.4896271669707324 -3.2944889918178633 1.7281756843035034 0.9017355077128769 0
2.492771225450222 3.0419236097579256 -0.22414031261576084 2.620698645863064 0
2.963742875175854 -4.23758703132172 0.5438335282256742 -1.6643654630678193 0
-0.9866295785107393 -0.564732070487632 2.9218881578252076 1.940758354414072 0
0.18571557160198637 -0.0641459325088427 -4.433184081683076 -2.751409829454007 0
-3.3261364601224286 4.35945177895025 -1.4701139694822447 -3.8142525821375486 0
-3.908679102737232 0.7135566996966298 -3.870978962667691 3.5422952269535557 0
0.7269734257805516 4.0890407900123185 -2.409344445288555 1.0669304083122473 0
-2.7230060023769225 -3.7500713943263544 -1.5632290210491409 -2.5858463136977856 0
3.454777959599135 -4.358734263441507 -0.5310682277466359 -4.319519672890879 0
2.6603518261817194 2.41371395485481 2.7182895463041503 -3.627896560996508 0
3.3483940735785342 3.7449907775059974 -2.3363301092281046 2.940387314097663 0
-2.0356812637399413 -2.372569862556605 -0.3163917721191438 -3.924387891675617 0
-1.7053214071915113 1.9407893302662662 -4.001771852685867 -1.2498843032463611 0
-3.7553805967193696 1.5793779870398386 -2.855036892049805 1.1548957567717533 0
3.226722019897744 1.7360719570485545 1.746585402450917 -4.447472879036434 0
2.5657532213753655 -1.3204687339744243 3.521195192779537 1.7315616326380447 0
-2.518271378606363 -2.29164848586225 4.053946119171125 0.3590614480240968 0
2.0467126401680784 -3.9228500438801195 1.2647686139597787 0.2878135866234792 0
-0.4163628425201381 -0.11090403478306476 -1.970176604357813 0.7929809367575597 0
1.2678734650004533 -3.5444803287299513 -3.256244662183072 -1.8224833716146294 0
0.6624894402093378 4.143112146216399 -2.130527508291896 2.779432180912121 0
0.14112522177785936 0.6284254130536215 4.481004061393042 -2.5592671901183692 0
4.392059954142837 2.9958384156215647 1.8122924835333203 4.458241350835411 0
-0.016706861064034406 -3.7786379592237305 4.020662074362092 3.1607707329271744 0
3.339422946584662 1.9177776808868194 0.6026066764606902 -2.1475377130815816 0
2.089008391811706 2.9125798831801375 -1.1752009991357992 -2.1971590089874726 0
2.204812900951257 -0.7824363471372807 3.7700426231278152 -1.1991010321291071 1
0.1323480048805431 3.118873456053452 -4.058344575796562 -0.6856488651695228 1
3.2297585116220686 -1.7054674745112766 -0.6353427173330132 3.5777957467204393 1
-3.42552245419302 0.18863533197450666 -3.1758413829406282 0.013699329506938751 1
-0.45944938532674406 3.5755854743862825 -0.4336121340051805 -2.19873787996662 1
-0.062078952721260294 0.04029766192432016 0.8881281877013468 0.9635260718511232 1
-1.2138871554863453 2.5470550898292665 -2.0930519139072805 -0.7214006765409041 1
4.0313071728770895 -3.3298648823362105 -0.8740867234301155 4.212781563291805 1
1.4500140617346364 -3.0264092235884905 -0.2814860176792404 -3.0594030632574487 1
-1.7195511203329685 4.199671388453225 3.543250836365827 -0.05618625112427955 1
-0.15430792801098336 0.3667270067486377 2.6013250870350015 0.873327873791136 1
1.9005582156193697 1.6868856965966883 -2.880594376385693 -3.9754931530483653 1
-4.167277671914657 3.4935350936027136 3.3713368103779056 -1.0865482541630218 1
-2.8027421277018156 2.538249822252402 -1.4441489277374018 -2.5206276552909075 1
1.2953350977492455 -0.1314091250829258 -2.735552766324585 -4.002662758911472 1
3.861404505892761 -2.0710672857435353 1.904470686103011 1.2423751959330593 1
2.82761087377171 1.7553786606370694 -2.8867609559360803 -0.8006198508351468 1
-2.3802192729502893 4.079724226569322 -0.9453557103440857 2.575589182012875 1
0.7689213768575344 0.7475982180781795 1.9724701969965255 -3.923826506937835 1
-3.0851141180944985 -0.672835823220726 -3.8132585000233425 3.8696740878080673 1
-2.3848027711088373 0.9045659395776264 0.10687876860732592 1.6368714749900213 1
-1.2545241974621661 -2.9801389648235075 0.9954062549886273 3.2142900994664863 1
-1.374781958844914 -2.5693468228280243 4.329930241589875 4.11569679960213 1
2.6507546369687325 2.6253838628680826 2.4198342869578653 -1.9829413403672653 1
-3.019136788220143 2.2532764366103613 2.1326033489186655 3.4804660687323743 1
-3.9969304303858797 -2.4077661695845185 -2.207358449139111 -4.341639100631182 1
1.3508678834538206 1.9641758753237795 1.355133979866542 -0.0588680022488125 1
-0.17955482849500903 -1.461467991083612 2.9778518171639616 1.8933163171465033 1
-0.9926433961044179 3.2291747446050305 2.1777188204678253 3.895193043125432 1
0.1024705001591969 3.3722101288424042 2.062549751926638 -2.5601540328287844 1
4.0179469873909675 3.92160340264341 -0.5997357216677937 3.5263202476566784 1
-0.06265861256607308 0.904664480020407 4.162356221709702 -4.326648119595062 1
-2.635469098738366 4.105694448406027 -0.8433176781875868 0.30247737461854496 1
4.381294132632125 2.964409590181077 -0.7214397316725988 3.079243571589693 1
0.34100513722621617 -3.7481614165258943 -2.911739947226381 -4.173750364635992 1
-1.6750125989826332 -3.5449789569337753 -2.586253876365495 -2.508658090004506 1
-2.655822187855169 -1.5703344331894793 -0.8723033119695978 -3.081522047035094 1
0.014480885296068391 3.404868784298227 -3.4405070254459633 1.5895835566383718 1
-2.150919509749839 0.27123095297572564 -0.04256529863449121 4.465947689248185 1
3.094763779051924 -3.2709196223584507 -0.43042778435833096 -3.080600240293594 1
-0.8979839073963041 0.616367579002176 2.795094302078671 2.618466356975469 1
-2.825629086959498 -4.376556600362718 3.418476736151131 3.813481170869844 1
0.8351015017286677 -4.358562911191663 0.5858586243236783 -2.0678021728464713 1
0.7739435121490938 -0.8220338881584778 -2.628292757368309 -2.5369557653103287 1
-2.4423845230916554 -2.791046359163506 -3.2661645004071476 3.8839228499714515 1
3.719726279682533 0.8119833469674099 2.2180247985799335 -2.2691761443660017 1
-2.9592508744701806 1.930270299665787 -3.0932227022201473 -3.677303466360202 1
-2.3539854702212706 3.7962462892445528 -1.65590863148702 -1.686969907552421 1
1.9914648007460567 1.5923068117890198 -0.9669246836710196 1.6895091868818533 1
4.381295007087442 0.3577067684774148 4.1477221968536595 -0.40288337249797734 1
-0.024236300497496588 3.583146402046107 3.5779392138287913 -1.2559658957381843 2
4.153741660957203 -4.480154158629088 3.7535328864287987 -0.6206061761243599 2
2.979916452037524 0.5153500600779165 3.526564873541578 2.2747088761970664 2
3.915150260652326 1.9659711734725538 4.433895196800131 1.4654060863304466 2
4.122763279760026 2.3323544117913704 -3.889015449110517 -1.6980677995298223 2
-2.1249519669870756 -3.278236209590923 0.851787436648046 4.3608355108174095 2
3.6143050120580456 0.14465923124989088 3.1510118771520954 2.147991234074465 2
3.1449283998948623 -4.002325582724488 -3.2338865425463945 -2.3372080063692064 2
-0.6304320186935957 -2.649896386434608 4.194522411980381 -0.06752759428002753 2
3.3353216929188108 1.746305924798879 4.215134945625533 -0.9511666631059282 2
-3.938137189519235 1.0328675507160252 1.9931700128046554 1.4661189209817547 2
3.053562837657986 -4.195959245028085 1.9852734133806673 0.9630179779771878 2
1.0135358931983474 3.8323538372360395 -1.366185875507421 0.8392025073643333 2
-3.1368528582985244 2.051427298179062 1.8086654363912387 -3.756936400117846 2
-3.1426138398850645 3.0595665614542478 -0.5599163572501603 2.3341843167282827 2
-2.8564401544521854 -0.9800695202118406 -0.38232864997698335 -2.600285527854058 2
-1.2581723090166141 -0.9185205330037554 -3.7678458455126385 2.0737067088429635 2
4.411951699459849 -2.711316746372806 -1.6617721850592089 3.570856312766052 2
-1.1767202084653752 2.424548021861995 -3.4515691310343177 0.5268451745957341 2
-0.4907658849950599 0.5064318448460373 2.632470695060222 -0.833073772190418 2
2.374206583369117 4.498050452846551 -3.0370654544754867 0.761513770322459 2
2.861325869606307 -0.5493767244529144 0.5523393770670731 -1.321172307987829 2
-1.4222105452415996 -1.475894815600499 0.8084171188093013 -3.7292698705585554 2
3.4151668059507414 2.2640454488199704 2.1057032392210724 -2.351669127901658 2
-3.805915890008822 0.2362016846949032 2.671474466912648 -3.8226217087722585 2
1.5576068043402787 -0.11141164629938127 -3.28830659740769 1.008086323195057 2
0.21566356366599926 3.2298033468109306 -3.4996808642369905 -1.2005151284409221 2
-1.4791619319329457 -3.283601114803713 -2.399824912471397 -3.6428674788762065 2
0.9872746206867702 1.4419796180241704 1.9718234054596504 -4.222228800985719 2
4.293288595075217 2.8999949145753243 -3.3688276271554476 2.958905741293877 2
2.5079149807417362 3.985670182266089 -0.3910652885001278 1.1835282385170474 2
-0.9115501430747586 -1.7798569886768076 -1.4486281681110684 -0.44800497792981864 2
1.7398548803923395 0.5346049363961729 3.378109537478058 -1.9543371458195835 2
0.14262047707331693 -2.495706915646668 2.831227515891281 -2.3248275518892125 2
1.3487393324800445 1.5963899071215577 -4.1665512558784705 1.8168509072598065 2
-1.0228686847855921 -2.147289892990494 1.2034088239030003 1.9382472120605787 2
4.488853052611957 -2.1202586698871726 2.4334263900091853 2.2770850769281834 2
-3.0172343332209053 2.5487816987535847 0.6611284717898053 1.7371189688883502 2
-0.1779127843340228 4.079862569475781 1.2773725596549061 2.3677894959102272 2
-1.2344570940445234 0.9273226086600899 -3.2050646175230857 1.4204544415105373 2
-4.414396652323463 2.413615686714113 -1.607676591924201 -2.570510739125444 2
4.192981465691608 1.6721839008766712 -0.8479247090768668 1.9908945946097079 2
3.0358284313343207 -3.5728021363463958 2.3222246253964824 -3.5517842495542027 2
2.5943555084170384 -0.624608053591302 -1.3140979411593319 -0.6347198455329623 2
-2.922678389660116 3.6033989990589386 2.7046267686798755 0.3863917312382591 2
1.4671745329356414 -2.5583762902488947 -2.6063190561170364 -0.7358153561750428 2
-2.0947869044933034 -3.1024067934510744 -1.381394895847873 0.11845069724396418 2
1.3777866594470332 1.8841579925311462 -3.283546841509822 1.3142814160722645 2
-3.9415255192570617 4.284262915946764 2.4470688955167983 -0.10973376746170904 2
-1.7842250529362067 1.411916479151809 -1.1888563242822785 4.435397101440685 2
2.6589896914183853 3.3758454971988567 4.448287705346771 0.6633546574192315 3
1.8535917289321984 1.4696129954161685 2.1527814928045848 0.7294907775680688 3
-0.1882547751549467 -1.2691942595771053 2.2446751926066306 -2.8381479558167784 3
4.089308776687511 0.9825345027504834 -3.008433904127111 -0.37208193492748376 3
3.212777972330709 3.4238417432078583 -2.6226832859578053 -0.976046521630525 3
-2.887148062063299 -2.5483709479730283 -1.4552894915622976 -2.9367575003605713 3
-4.181718451970845 -3.145603243246691 -1.1934062693401324 2.4600740340748803 3
-3.4615595259160674 3.6331633040716538 2.5264265018381953 1.9562808954686424 3
4.321102179512476 0.08920679555462785 -2.391546276636668 3.6673452085233134 3
-0.4821431492438908 1.6622839749825578 2.7248888913974167 -2.4165633986498576 3
-3.383458868691853 1.7897482121975434 -0.7531515303206472 3.5929449097113904 3
-0.5454369919617397 1.4020831725747016 0.4023168525750671 -2.40807108418666 3
2.6725534006981935 0.4355456711261403 3.174321534544209 -3.4415366426932534 3
-1.7527393212124975 -1.5371049194512003 -1.9128239791697879 3.7809166198811015 3
-2.6064353328323904 2.5871256005096246 1.82569985667166 -3.768194600432406 3
-0.8623598920816737 1.8887973966986005 -3.4114253434685273 -1.3952300946834937 3
-1.911464537080134 -1.9248713739842618 4.466411651180711 0.2940485654031436 3
-1.5001558996945037 0.0488337356601064 3.6545796604271623 -0.2212061231955459 3
3.796378367180897 1.9953448186463942 -2.3023905847258503 -1.6812985459546903 3
-2.0973987720676366 -4.1630434637551375 0.876018647805704 -0.018539943395044833 3
-0.5195283380693432 -1.8921592136391994 2.4522299547483404 3.9398046410415812 3
2.4468420948414966 -0.8946177191704003 -4.171955037282869 2.84483825685486 3
-2.8239620486766603 3.494848201714745 1.898779031879958 -1.9063187314088286 3
2.7840645159941872 -1.4206641987261164 -1.679101261771668 0.6673249431726614 3
-1.9107787101570635 1.0790322046367038 0.02461612555607673 3.7744708738210635 3
2.4409682211555594 1.8190074280131368 -1.85358375184556 2.3224008234962037 3
3.412396504557143 0.7902336912812038 4.4345581352364665 1.0421394966397992 3
-1.9581171655677014 0.9395795961242994 0.8063871496493236 3.1908113649086953 3
1.2991019176400802 -3.8363084668160456 1.2018444251763492 0.543353999835806 3
-3.6176891902481265 -0.7875271585477 2.4553195757765307 3.3157866560351925 3
-1.459771856021891 -1.3978654441214657 -0.47043509496361335 0.5326300676139916 3
-0.06104970259965392 -1.6533438756154335 -1.6853662254762813 1.4683000673407989 3
-2.7238488537043284 -0.5543085154876153 2.4882756137612843 -4.066307842951939 3
-2.7916521863697863 1.6761359634571755 -1.2544271687629218 1.0151736754432257 3
-0.9350294902801002 -1.2092345686753934 0.13776748117948112 -0.804729242142957 3
0.8575043662672529 -3.2329020160507818 2.7915128272674936 -4.451499790580347 3
1.3416511494267773 -3.4473190194446692 -0.4468322868279736 -2.768713767370733 3
2.8188908883713313 -0.23611567142254564 -2.115018326403238 -1.299412048434004 3
-3.8329435258235955 -0.5794247480377979 -3.3376317564650684 -2.8004379009205436 3
-0.03767962698128913 -0.665708641903998 0.3956802539517309 -2.1293161462698755 3
-3.5931134475348627 3.9342094278778745 1.3719848426272505 4.38832380745549 3
-0.42378085612714766 3.733021934701834 3.4448120090856915 2.019184388240253 3
4.349919376403044 -0.7386476586794835 3.356456501179533 -0.07151088134499783 3
4.058156767539721 -0.9471602506336259 1.7730042173879386 1.45752511004901 3
-0.8753201430928885 -3.6449325435735376 4.348828119911342 -2.985725476097775 3
2.9021822624451934 -1.7909746506371058 1.816919351505955 2.0518182093022097 3
0.8972914107645142 0.86413181693765 1.6056156234855874 -0.1628345714499252 3
-0.14804167628430098 -4.249335226766974 -3.779723144258753 0.8781574936608454 3
-1.833614879380056 3.6728023250333903 -0.4627710654086574 -2.1366429015646213 3
0.35048732432295904 -3.1855779263359407 1.0594115746137454 3.3840651151411283 3
-3.1355835460450336 -0.8522063335629825 -0.6247202039383981 -2.433391966016751 4
-3.314000767200491 2.763494368592118 1.6020804633173054 1.8754556938440614 4
-0.5522026273032764 -2.6823906216969107 -2.6999629835779877 -3.2483697770949114 4
-2.6191581890439033 -4.211896573543464 1.0669744173558806 1.7085143965100917 4
1.8137205369964358 1.8248712881355917 -0.11499285803468584 -0.030400932889534937 4
2.4529325328357867 4.014344018589156 1.4793506349829806 -2.68132613945314 4
-0.10799650318785725 4.061507966971697 1.4914629242493214 -3.3224403243284444 4
-2.5075121107482685 3.5795264987430624 -3.1096516445359925 -3.0592035934695185 4
-3.7780925909558665 -4.4796012011824855 -4.357525921877112 1.8717102344307945 4
-3.7151455178711643 0.28140941702026256 -4.458166086067948 -1.659272417405209 4
-1.6911320291903136 2.425670774812507 -1.0987954658238057 -4.045598790516451 4
-0.730765853918677 0.4775924606753458 -4.131090699930445 0.05876653527482956 4
-0.4628694249147124 -4.1475494342450405 -1.20517030671142 -0.9827357567722311 4
-2.1537437743788495 -4.041382794073736 -2.196440735050896 1.0659228694110574 4
-3.5750831238753493 3.0159570926384864 1.37899019941717 -1.6079456433515544 4
2.5175118263905176 2.2981360063281993 -1.0772009251037342 0.2687192049683763 4
3.1650439583682255 -2.028801237101702 -0.9659269054427586 -1.1582961968424685 4
-1.1746994637618728 3.6809507752966297 2.562159316602505 -0.8604006849891636 4
-4.421513939605862 -1.7343280820345957 2.0420071648016873 2.907616228796582 4
-2.0200331878172815 0.934671488313001 2.3014292670335275 3.417196316988141 4
2.833621720683901 -2.3396871441928564 -1.5281817970055758 2.3141344247754945 4
4.048958490239872 -1.5117879359481825 1.508437967987058 1.8459533616752442 4
-0.03916678603637758 -3.785196227701483 -2.056232455172397 0.14134512561048174 4
-1.6289329628072355 -1.240043567534551 1.7915458326233864 0.8733282223155153 4
1.6773234872877718 -1.6855729212909205 2.4290985059172705 -4.087785024318933 4
2.862597990652979 -2.607676809572591 2.8501644370885284 1.3711196888090718 4
-0.8120942708805796 -2.3570780200859094 0.10157569340125039 0.39453192939505644 4
0.20433781556184638 3.879215572454213 2.666857596476253 -1.7951914957043114 4
4.396728973805355 4.104895078551665 -0.7961326637407088 -3.0628847059780377 4
-1.0399980479655935 0.07031596999856649 -0.7257065546107901 -3.0646414311451466 4
0.07443504788110711 0.7115501814917818 3.2933000530848577 -1.9241839500345972 4
-0.416946020536466 -2.393429938668833 -3.380581075407065 -3.6641516748661256 4
1.209231865806914 -3.2460174027351023 -1.7278698817599278 -0.2609642332191142 4
0.9170475471326214 -3.246874944901198 4.466728716955069 1.3206060307076948 4
-3.603067629843614 1.804885739303609 0.6215260418350552 -0.45780840636409437 4
-0.22930563722739528 4.116979328514644 -3.837031762574248 -3.1842233043401187 4
-0.6123616481221846 -3.991372766053954 1.8404477460516189 2.4509200542120793 4
-4.347350625641943 -1.032993475785742 -1.1504598650036457 0.43426065777292633 4
-4.376644292755527 0.2648724921004466 -3.340685748837586 -2.940555425100705 4
0.48530718632808145 3.1887663335712633 2.6544411457563766 -1.9386425994401917 4
1.7571203885315594 1.3978820794105749 2.570560883229965 0.22699727465957997 4
4.137209332023579 -3.087369928817463 -3.9202799323624227 0.36818655674157663 4
3.663787125081708 0.2438478404869584 -2.9650731743080936 0.13641707239640788 4
-4.275942710575564 -0.7311743851805965 -0.02748750889543161 0.07446043320454643 4
1.2345338268529986 2.331441415770157 -2.2134763145859986 -2.3352503714285557 4
-3.5909161396148632 4.376940183897606 -0.17121336234825435 1.677480667083289 4
-3.991034780870978 0.6156129937165619 -3.70597811908426 1.1155334437912252 4
3.1374682338276543 2.352625736235636 -2.2397260054196813 2.062889255836869 4
1.4986408063876135 -4.16762511184422 2.8881870207214653 -1.85272949847577 4
3.281471499482975 -4.305689401564454 2.167603218405414 0.2617385716740396 4
-4.379470378018128 2.859515116088622 3.3230144122085745 1.5772032481643032 5
-2.2406737577829428 0.3666104812537955 0.18332512539861046 3.9459652819287787 5
0.7619489438517688 1.7581545900100202 -2.836266786852036 0.8667661045024274 5
0.649106597367593 -0.9278390555474562 -2.2648104718562383 -4.057572900478655 5
-2.303342878591498 2.512529229431891 2.1586559524493913 2.707912725284678 5
-0.0026240021022198023 -3.407938242679722 3.9788312103894388 4.02806980205259 5
1.6274592565136938 -3.4838459925199476 0.16772065373092504 1.5838970117258278 5
-1.0280512567104951 1.0673882236758245 2.169492291635396 -4.127479223295818 5
2.3180531428404 -0.043632930335915976 -2.1663357714885496 -2.7564407625678005 5
0.29727853596441633 1.5861364722427123 -1.3411401805594145 3.47414531031061 5
2.7092650212275937 -2.6127714834698477 -2.5489149899479724 0.12198362361261372 5
-2.1752717941115685 -2.1520587186589495 -2.347053439446144 -2.63395966902724 5
0.4504805269280677 2.9063585157571987 -0.8110162210449116 -3.035064856458779 5
-2.8141004517795802 1.4411030838794583 4.053524500488341 -0.9981642077924688 5
-3.281579162849052 -2.4894594497800395 -1.401041659735224 -2.032803544525498 5
1.4852923819645518 -3.0924069797467357 0.9186354486017467 -4.393897141464855 5
-3.5773565532634324 0.6738990256830013 0.21777487919223804 -3.840798154035233 5
-1.3268970824020725 3.094946211573872 4.437070570739773 0.3150299078331943 5
-1.1126206757791484 -2.52232726346607 1.8878638845120836 -4.060606219387172 5
-0.12219789404334314 4.479071782020887 -3.4756672581491515 -4.075325250926164 5
-4.33642447840402 -3.8431036349427607 2.5481306454109625 1.2645266120263692 5
3.3788624026533847 -1.6047418500576245 2.804204202990482 1.1293479919011804 5
-2.156937071983028 0.5386257749993671 1.9834655313734098 0.011441138070483858 5
0.22372934959231017 -0.08277451004176273 -0.12333529126436626 -3.0711686829009053 5
-0.7352453193452658 0.8512490895095671 -2.0861860924965283 1.2045208629776738 5
-0.3323549000686489 1.0673784112674647 0.2975883594720806 -0.8619443454322543 5
-2.4440643144587044 -3.2996357546562836 3.090978243607734 -3.856070768201411 5
2.1805033374935636 0.35007282507538284 1.2569298918772303 0.8036525297766183 5
0.9771403583292139 1.0054707989466931 0.31318625497633323 0.6506436478872072 5
2.214379481373324 3.113415228422423 -0.759000133998033 -4.2791579912452145 5
-3.8474041129526997 -0.6179095949628425 -1.885652496379811 2.218548231126467 5
-0.24445975581067303 1.1860596463284103 -3.1334612788833125 -2.2634939544958224 5
0.9963946041021463 -1.2703591797153149 -3.6541670627453837 0.09059006662864355 5
-1.5611891450154456 -4.223459039286492 2.836527517899766 -0.872316002109084 5
-1.3566228757456762 -4.301788606170786 -4.242341908368476 -1.645269564341321 5
2.0944150359562776 -3.085910712834579 1.0868716555267608 2.399434387418688 5
-2.374997039442833 0.6057301849394542 1.7501121557506725 1.8269156322862603 5
4.1807919421651185 0.09914196281595378 0.6283805654775217 1.6998069135483473 5
1.452295507848557 -2.404382136567744 1.4046818668509746 -1.774982598937298 5
2.6639020005138163 3.6248713155544907 -0.06220625734024077 -4.196641400059969 5
1.1317380129312635 2.902731301148972 -2.6624169615945137 -1.6475881324948418 5
-3.376091458728705 3.291060382036699 -2.220034784299571 2.7021036076590046 5
-2.1979576567106562 -2.0212426285219394 0.49659720675696806 0.44146817797443505 5
-1.029789990189999 3.49019590059867 -3.821567003227393 -3.5443068793675208 5
-1.2364792526177268 -4.47901651542429 2.745985193852133 -3.1403960823258097 5
-4.151536804074621 -0.5326532431726667 -1.6096290281746093 0.2982344857844602 5
-1.392700301076446 3.815225281594508 2.644406690585071 1.0860440111336218 5
1.5608529434575373 -3.580694320927729 -0.0754052390658565 3.36574875837449 5
0.78096661586766 0.14024724612896333 -2.9554408181294654 -2.1362752554214044 5
1.68866833278304 -1.704696766153718 0.6173414668172632 -4.312259094848887 5
0.17775231544513004 -4.0555076782575545 -0.6898213757801056 -2.791053924076617 6
1.1377974629340706 3.558079591128187 -1.6861210047207975 -0.6490889752582673 6
0.7743629756374035 2.5339804110868984 3.2453947338311524 3.2314419924891116 6
-1.3714642439730549 -4.223931894251732 3.043999152760752 0.08567822938970038 6
3.08052209569623 -3.976632490294596 2.8674653876485756 3.2928477039233064 6
3.095306928733801 -3.802609922193862 4.438810524581623 -1.9204133448936163 6
-3.309903086199378 3.8076786029491627 1.8885009851683399 -4.0317060930756625 6
-0.07029715636823985 -0.249648142118729 2.409215290339802 -2.0552245329668786 6
3.059821238632299 1.6240456433392048 1.7636876822678365 0.3682028925028933 6
2.668375532035631 2.6877607155576144 -0.2474514685641297 -0.4876040694976408 6
1.2234949727473965 -0.21087364348523907 -2.846845637529764 -4.476152347607676 6
0.12454250410930345 -1.01015014174592 -1.5069245706062495 -1.928990416181016 6
0.6374388105838178 -2.6764863490396933 3.2570124337265876 -3.952237049864133 6
4.093334363694738 -2.0816212986816165 2.406690111394095 2.5187052189267134 6
-2.004730613527045 2.631393739651739 -4.1616911039380895 0.5580214918231067 6
-1.3718495511321476 -1.4763982804222988 -2.9257366150372284 -2.828253801568022 6
-4.139636398023142 3.6730359393795524 3.9344242910473675 -3.599008770168437 6
-1.8414803895607181 -0.4355321206050611 1.7140975640340395 -2.737710368625177 6
-0.3655753497553945 2.2270513127988103 0.5329270713385048 1.0613107782102806 6
-3.8637173181061675 2.4557649273509603 0.05880319546146895 2.263773957848794 6
-0.8091523245530372 2.173272222891333 -0.7329589455254479 -2.9427051453577104 6
0.714858414875903 3.8430601384285774 -3.3555100532134228 -1.0945918014411269 6
-4.05044019124016 0.9137906806191782 -1.5178456428630125 3.756976902961309 6
-0.24885841413655208 2.095376655142496 -3.6836124439554223 3.6251235539474993 6
3.2600904341161088 2.437962514334524 2.323449402370304 -2.888145693608137 6
-3.804793729939704 -0.8369561846550845 1.0145859034932792 -3.205674336936183 6
0.03866480016009888 -1.8290824413828672 2.621149470852184 1.900261420135644 6
-0.6937029120444588 -3.2052361805478586 -3.9109445091895156 3.3501549423074644 6
2.3004688326526033 1.6960450466065358 1.0812551272504953 0.7700215110027265 6
-1.240320228539959 4.291429268794728 3.9549673269104817 -2.008269283860912 6
2.205956627792701 2.8459704594925275 2.1378173940525267 -3.7577891801380043 6
-1.5609801408458983 -4.4399255874027 2.419804630403234 0.7381775249758752 6
-1.1589724329320386 1.9321517248307152 -0.778459594064171 2.3625764345317792 6
-1.8044673331681764 3.064868180073541 2.275777333712515 -1.8246923844671241 6
-1.273835912164269 2.5579598652482325 -0.7022479437284512 -2.8271419080892426 6
1.6031201251794744 -2.233767179121178 0.36426743401586315 1.3824092481758896 6
1.6495636533013907 1.9394424433643027 0.526931571544873 -4.055281391841847 6
4.145800943756839 3.2741445978139843 -4.4325692389403315 -3.984345680607107 6
2.8548390165205118 -2.400081040032757 3.2306728418746395 -3.1873929774775744 6
0.8012369405050179 2.1163580735711034 3.658111067759071 -0.8234320655720861 6
3.8199840363566193 1.8820779359226258 4.110007318259506 3.6649968971525673 6
2.1781047130493145 1.1535537440005368 -1.70655096875022 -1.5346145554162258 6
-1.2459743627003532 2.764737470655377 3.6296976518594968 -3.875338483195663 6
0.6379115169515588 -1.3371345025903654 -2.4820686424449194 1.035595661920751 6
-0.5963034356498003 -2.6086419742151836 1.1627229238561156 -0.35479227152161696 6
1.224963203865943 -1.3380716198868317 -3.5828604754823474 -1.5174044383209015 6
-1.4375679041968543 -2.6214171535066293 -4.451534674333274 -3.8657650670675014 6
2.3326480343708713 2.5167533588834745 -1.4007677230016342 -2.7278669081703706 6
-1.0534226801186288 -1.013502125574915 -2.3499184649117235 -2.6979669122998944 6
3.1937423383347356 3.884230459931043 -3.3667468033544834 3.295348707802034 6
1.967294235236388 1.1321737580499103 -1.4391120146248415 3.3882289411283364 7
2.2889255989901858 2.7736257766574695 3.745754954167719 -3.141060756233407 7
1.2594797470056383 -0.5862291492715569 -1.3140028372434083 -2.0119250479796684 7
1.5721569900861636 -1.4625083456868015 2.9808598147576704 -4.372170631447486 7
-3.004250733481439 -2.301904164218519 -4.182513548865568 -3.7392891318975563 7
-3.9888798961511265 -0.2201217320547828 3.3205918759498307 1.0346572104641034 7
3.270486013993338 0.09040249932922029 1.9889489306440797 -2.6988628800474355 7
1.741015601949549 3.312290681535264 2.187280060217191 1.308804103516076 7
4.390348047578647 2.774461981968616 -0.6986547711636318 -4.4689697640966495 7
3.690695806596801 4.0650419104748705 -3.4631420312607903 -2.55337433370039 7
4.151210943982899 -1.1286913726280545 -4.231493252024311 -3.8792697861584706 7
-0.5765002991922668 0.6253847975888714 -3.6247582619523486 4.461582390750703 7
-0.3357613600995034 4.000585321630347 -2.5816360353045162 0.7759932724653344 7
3.0295349724955343 -4.380606082924573 -3.338261586980538 -4.03900113620162 7
-0.5294522507161817 0.23439163635055382 3.435012128100928 1.3011169414563835 7
1.3609962188881317 4.260263728112241 2.1758832597484004 -1.1770746369959906 7
0.25787693815313273 -2.4673255125111346 1.2868843697553958 -1.3639527631062016 7
2.407079702402794 -3.645175592896936 -4.270468137031766 -4.391473252870277 7
-2.8904626125428043 1.5243336372821177 -2.321937114604741 -0.6325904619405843 7
2.9036389874768345 -3.025528766136791 -2.11249095404178 -2.100770884920289 7
-2.878907031651673 -4.471641291380079 2.7054266524980095 3.828638601295328 7
0.21473193564778092 0.5060369465661301 -2.1891762463910878 2.041295883411265 7
1.7386196629433477 -0.8333669665724508 -3.161187502151886 1.1579813438223345 7
-4.399693141018446 0.06227699113993623 1.2157606791583686 3.784364304429373 7
4.320283119927347 -0.19999361976504793 0.08122580806983859 1.9932607151941166 7
-1.8338771419280206 0.6490300189032433 1.2527846416569655 1.7011864665767458 7
3.078867418520937 0.7984318012432824 0.5739241026338195 2.179893363114935 7
3.090516339016995 -0.8140412926006857 -3.067880598567298 -2.461737322797969 7
-3.5718167618448033 0.5146260615101639 4.456316349900396 3.5736617581429977 7
-0.9695173139481047 2.2869227655150652 1.4456718252386058 4.389284859011691 7
4.328416062156173 4.371367364009109 -3.415641251698548 4.463465846809879 7
3.6777796709621713 -1.7013761803265754 2.349451100442959 -2.0057324146278313 7
2.9466594734207763 2.7511685253901006 -1.6130312967159204 -0.8791980024665358 7
0.15003391640401775 2.320515873782469 -2.426559553329649 -3.2535828643158293 7
-0.5558096740860563 -3.170410430430453 1.683022867717684 -1.1321383319223628 7
-3.482977577687969 -1.4419238388802906 -1.1361961109224155 -1.3232861602765429 7
-0.5399818172270462 -4.155707345876626 0.40336935774843374 -1.0444878503986872 7
-0.8472783715544617 0.8929249779902784 -0.6716864871989089 0.9847650675440789 7
1.9625657225857087 -1.7313594695091954 2.782783507466588 -1.2974708563754582 7
0.3954798278034579 0.536286670646782 -2.225870602557198 3.2656856028172854 7
1.0146517092155047 1.0377215305697955 -0.22600653997405706 -0.024564805851557736 7
-0.03570673828378601 3.036791117973978 0.14999175793686448 0.8592524504141003 7
-3.4885135110992516 0.45403874342183637 1.5914912754983714 3.472263998512261 7
0.35788340093113813 -4.025445698495055 -0.9472481021071667 1.566332641446698 7
-3.311487058401146 -2.780451742621106 -2.5351689093396867 3.609945479633748 7
-3.966523494353485 4.005521440855391 1.276543407392007 -0.33667548422640836 7
1.283527007691955 -1.2547448287499106 2.9466715105676218 -2.3674794546181497 7
1.7659185590157362 -0.7913040031262616 4.2169253576221095 1.9513895007282742 7
1.9433733407435994 -0.6989025233845046 -3.2727491450220323 3.9505786206399174 7
3.390584224368666 3.0022044522123825 0.9374858920251883 1.9741951903260135 7
-0.5159160608203341 0.12368097737485495 -2.535055324953695 3.8347500839058006 8
-2.776328824991896 -1.723561508469357 4.211669152197839 2.580183130639004 8
0.5516718065338725 2.9938684597826732 -3.0304187734227073 2.172275323156494 8
4.483451359379654 -0.02188513204189091 1.0315372970260994 3.291389478135492 8
-3.8992125209189448 4.261198529538816 -0.39418895064480775 4.136884532344777 8
1.4691589351289922 -3.6394739174323556 4.488333685695812 -0.8902954245890301 8
-1.3961816200923791 -2.236663735477288 1.9887462105048885 4.307611000168142 8
-1.0616841916904005 2.566581883480806 2.732893306237306 -1.2420441516943646 8
0.5612312913588305 -1.5947641235559296 2.5997551278464197 0.6708868859255364 8
-2.3175851504229295 0.32932914033622807 -0.4770575215181121 3.9462452492608073 8
0.14957503635831704 -4.406944125189924 4.012990436113786 3.802848493901867 8
0.22404828271274957 -1.4274927873490029 -1.6325534880549997 2.8137308298050177 8
-4.210382976973004 -3.279005734876645 0.35344284105254054 2.0804043292087875 8
0.09449685352899684 -1.532194233562595 4.257140941930309 0.46408354769157123 8
4.063699451380327 -2.3821048955674304 -0.5921199199149286 2.142169536388104 8
3.3935084347622038 0.7372380726246963 -0.4996661240712361 1.458432125880308 8
2.5923667796023673 0.9433522791867963 0.2548395699706617 -3.7320603935540664 8
3.159372955689645 2.551311660722619 0.4061612812244605 -3.4436654451897883 8
4.251488012863661 3.58435681071686 -4.429423543068155 1.1524399004536976 8
-4.373062968764572 1.3421362946782653 2.9221762555868844 2.448072382475796 8
2.9899964971047197 2.6511349326998865 1.3432778965428767 -0.8529002349407329 8
1.182706689735559 2.53439818574002 -1.525492243406904 -4.491854763710177 8
3.639170059018745 -4.324675659099896 2.074504055386579 3.328191568348414 8
4.354653351583518 -3.8524906198422384 2.706070495301555 -0.17807315889628306 8
4.446270531642916 -2.9916649466639242 -4.350572804410827 -0.3035141850029641 8
0.3229173745577476 4.475550899191401 -2.1941833003094358 -1.925307779004119 8
0.5701386523512845 -2.516797495532698 -3.0335481804244573 2.465723853565442 8
-0.7897375908566501 0.5595474598024074 0.6970102746123198 1.9712930008373704 8
-1.8455779493460098 -4.209024652380012 3.6240997160498596 -3.872866489329696 8
-0.37430959693667143 3.284397089682247 -2.3599610299398366 -2.7906315070535754 8
3.2513936938400314 -2.287468502803053 2.642510609893865 2.3819580012263617 8
0.02929391063526765 0.06383786688388382 4.014861482230283 0.0014882134141754877 8
-0.5069858754533508 -4.470111962645616 -0.3074441361582936 -3.4472325374714528 8
0.00030439171209895033 -0.3987188854722161 1.2576872035175435 -1.7040636051359832 8
-0.8404756341769135 0.6613025393529817 2.63436588495786 -0.5869485937338178 8
2.5017359981357457 2.2531828025220384 -4.398473437657403 -1.0643836472905392 8
-0.9181005117887309 0.49207848964520706 -2.573041698665978 -1.3447808026438464 8
0.09660612645127864 2.0598835403864126 -2.4326131722978457 3.4408604114481514 8
-4.151015903908091 3.729060841961123 1.9654671885697539 1.4635041827261648 8
-4.020198595976323 1.1811419766447568 2.3536283974648207 -0.4433850726511901 8
2.9027163273598644 -0.4910969426500047 -0.3234049470167716 1.7616728816851648 8
-1.7877287774678277 -0.268348118513279 -3.517901554926701 -1.3101756552364172 8
-1.483990665403564 -0.37950404307864605 -1.3166408661609004 -2.6255564806269525 8
3.715632940864885 1.491053223142528 -4.128798841006942 -2.204327628706725 8
-0.9407498312116707 -1.6392350306284014 1.2379579215616852 4.067857495053567 8
-0.6303932502130258 -4.482174374720167 0.03699691028670338 2.527554526458678 8
4.113868849108908 1.0449504213367797 -1.125061334421114 3.429556979554847 8
-2.0477492097060814 0.5484825008613541 -3.315219167658733 2.149769248607856 8
-0.10465437998286353 -1.9363837569324138 -1.018371912745482 -0.4431632892600339 8
-1.9956292212068014 0.6197114899065802 -2.388211136190619 -1.016376310679241 8
-2.1857968749786654 -1.6937006090931734 0.32083583763441037 1.7479926269974182 9
-4.254416404353936 -0.5590061739993698 2.0547962136609836 -1.5911300814158462 9
3.0782759353040747 2.4953698393302313 4.442284856854776 -1.395159384009368 9
0.7669648125931555 2.8500759864592426 -0.025381183633760407 1.2407150233628372 9
-4.473598386374488 2.565345342132421 2.6845544726686024 -2.1042860782129766 9
3.9260470005455352 0.03238270389766007 4.4376374500907385 4.351361200438847 9
0.4735982135607726 -4.395423969905112 0.39042265372258245 1.8872456946558624 9
-2.3492184674738503 1.24669185047 -4.1118814785844435 4.302874308328143 9
1.1683207774572755 1.2925881710312952 -4.284659579832944 0.8297024174067347 9
1.0029973144529745 -2.345327636401631 3.5602849929494624 -4.288651914455455 9
-3.269607351044626 -2.3758165455572593 2.434444675542767 3.121881455317279 9
-1.9710461453655106 -0.45993122396713115 -4.138417896204292 -0.16291384994321834 9
2.101829357114531 1.3036087855776572 -1.4577101231527614 2.235647684416171 9
-3.693400158668482 -0.46419968177100535 -4.34132330594966 3.6229296629360146 9
-4.241776635661493 2.4800440464312454 3.6877396966874145 0.4779829727941737 9
-0.1845063488241091 -3.363670287577973 -3.138949355508915 -3.7814664880276903 9
-2.890593279927127 0.8170859395928617 2.5589332235071796 -2.126615749221261 9
-4.059791372608881 -3.3507932417493693 -4.414270856218668 3.287707299891452 9
-2.6850194937945457 0.28623354931186806 0.9523185880021882 3.2370710731239485 9
-2.7203896645187164 -0.7736009511393084 -3.381001509829274 1.5926419855988003 9
-0.30063466967788244 -0.7776897088325577 -2.4099171807184763 0.26440793284905517 9
0.8936170984990914 2.49937202439308 -0.15480334977559784 -4.322468229290572 9
1.0099803164655605 2.482541500833793 2.847016899863693 -0.9252885762560559 9
-2.655065439172689 1.7828775808972852 0.5936997826535897 3.329813062440174 9
-4.011591429501341 -3.22788717677953 -0.9790149215005599 0.9762970629630774 9
-3.9868235719481495 -3.420472918960768 2.1514272186157277 -3.168381378090576 9
-1.3774384329751652 1.8755583530513746 -2.7169121561818406 0.4961757893850375 9
0.9494547205530735 0.6010927179094875 -0.24362869829708889 2.981609089106576 9
-2.1079234875062203 2.0396297087116833 1.6021408732917413 -4.04402049780834 9
-4.024484519455985 -3.779099461186235 3.933064483884076 -4.446432134628581 9
-1.3254652836683871 4.471203745922912 -0.28884706515408454 2.3513731300075227 9
-1.7410810264444168 2.662823299095046 -1.7291880793485614 -1.952575520099972 9
0.8693134495019257 2.053233888508471 -0.195019980687558 3.3208728526798765 9
-4.084802544337144 -1.8274970922710383 -2.194150465882838 1.74323565981503 9
0.27940770514394075 -4.347221584274044 -0.3095290285703697 -3.704761848346836 9
-2.5371905829660326 -0.48461995668180635 -0.7572021927153538 -0.48790450446154265 9
0.257962757284551 -0.4487415818554068 3.9567286258961105 2.815555896901631 9
0.9196015432747183 3.2147811928098955 2.0701556115958977 2.1581842803205 9
-0.46195381282352066 0.0629226804216042 -4.372290232600671 -0.19016953363809275 9
-4.133321062751238 1.8335988127267373 1.584861943301095 1.1787694531851622 9
1.1171326086796527 -2.826901873173 1.6990048789521277 1.0314146972109217 9
-1.451907505556071 -3.148265837614334 3.037806660576063 -2.6975058547527317 9
-3.470576700161831 -3.322442442241143 -1.1302320591027566 -0.5440820293519197 9
2.493509625790812 -4.409695021540189 2.3246923697818787 4.175112670759677 9
2.8859278920775657 4.054802032661033 1.6423849371317885 -3.5716349293034306 9
0.6273909248411331 2.290539747782642 1.3225190347164908 3.8374553745486564 9
2.4068401100028254 -3.8344132333521843 -3.5876207921000116 0.669468916788252 9
2.557618787739446 -3.577552306032751 -0.26217264543973917 -0.6621251747081391 9
-2.6112096223329564 -2.8869989654359998 1.8691908995425908 1.7652894741423146 9
-2.776645471728676 -1.573221890255478 1.8685151734122534 -1.5218687633022 9
