500 50
1.3533681756563252 0.04908036361358603 2.096403823564765 0.7274292198057172 0
3.4074132382939677 -2.86343797165619 0.5133507750247551 1.6427143847651993 0
3.1700976180713742 2.2512265749540963 -3.6678418900174874 -2.2355898740164317 0
1.4949150073679036 4.39105903448366 1.054385614884663 1.4713879057624537 0
-2.1872841965655287 -4.245246672547517 -1.5052348414091496 -1.255463467938407 0
1.221472039149015 3.125811487379636 1.4511282984173595 -2.2655630570356036 0
2.1255716260440964 -4.312735992688586 -4.147068072076854 -0.9153097355319297 0
-3.495571824014705 -1.8204863232972617 1.8666179310615179 -0.5797657076711269 0
1.6827317220585933 3.254634504014816 0.7230890155447166 1.047907592085191 0
-2.712290767345972 1.4147012754938029 4.1755085743525395 1.090966029242649 0
1.796900660928856 -1.3284677811793837 -0.3080745536132893 -1.977857173863453 0
2.609644930427759 2.826431443053436 -1.0394627477335618 -1.961055408470491 0
-2.7232084394808025 4.045097647763842 -3.734589662933545 4.416694626671181 0
-0.21059652613106428 1.4994031318340757 -1.5591930040810307 1.3030479833496678 0
-2.598191664737398 2.767736914645307 1.4263306140934269 2.8720121139140797 0
-1.6228249149831075 -1.854576227683904 -2.389172731832139 -0.6348906723109136 0
-1.7827364011477902 2.9510046163057546 0.6017669046271444 0.9680960747683646 0
0.4728031996699129 -2.7749033556060674 -0.11797304880989201 3.7496108442628255 0
1.9283106662697642 1.2588332149887786 -3.4859887744606017 3.1607949630832977 0
0.2988344821196217 0.6527512202669212 -1.5084497831765449 -3.4093264731497683 0
-4.389007162653714 1.7571418047401868 -3.469517954086756 0.7872180749426049 0
0.31193289333447416 -3.7877875444492566 -1.28005206368924 -2.273444536005162 0
-4.377262484302674 -1.9993226395794563 4.354201646290754 1.6163612270446575 0
4.47646754231682 -2.469594258420922 2.6455279048318543 -3.2159334488403486 0
-3.5548618210557796 -4.353292991482257 1.453667033446446 -0.9789450260035647 0
-1.42535292932483 2.7737825286612443 1.5136213779636911 3.2650426337085445 0
-2.5441233938889 3.9114447107760695 -3.0202604085167466 3.8586425419572357 0
4.396480884395324 -4.4008497463140905 1.126688955970732 -2.03664994055016 0
2.56412478526562 1.6682725693116993 -1.3436922425928124 -1.1222124442473642 0
0.14079588894933526 -2.077981464786652 0.8414896102312799 -0.16118039624344982 0
1.4830332371451762 2.4941200751669452 -4.005959909813718 -2.860596680723497 0
-0.2190086524223075 4.390076176974168 2.620770169490042 3.2662890041088746 0
-0.033791491012266195 1.5436987896176588 0.7320079786866697 2.092053097343467 0
-0.6276664677017944 -2.1512003151376833 -0.39504274145587137 -3.501788245771318 0
3.997767257571537 1.6841817061465703 -1.0099116763128668 4.482607221544755 0
1.4368985605086437 -4.181680026537329 0.7842909987894633 -2.3163182919534844 0
3.655788875852283 -0.7312921064421244 -2.355575395552062 3.317045091007024 0
-0.21650854254952223 -3.2792965358594524 1.0011182783236015 0.9410845599440035 0
-1.2398142486886847 -1.5645268716177725 -4.26460458559594 1.164233704731402 0
-3.1678394363293574 2.66297133811669 -0.43685542006554157 -4.189410054924857 0
0.2091790208261115 3.5475688146192708 -4.386127650766748 2.488734172948382 0
2.649741544533736 1.1641782052772474 -1.7164133293331367 4.046035201730137 0
-3.895857124656976 2.5854301181509514 1.7728602410547007 0.14935541252942786 0
-1.0896657657951856 -0.2643985195157923 -0.0588236240978075 -0.2340480697468752 0
-3.788093943973831 -3.1192519125502285 4.335535195190731 0.7012634823747923 0
-1.1053422798433683 -1.3387191913889172 -1.94745499613866 -3.898815390815816 0
-4.072454144435508 -2.364073323113761 1.4926000561639776 -2.3347009982801907 0
-2.731995476803626 -1.021944198762697 -3.6283633678341958 -4.441378984553345 0
3.0041171985775765 2.4745165191037697 -4.272133122589903 -4.441877113981277 0
2.73180812723714 -2.776654906203662 2.96073558813167 4.209371998578702 0
1.4285482053172038 0.3281858234534911 -0.7857863879325628 -2.9428743278358613 1
-0.21576172350445777 1.3265145133065008 2.2796349510260874 1.3967902667991656 1
-0.10558601784835486 0.3541058917748686 1.1365441228477238 0.13435242797342917 1
3.772015559641331 -0.39999335120446344 0.06766518205681427 -2.1730705957040857 1
1.2306822515359706 0.930236975298223 1.0929928864634673 1.5613989443143084 1
-2.192820711793668 2.3326079754327846 -1.96450979252007 4.363487379485583 1
0.369765356344781 -1.877013001536258 3.7881758931533454 0.05541498604417683 1
3.303839086302414 -4.395157808239295 2.091431670967274 2.770771603148817 1
-1.8613117133587873 4.399947649253525 -2.8952474098682086 0.7295619838854283 1
-0.13271371774454133 0.7561833792838236 -3.079836275822814 -0.6062681292404197 1
-4.336523493065551 3.5154306694668636 -0.08131738373606168 3.1228554872784224 1
-3.408124021236808 1.225239666570621 1.3223636895211666 0.5945951579686596 1
3.4753906408384294 -3.143466526362879 -0.005059636845893389 1.7150203985763395 1
-0.9474561523144148 0.4402986755220135 -3.298127896871491 -3.684185967557977 1
-0.24774678598533295 2.2172040056891635 -2.169308594960627 3.157761700357688 1
0.697569142203162 0.35223375592590267 1.607386444745406 -2.234737732615563 1
-0.7630480183445701 -2.1285691529663695 2.864585606010694 1.747828834191263 1
-4.135806144628453 2.8438891419292003 -0.9652844149288723 -2.9114006203301415 1
1.434426291054539 -2.3142875722173457 -1.6742742623889222 0.7663661200473625 1
1.4807481565915577 2.419933648651649 -0.6661087520291666 1.2707564177393764 1
0.26800677942895634 3.1131599198778424 -2.781097005567614 3.71038784885457 1
-1.5623028929504283 -3.1613275195449817 3.4880780587312805 0.8169503492713411 1
2.5517187157779406 3.4355921047072826 -2.4939716151844706 1.7315755653088898 1
2.8745158566778453 -0.0063269990043245405 1.257026517046775 4.02658715330055 1
-0.6082778815408401 -1.54952324815142 0.39435391154998045 4.468908104945948 1
0.27634661325595267 4.222752967099978 -0.5375284391716157 0.4895443502257173 1
3.872052885042299 3.3580881532885853 -3.0803597190788956 1.1458101384991526 1
-1.443490548803108 2.8189560454889566 -4.331907358325318 3.9772889278862182 1
-1.080164989739964 -4.43057699414399 2.372730235080069 4.337903341023636 1
-3.4753603634920056 1.7263771063688913 -3.7515452861247547 -3.435631885608084 1
2.170000668967577 -0.9672708413243051 2.1877370447722635 -3.1129397532186114 1
-1.8495131039822144 1.289124928475121 3.4814389604904363 -1.8322894204367088 1
3.6293781233940763 2.3950676823480768 0.5630347663807336 -4.426994597440139 1
4.458445523560137 4.341957464228515 2.4034651419344084 0.7709983386953362 1
3.3758525457771276 4.009826331376081 -0.9230337362134025 -2.189251267134751 1
1.8537917647612985 3.180911395274652 -0.3864530667537387 -2.004703037023955 1
-1.4896214646268056 0.14549824401340083 -0.9527846377234911 -2.591581239682772 1
-1.067668191675594 3.3359880854544053 -1.842812658537928 1.3685494644751284 1
-1.9540245191852015 4.490675263952463 -0.20804122865072017 -2.6996907123322478 1
1.577673917580373 3.9417203313668647 2.8765261422196335 1.3926740099432144 1
1.8030108972627406 0.5674043123312692 -4.196121603388022 3.592318336076728 1
1.0717897836417898 -4.131449213014062 1.6195909004484066 -0.36327353430986353 1
2.6784547998512385 0.3361015818048867 -4.112065710267316 -1.7541965174678726 1
-1.6548158663690142 1.0458716634906273 2.9149534455477397 -1.042188349501753 1
4.472614616108627 -1.029844498432058 3.4946859444993654 2.0727199669056096 1
-0.48260571038170463 -3.3585466190885196 -1.6158619955702744 3.3076750551984335 1
-1.051989906653147 3.729963877160814 -2.489873478407219 -0.12944494347650082 1
-1.6084999296425133 -0.12166082502658171 1.4950429067503725 -3.2022254328897204 1
-2.8019970385279045 -1.915740501554872 -3.4242569116520545 1.1479338047875145 1
-0.5193536176459869 4.035082550875748 2.462851792995729 2.467267949419711 1
-3.6570506911200025 -2.5007667932225868 0.12018942275717748 -1.2695587396174663 2
0.6338431283783951 4.244188238166517 0.8159857264018886 -3.4560242029630737 2
-3.459265905003362 1.8617700343927392 -3.0178680960827577 -0.2780311584870442 2
2.3201537147622506 0.08834113639131425 1.9896448267253524 -0.2022626765288077 2
2.148728454132359 3.8661553147432177 0.13888548420957203 -1.849417994242109 2
-2.507059640557137 1.1540685878949117 4.470748403923848 -2.4675025839245084 2
1.8000816861547548 -0.794684740864787 0.570387581808084 2.7919899267122186 2
4.186943363935272 -3.400458021525192 -1.1993483637803897 -0.9111743953226229 2
-4.072181942151528 -0.15426308639674557 2.2767968927333926 -2.1421484982009007 2
-2.455013422189018 4.219290541445557 0.011717628539278047 -2.024163521761915 2
3.8959682169960224 -4.3022025425030215 -0.4486459965917856 -3.497447526887062 2
-4.213240063184262 -1.489086851195307 -3.5771860398028776 -3.2773751761047647 2
2.0802673968891545 -3.9051467818563954 -0.8934955457451133 1.731725800771482 2
-1.6449633273492141 -2.761149342221562 0.16585673476613216 -0.341838155119359 2
-1.854476302453366 0.194660059970309 4.345637826128601 1.4561968428128949 2
-0.4965817960425605 -4.377650402613745 -1.2156665430363192 1.9097820404028552 2
0.900602412605602 -1.2163421581360678 -3.4548852713535556 0.8076131014596641 2
-4.328905499993549 -4.413813545122332 -4.495595382879192 3.6627703457448604 2
-3.221747361908852 3.4065834221402405 0.20960802547602297 -1.636957213791169 2
2.019766023356671 0.15105002814852586 -2.005971514156955 -1.0736137882604315 2
4.042883171754329 -2.48392850939423 4.366210369693299 -3.403001508483322 2
0.719881461841186 -3.8129311000200614 3.193876833884251 3.911134779772396 2
2.5679463505521487 -0.057875143939558726 1.5985648153977263 -4.42424076767479 2
0.3778831843993887 2.069732801253516 -1.4965941230929094 0.4939635705469697 2
-4.318711135551662 4.109780254164405 0.4382300532852694 2.325328976731906 2
1.4996124885648663 -3.6961341042883804 -0.508078650931862 3.800032662732514 2
1.565246744165036 2.363914599647006 2.5578085197277534 0.8954657165728631 2
2.0312651937041966 -2.711259792027339 0.48014686157318365 -2.7283546120290447 2
1.6194418502832275 3.744884453666283 -3.343340683033594 -2.134841963811923 2
3.0291418763816322 0.5851733013672462 4.34972079091916 -1.1720697467238357 2
-1.6599087723963235 -1.5765364586368649 0.5828373488425178 -1.4718194022796127 2
1.8930959689935842 2.9400560412697745 -1.960627303978135 -1.4009524084239007 2
-3.139644743378099 -1.961587958904976 -4.476540227867674 -0.610720392574603 2
1.4914563181781184 -1.2502368423514005 -3.7420317974176633 -2.368858059996944 2
-1.8809070225138296 3.3778878726256134 1.6725772456272223 -3.0970178865095037 2
0.23961219164525127 1.7037717273365645 4.39648011684148 0.9420686104847638 2
3.0830745712223298 -2.2832597757691713 2.6477424988790275 -2.5867068830748225 2
-2.8865178604447363 -2.2709113000227568 1.8478558960727893 3.4361869052028418 2
-1.2080594758133056 3.5901880410980014 0.400307772813987 3.9811022758482526 2
0.003090589325242865 4.00309565764502 -1.131662057254767 4.330487577145046 2
0.8503172449802557 -2.5402333393111145 3.616453507196975 -3.5532641186913696 2
-1.174697569402035 1.8407614498363918 3.468305721571964 0.5565968929788979 2
-3.537049276931993 0.3780164139267421 -3.335476413335302 2.869328171303086 2
1.3023454524574132 3.7484003703777535 -3.345721668117432 -3.3222479849262045 2
-2.7485117078702506 1.5154946107849532 -3.3577191223231044 -2.460548823892306 2
1.9836051014075387 -1.8461122905301606 0.38179983039257115 -1.4557612042147654 2
-2.748985942661138 0.12922154770976058 -1.398014653074159 -2.0308690030840095 2
0.6953893448005516 0.9627179083588757 -2.5887868232940052 2.553172308171934 2
1.1945965353608967 3.0945440906496833 -0.4720417742264067 3.908790764066478 2
-2.835580176851074 0.5361211790067613 -3.4644905569914917 1.015381219207827 2
-4.138156501889293 -0.45127798243986783 0.047035652408950246 2.4199701611401387 3
-1.1527187940818133 1.8830947095195958 2.985911473766541 3.915828828582526 3
0.37586555173382497 2.888639814048712 -2.479200598355695 3.913218902106076 3
3.422955277020785 -3.3766685853713407 4.253956095641744 1.7744687127825265 3
-1.547972027570085 1.7952418260481 3.7117022018692936 -1.102645270360961 3
-0.3973011220512438 -1.7463944842086736 2.031220642065817 1.2205143884875964 3
2.4835071126315125 4.449291727880396 -3.70483823671818 -1.2391993470689724 3
-3.7379197916450844 2.6433940007838754 -2.086470420478297 1.7198668178164005 3
2.147546865702423 -3.468414611840383 0.46721185935033493 -1.4417958169102856 3
-2.6754438422337907 0.6177079824429945 0.8243886357249252 2.6793876772002068 3
1.3183066652787812 3.2076253437919524 -2.0202481913179957 -2.8264373244790986 3
0.31663443084687537 -4.289613521701292 1.5571257377143228 -4.4226791617567285 3
2.262971333080638 -1.7491536819085751 4.267760896476853 -3.3159598533264085 3
0.09597885009244711 2.7448972505743785 0.9658610124066351 -2.3141269667684936 3
-0.2807645493379891 3.8357959758269455 -0.42199247956743213 0.32225580382683994 3
-2.910452238675926 -2.6800319186621726 0.3261583631591636 -4.356843456205367 3
-2.902940553882249 -4.208425528186392 -0.572922324069697 -4.3178658909549466 3
-1.3108986387141768 -2.175044061063778 3.403501222066227 1.7964294610638345 3
2.3609460512740794 -4.422893060269775 4.1867469093918865 1.8962183764777167 3
0.8186855146249453 0.9170453654119423 -0.5348424234994128 -3.6052054131898057 3
-3.91743535827849 1.8423358295881034 -2.813340478185268 2.727818848781572 3
0.6065458917041403 4.3857274950561305 0.902391910085824 -3.381152405350484 3
-0.41869453647727195 -0.420626592834643 3.988271806476546 -2.445445239230833 3
-4.167681645598392 -4.195542203497922 -2.757302287733209 4.158454884981435 3
-0.3205003872486595 3.135282240864935 -4.037454094562513 -2.9428998112226123 3
0.7805517773818413 -2.2776397518225444 -0.7679814852800312 -2.9802173206605644 3
4.120932703587115 3.8986869983922574 -1.0274747160339979 1.3961195868135505 3
-0.46700907108270784 -0.46042441144393986 3.1501563865815276 -2.0445536824577575 3
-1.8534428804400165 -4.421989917036689 -1.4366918566832727 -1.9051565229305996 3
-4.136695428862259 3.1588391674065637 -1.076247393135682 3.931990894461266 3
4.489660083174582 0.8378095222458518 2.8844722760057198 -2.968934055571876 3
-0.26760241331889423 2.60552739633271 2.5788893461982196 -1.2579718140323362 3
-0.13441684367773776 -1.3100575503476204 -0.30137629715963365 4.044656549556605 3
-4.05421617191531 4.426782716943975 -4.064488940777249 -2.436165288175 3
4.137719608567467 -3.086455977121606 2.2519238078556003 0.8021405057397583 3
-2.0865855587945643 -1.382643620750164 -2.6959807576416743 -4.112706804091647 3
0.5323481622471274 -3.686519487239602 -0.8413229029981869 -3.823908619592693 3
2.0488484701084575 -4.394299936826835 4.199386673913667 -1.3794673934722677 3
-0.3247600933530076 -1.756860037107422 -2.8242753534486633 -3.139810370523429 3
1.2966261031001336 4.404952138877329 -2.611760926777932 -3.1925810591013657 3
-3.197223826369471 1.1150220370987602 -1.3742619129992142 -4.24359288730371 3
-0.5967692537672871 4.412233935885397 -2.76557622759143 -4.0593924022416035 3
3.2895530302130123 1.8969844322472227 2.186722482864881 2.36562970045809 3
1.4422364356188067 -2.1516851832267063 2.220896558784089 2.2922203063507105 3
-2.6329611218278552 -0.4776049166192061 3.8596141069372956 2.4560994469437314 3
-1.084975518321891 -1.8213216428176453 -1.1310107878330422 -4.061543724936472 3
-3.0082191025459273 1.205176821921854 1.365037493431613 -0.7961693847577619 3
-1.855453216658195 -0.10658745355096622 -2.184190906661245 3.647791140106369 3
-2.5624016742918085 1.84629229253768 -2.015959692157326 -2.1729085807948323 3
-1.7828415658750627 -2.1441749558235905 -0.6945895842376235 1.037514008245421 3
2.3227640812721075 3.084433690153942 -2.324694829691773 2.4475831912026624 4
0.916368813631093 -2.66753658212977 -1.6477633519764339 2.8796881773252903 4
-2.448588914671802 -3.9588703635910174 -2.297785727204368 3.1534625069632805 4
-3.950603844042697 -0.3114250085162955 -3.294120120349512 3.137243231844869 4
0.8409897671412746 -4.146757995957949 3.413191057911397 -0.3867906459564533 4
-2.398693975470431 -3.140977481059834 3.2331924091067075 -4.302538880384581 4
2.69911666317419 -3.7049522340508427 1.4730312292128893 -0.7114818177897545 4
-3.915218895749036 -3.590996718910887 -4.474601012676602 -1.2185688696803996 4
0.12876747043356895 -4.168799141178961 2.0269268204094963 -2.2871045542597743 4
3.996783753262304 4.436295617875477 3.1858903696172307 -4.176840009451126 4
-3.1098285589060675 -3.9751718991386236 3.8746316940841 1.2471138427012787 4
-0.05592042441305234 3.064399523566514 -0.6281793647695574 2.0078132587243664 4
-2.5674268287633257 -3.630271648086788 3.1350324330984285 1.8334584209936733 4
-1.6030790738853544 2.8389269734850697 1.727302408595599 -2.782997019849939 4
-1.2607746396333765 -1.3834661882013788 -2.414757387912642 2.3724895635475 4
2.629131762614546 1.1554676486855935 1.9522824698913335 1.1405997285783043 4
-0.401147033371815 -2.0599408524435336 -0.4240643490926823 -1.6443536389363262 4
2.364579883749665 1.5599477679977718 1.0937455242164054 0.4411604708900244 4
-0.04168183369231826 -0.3848016578398463 -3.4055708911255236 1.8355495265391912 4
-1.5798345753283762 0.5454279305243892 -0.8490238354360723 -3.3365997494526303 4
-0.0172118133518655 0.07041151238761778 1.3564852792704953 -0.6771323501229508 4
0.6965283259065749 2.9854890033917463 -2.0373255402931756 3.441069292842217 4
0.884846880652763 0.256636130161532 -0.2749280443948098 2.9968954710907973 4
3.0744391872081036 -3.0938284090225987 0.3173745495822877 -2.3642845592792825 4
2.644479800138657 2.728388907735266 -3.940085511940376 -1.1687861573892355 4
2.524948591150277 1.4592626204365144 1.4570311945982992 0.061792588868017084 4
-4.22757575823273 -1.141991566080096 0.2170334278679934 -4.116597637884508 4
0.6414120642982677 -0.7313496200370879 4.179906945968908 2.326817850980399 4
3.337546120219297 3.7128161594591855 3.883357905952986 -4.141388179650386 4
-2.450792465785095 1.1186351003563124 0.5426010354812802 2.6210685637008733 4
0.6650086941893445 0.7956472352265584 -2.6375791743801127 -0.1380425740412602 4
4.339252473509965 -3.606816012408372 -1.807930116272805 -4.172624050407343 4
3.944419072920956 -2.626260916408703 2.959358180803944 0.762672571460448 4
0.789411367072376 -1.52750642774531 -0.4073376159504649 1.4706963400869468 4
-2.802238248557125 -1.667111039410386 3.9093456362805648 -2.605132909644002 4
0.691205036426039 -1.5370394319350553 -3.6122657802843756 -4.382090330595415 4
0.9880436805932602 -1.430721925698733 -3.966416321560483 3.7375630195605405 4
3.217961939310326 -4.18609763911382 -0.20873659214531115 -2.3230800497434276 4
3.0064308585649697 -4.34118932610532 3.460342959094305 1.638001947548418 4
-1.7114119546393212 -4.453941972625347 1.0208628426777044 0.6460251664071927 4
2.1850868159887478 -0.13538543459782637 3.8202472329270973 2.8378072689927847 4
0.15538362537186245 -3.3737901786716575 -4.441448211347037 -2.009213576830642 4
2.4070913060732955 0.864343838202256 1.0280044850037084 1.4126983211997244 4
0.10907334525993717 4.079697934583334 -3.5632357575401796 3.7637673226354678 4
-2.345426868281642 -1.8099461173682407 -2.764458704621797 4.481057264956432 4
4.072260393574631 3.080357544832209 -1.4826757171377183 1.861565647125845 4
2.519700121089107 -3.9174507479494007 3.0328797713344335 -1.6360319307262525 4
0.4496735755456528 -3.8354523033899657 1.9121963266021083 2.516728821147686 4
2.559508899129903 1.116609024072686 3.5345635350929676 1.4766209542563842 4
-2.1957490347282147 3.9326049774972223 -2.3360263745331724 0.9451630429656953 4
-1.2297719062726138 -1.815612084363128 -1.81551621532366 4.454017684882858 5
-4.364852906718539 0.8364536115916559 0.29233887972998895 -4.471116578301459 5
1.6775416364988611 -0.8965726597172298 -3.9983189563212385 -0.8695725768951226 5
-4.316730608655312 -0.5863919612092706 -2.329949067934808 -2.909105247572549 5
1.6442090766572988 0.00960563691100691 -2.32647230478285 0.8557415303106368 5
-0.7475915747585751 3.2513123921120775 1.3972845497088797 -2.283608310974324 5
2.7868861811466066 -0.6283671212148306 -3.628987644714088 0.7291103504288053 5
4.216284420337734 -4.186336846951475 -0.7279375464625165 1.6901253581631352 5
4.096505536880477 -3.9231958369824778 -0.5196616359046069 -3.118328437219835 5
-1.71830186749072 -0.6616800722457047 1.6525308261623892 -3.9188125370360947 5
2.215402610439292 -3.4174364840996203 1.1570161341839555 0.15360218528696445 5
-1.6308134200742312 3.1361267711516883 -1.17583751515554 1.6882060212732226 5
-4.361803534551707 3.8202129437716983 0.159480544517141 -1.7533026055866259 5
-0.9773433772685157 1.540780789699081 3.306271305412875 -0.603793601163676 5
1.5414204543555894 -3.517841923600976 -1.0312220626610031 -1.825598654961428 5
-1.956657902794908 -1.5093053019150786 0.07663091759342566 2.8180525502759997 5
3.140312384487663 3.676073942673903 -0.15423080030940395 -0.29209938253669965 5
-2.5969172498000956 -0.633172576512158 2.581286922490368 -3.979679349813395 5
0.3345725383305943 -4.225116096942958 4.136278957020664 -1.1395899886242904 5
-1.6900313238823164 -3.114901853860335 2.4664648234634567 3.0411605319887074 5
-0.1949655337812225 3.749494713080489 -4.036299014542327 0.047405540724011375 5
-3.8537279111329514 4.039373749572666 1.7409739972572327 1.5860183458089565 5
2.7804889676060527 -1.277550083196609 -3.0059186465844636 -4.180566285085401 5
3.017859333553004 -2.328804354368711 -0.7966721747296667 -4.245131835912914 5
-3.199078460940083 0.1801682404258259 0.32313896882687776 -2.7887399039837484 5
-3.8181359752560433 3.7593890975988886 3.3697242095907844 -2.4920907810870565 5
3.948104231905983 -2.8265130333804684 -2.254306922693171 0.16986215081779255 5
-2.4679531381753943 2.2433162267065656 -2.973271528511107 -2.771070207104371 5
1.6870475829542215 -0.17052129663913407 4.452369873504484 2.272052875728603 5
4.309049084253486 1.476873072853198 -0.7044867694140602 0.1889109185725406 5
0.643040337407451 0.8598987526199646 1.3236047247997047 4.123134983627086 5
-2.3859528407266533 -2.413726211409214 3.1587573479101985 -3.901028505176674 5
-1.566768649098071 -3.6233766216063947 4.450222240303522 3.0727385567702816 5
3.585271197853644 -1.8977964967051255 4.389706872767618 -2.8074351633918577 5
1.6894202961498253 3.720806564654756 4.106160063656251 3.5487126692426996 5
-4.063395469816406 -3.517844970834809 -1.1206811353994333 -1.2714590738092033 5
2.6818025633499216 1.8191489483669714 -2.0627410865230718 -1.0016583102109167 5
-2.0751667736190504 3.281907864771928 1.2773090536961584 -2.8872271211037583 5
0.5016219808254615 2.3177217241866073 3.180106598655617 -0.7571475890753423 5
-4.355647842215245 -3.787375007951699 1.6196089297748044 0.07228528023300473 5
1.6331800693772698 -3.7705477670834098 2.401540980786316 1.1970173362913954 5
2.7021228665829584 -3.9534677216828538 1.9451428028489133 -0.06914522558075742 5
-0.46363089643354016 -2.858218646795849 1.2395717197373477 -4.453049444376119 5
-4.379221956351427 -1.1107222886814907 -2.630323957764366 0.6123901877526715 5
2.6145939181444584 -0.8190566762992495 2.5003993610177457 1.2126933396834239 5
1.1188812780028985 -3.1320342834150834 -3.612358887650343 4.235317941011788 5
2.379555080968688 -3.8199872250718094 -1.7087649922219463 2.20309010305237 5
2.206963965397457 1.91048110967122 -4.433020131931474 -1.4599274303684915 5
1.100282946871061 2.8425322310680863 -4.062396867180833 2.1375032793639828 5
-2.9852753071157685 3.335027138690535 -0.021886513895552406 0.4096704487029068 5
-1.4553026893557977 -0.5598429010640825 -4.191170782901992 1.0750645440501776 6
-2.4729043288032853 3.966091983049772 -4.079342819718224 -4.324674031054337 6
-3.325443585001201 -3.34506143786839 -0.373496727756061 -4.2538103519474575 6
1.561523296586289 1.6512678023763334 2.3221245631011946 1.6510676472146806 6
2.0211878507115135 -1.1494567342531814 -4.241666801671368 -1.82015296776172 6
-0.21641812588184928 -4.273412669222707 -0.08681935484828318 1.0459216761139603 6
3.9476246815473153 1.0525273021428703 -0.31439382979130737 -1.2776387550328563 6
0.35300975305985616 -3.743854165588184 2.4437680031735862 1.6428343864621118 6
-3.4731890603269475 2.0957861342520663 -3.979992508669084 1.2707780102532504 6
-2.5338888318223307 -0.7140113306938125 2.701149632811867 -1.4466542320621956 6
-2.0078484803778522 4.232799246386104 1.0609881788873616 1.2048334439996498 6
3.009549417098623 3.8130745887942497 1.3908373829034055 3.301279783236735 6
-2.1647253107637145 3.5569760666796455 0.5059281287388291 0.5946081765975355 6
-3.833044108301363 3.0611176346648703 -4.004902681669344 2.6111767558759267 6
-3.5812087666694192 -2.2385976954736995 -3.8323380649445475 0.9957789387869403 6
-4.371875433628639 2.86704571199159 -3.6386329701733278 -3.8425319786154177 6
-2.171735705845478 1.4889213242200456 4.258050154940595 4.30776595398903 6
-0.5436436919658904 0.07017652836955801 2.7604531997754354 -2.5506372951110774 6
2.851734694591129 0.9993108767240912 -1.1187389304269908 2.1018848758200237 6
1.5240573585833799 3.9380536086599593 -3.0859481283267973 -3.0611152462813824 6
-0.6718864088083811 4.263964053955154 -3.205459472048578 1.3362526838742808 6
-2.219505732629603 -0.4578261173239231 -3.5906438591759477 2.235627473904147 6
-1.0336831920598728 -3.734332857260779 -2.491974884342815 -4.482700818637278 6
0.23294944745126456 3.912930232308126 1.2923702844815197 2.696191161018537 6
-1.0015963819224953 0.49986351001840224 -3.535351163627031 3.3578837958082186 6
-0.9186007251491994 -1.9119691857415022 -3.4886198835723325 3.8261727348299255 6
-0.27733652412174614 -2.5151313161396565 1.0849857243688157 -3.7354479240923086 6
0.2768771317068064 2.128066067361525 1.6693122612916516 2.103484826758402 6
4.321703528585754 0.6899285962421745 0.968054148950725 4.403593103222697 6
3.9189780249923363 -0.6421079798707671 2.12563585659557 -0.3185364301806324 6
2.1458669079705968 2.9407796972083835 1.4679823737928879 -2.878933709672154 6
1.7726672316161642 0.739895080487237 -3.4222699944610495 -3.6785179948343436 6
-3.3594502829350543 -3.551263909498129 -3.7023023473160026 0.17410666148833243 6
2.7351461768464613 -3.1290276119136275 -1.3535443857950535 0.5808700556714969 6
2.7508977238577526 -0.6222089087130487 3.222157258242557 0.9658356204918134 6
-0.9637173471063658 -2.044257747389468 -2.757467490545356 0.1419926170155532 6
0.7481714131683197 -2.1447463120088046 -2.5341418359108205 -0.4597360203116774 6
-1.0875484040594476 3.0233354274803985 -0.7840315124856851 -1.973086232444213 6
-2.7385622492550263 -3.0467838071299775 0.7001259792632069 1.2996645816738834 6
-3.3284334718323585 -2.37213538892755 1.6425072724244187 -1.3629988985706487 6
2.5106618828482534 4.121978478807945 -4.1356313163748055 -3.24754087113826 6
2.250363687760904 4.248310877386658 -3.4396527088420363 -2.251496879569404 6
1.039590478679643 0.9000192407295404 -3.811304885887638 -4.0557610325677675 6
-0.38264650406986145 3.306037891900181 1.5340738096885207 2.4866558463777815 6
3.680193583633546 -1.8742203669215605 2.345597421999141 1.6917871745022852 6
-3.3318450621771882 2.78058294625214 4.452100889496963 1.8102598091094184 6
-1.6987581897137418 0.8402192699298735 0.00024776110472546353 1.2714142453638972 6
4.1667850615790485 -2.0892791506968194 3.323381046256084 4.303269901426523 6
-1.3994073720533238 3.1662120452623985 -3.5512039613070026 0.8247719554335027 6
-2.734292423585406 -0.7180601626560136 2.5332107749677157 -3.816492582521903 6
-1.4177503625402892 -2.8805445552809936 3.6368057586927494 -2.9384051657810635 7
-0.975606596844599 -0.2778063941620682 -2.540211757520269 -4.4250420186154775 7
0.24065807736550826 2.772156972324638 -3.0251305204181116 -2.795562462183263 7
3.1640705058090735 2.371263543875779 3.4216801094112133 3.4073907917613697 7
-2.0886336546881092 4.312497579646599 2.223997464297081 -1.853884581189069 7
-4.107070835088054 3.806491388722578 0.5221057463258093 2.659067571649582 7
1.7884545128475944 2.4886620182852517 2.463290727234538 1.4126993677356943 7
-1.3459304478801606 0.9550760631010901 0.4312972098615685 3.0643437869626045 7
3.6991889908697004 1.6935789043832137 1.7474577148405626 -1.5216802975791572 7
-3.643202446488761 1.8996289245315596 -4.44876284698516 4.193385581683135 7
-0.5786704285895189 -2.540793841111501 1.4293154723286914 0.9251489671900281 7
4.348005168403239 -3.5377406886716107 -3.5260619242025717 -3.0082160171447327 7
1.7439557971432895 4.2591012421001695 3.5778072159108527 3.231776696556053 7
0.1522356548346796 3.6044287270042616 -3.3475605893982765 -1.4513807669948855 7
0.16773027368544102 -1.1564917363534404 -2.475959395832858 -0.7446388634898632 7
-2.9526817005568224 4.2380181069036045 4.019503467887864 -2.4899762559960523 7
-0.22354459030233886 -3.4700605500396593 -0.4808769334319154 1.253280080055961 7
-0.8324615312676027 2.926569681026354 -1.62961772847417 -2.297880603030995 7
-0.4726143442090941 3.4902783185963266 0.5524054911411526 -4.291385990771209 7
-2.6444102268787377 2.1946768408332082 -4.400325308124008 0.548904070672323 7
2.6791404082300665 -4.164606344075054 0.30786450844793645 2.352842444169772 7
-0.5743716669766386 -0.5082639763405952 1.8726237652701343 2.6037897428832957 7
0.7810438371254712 -1.114998110056207 -0.6332363443358754 -1.9339863788509455 7
-1.3359875655755973 2.9104556070664684 1.3011933636057071 3.2571943074460243 7
-3.7397317924632594 -4.088469032917717 -2.56021880956783 -0.8148109854229185 7
-2.2593833032356683 -3.327355990040718 2.50210434988261 3.096116024857179 7
4.486627877993719 -0.48798354705760005 2.381580966256264 -2.059923448324368 7
-1.1447374724712351 -1.67197454530189 2.047572447194214 2.6138520790150728 7
-1.4784707368288084 0.5301311372476378 1.3929103343609774 0.5230205075597814 7
-3.7841839400458794 -2.638678473374654 -2.346581187869374 0.5563585087848943 7
1.0826907101986565 3.412797703854892 -1.7783655563654506 -3.236761121903138 7
-1.3843854067091041 -1.320650594039845 0.36295922938481606 -2.0524633885637935 7
-0.7758070045323566 0.6930358540909488 1.5208444126012788 2.13240168615621 7
-1.1227963706472133 3.432603118148731 -3.2103985894498273 -4.46254311757307 7
3.1631914992561017 0.4860220230736052 2.3394712426788375 0.10542342479058431 7
3.500889140387345 -0.6355983127666422 2.3671749153355797 4.3153711408847455 7
-2.4428441668984924 -2.39013742672569 3.7456592590404956 -1.6146892862803104 7
-1.1203692725858656 -0.9376752669591266 3.9577181589207044 -4.1249501723246365 7
1.5119945214260548 -1.0269734749312351 1.473831000641071 -3.1577223275157396 7
-2.7037773020569973 -4.182759439885317 0.4313724845046992 3.1659109814051454 7
-1.2410031884351365 -1.3428495568471948 4.18850541284589 2.3069774484531615 7
1.6244030166592278 -0.21401409888575196 0.18633181074198502 -3.9730722161624765 7
3.660273813600137 -0.5126507896084977 -3.620443065188813 -2.8898014980595823 7
-3.024071023785176 -4.487121527155882 3.5534558064294592 4.2651437123424785 7
3.229852376535321 -2.7400220186595035 -1.6153611302280781 -0.5309550948071623 7
-2.5409520288264806 3.305443734270098 -0.6781248218695867 1.6452244195072439 7
0.10741524742016162 -0.009757031123292514 -2.723187346456595 -1.853185775225699 7
1.0108337755229577 -4.000582951595832 1.7371940754884334 1.4516325179133682 7
-0.11594124452710952 -3.58239199270433 -0.800870249930665 -4.016131556268137 7
-1.622447317745541 1.7828916556001295 -3.130610083902246 -0.028485281938804063 7
-1.7818434460096801 -0.3328096538156319 -3.6547530342873347 -1.273910307619849 8
-3.487540888019119 -4.335745275551536 -1.0470603310424975 -0.09841813444241587 8
4.086952967327175 -0.7845164739355812 2.158978817763373 0.7497571787350991 8
2.304647525485456 0.9359110249280617 -2.24147575273799 1.0312487051570254 8
-3.8937340631885746 -0.34087073456295536 1.3801415306771938 -1.3782377942574007 8
-3.31462791917711 1.096294634955713 0.9226566477689896 0.26758054177160595 8
0.40935134533977646 0.31838187660760575 0.230384352741125 -2.634831893890298 8
-2.1102603648415226 -3.324332730320933 -1.014172397572215 1.3671957308513034 8
3.3066187696731393 3.0862971661101555 2.7025345165317196 0.08601187563809076 8
-2.2835887943373954 3.893920024815373 -0.4751515347582138 3.5100434659091793 8
0.2747775949477512 0.3327509042702673 -0.765691036848856 -4.083442331624633 8
0.02250109928303312 -2.695713342244294 -0.7986100947269773 1.0279965377601072 8
4.379325562658199 3.1107404071624014 0.6352556492613647 -3.6975071141433378 8
-0.7935825744942309 -2.0808077744326012 3.11160626952079 -4.432503456370763 8
3.8751963457406386 0.2797138559924123 0.8573706830608082 0.9552092073146154 8
3.017562985453715 0.6399994413428176 -3.207328266893102 -4.18523623741698 8
0.6917144354201903 1.7422107129613347 3.8433874252728684 -2.283450405473597 8
1.4821967555957687 0.0035953010971847554 -4.378041801278123 0.08280624228849898 8
-0.6604234609181481 -4.347657053602066 1.1345475109096608 -4.444394872705594 8
-1.9599246536978852 -0.5480766708738957 1.0148106797131322 -1.7538349871156322 8
-3.5771349691096512 1.2365146240733893 -1.042967730486567 0.14091810916784908 8
-1.9777552671143677 1.2959575300931219 -0.32822547129996904 -2.9365073191255537 8
2.7728612750971378 0.036273719559862916 -1.9384007234990386 1.5855494271023614 8
-3.477739775132657 0.35719130246911646 0.09422415317213195 -3.198033227018493 8
3.506454367901826 -2.5817404263821206 3.9854790561857047 -0.022177028862046755 8
-1.8228830936492704 -0.6340310533647504 0.5392227613138809 4.358087841396207 8
-2.9137471979740646 -3.7256565712719025 1.1688340590738275 0.04562643150310719 8
-4.456231387348864 3.851417852459845 1.249438306464497 -3.2572605398461416 8
-0.8884642371517196 -2.59255888724849 -1.4217859939539261 0.736456727268168 8
-1.5949147351538429 0.25580800194101294 -0.9661763638677844 1.7535153534921912 8
-3.103475678603953 -2.1414625980362336 -0.785277137383308 3.6978824184734473 8
-0.3880469516871461 2.258887121195788 -0.48319239073452736 2.4905395537906085 8
2.975500143243307 1.4888005917511933 4.1646039464911215 -4.110794336148285 8
3.250720535332128 -4.160531494166657 -0.039669415040462286 3.4824432863249895 8
3.6990761921148905 3.4575062095455866 -3.9370058144482485 1.874133867266085 8
-0.6945919744276124 0.152436924903518 4.275080457002341 2.2235119963379173 8
3.723159886496874 0.169282765809871 -3.1117301530619 3.5198291842842457 8
-1.7557055810246185 -1.9055557321925432 0.36977901417134873 -3.5871306804420207 8
1.1575274119954355 0.026864260607692758 -1.6104833124548703 3.026394813857635 8
-1.1292349087019016 -0.4720160548799591 2.6076733637005303 1.725524685066349 8
-3.816236977214627 -1.205440923207274 -3.91323914681574 1.6324945947993932 8
-0.3210476568377417 -0.047455192768515286 -2.0063942116148916 3.8690593220985914 8
-2.1818439462350607 -3.3372189697719357 0.09459071054487511 2.7549186938276233 8
-1.4616370682484676 -0.6723756797585109 -2.4077775424554586 -3.687756665207008 8
2.5660450619394157 0.0834940314454099 -0.967960104737521 -2.8241291495467356 8
0.04049074355956239 1.7250816106072668 -0.27795996086954755 1.509639237961181 8
0.6183643200268835 2.6334924999707208 1.4633202297729908 3.53985201399536 8
0.7910373461404803 0.779776121305436 -2.351853691535508 -2.9474730756689027 8
0.2654493290831863 1.7327963692628021 -2.6293816318739456 -0.21974919618266708 8
3.1406088623797173 -0.15484574842545684 2.733585796123229 -0.10669756346405856 8
1.9090027608180644 -3.248576286196106 2.8367147389733693 2.8033565032285335 9
4.044951315971487 -1.2901998448519467 -1.2163855610636856 -3.754191385067231 9
2.032463603998949 4.20957850045133 -2.459940463908353 3.762989184053076 9
-4.004517129431566 -0.5762562422804727 0.9446894238730317 -2.3098194426465457 9
-1.7517561185631834 2.0979750261221275 -3.193516073538672 -1.0575859529672842 9
-1.496132710623511 -3.7111351530674606 2.9910258733379034 0.8525239549670923 9
1.6711457319093328 -3.739276626894013 -4.1969992373123475 1.0698437984032592 9
4.330709239235357 3.7954727064090115 -3.6337020794995736 0.14802479628964793 9
3.455890935090115 4.414123318921117 1.5877711659912297 -2.3470411445258903 9
3.680436490779796 -4.41016876284935 0.14031704905332 -0.8156566644808789 9
-2.8350826194244103 1.6449192350997557 4.1909889040961605 2.3976293048661703 9
-2.8985043195391924 -2.2133045010268555 -1.0215923428558664 -2.6964907883360496 9
-2.5562821790264905 1.091024335653982 -0.4235188318379147 3.409601044196494 9
1.6138993520464537 -0.9609318340091678 1.398610572712926 -0.8053300037919788 9
3.4065746281199343 -3.158426031824228 -2.666830125485271 3.193769766189041 9
3.746384092885873 0.28131271615070874 -0.25309009228909174 2.6547275836035427 9
-0.4617771549927998 -4.468070735286208 -0.787863151136884 -3.4341689935499495 9
3.9116990708201875 3.7671714834142906 -3.3638322089613197 3.611987915622705 9
3.919445993796013 -1.8314028739913484 2.3544541123364304 0.035827312224733565 9
0.13885791150126148 4.226553917769287 -4.088333416380853 0.8543493173795733 9
3.647474894063632 2.638547554105308 -3.4531608793179 -1.2391642814534642 9
-2.123954580117301 -4.173783610519756 -2.8361189711583 1.5794577243798134 9
1.0182998629672144 -1.2836604309985922 -1.6127908998203795 4.140172707955898 9
0.013404721125786168 1.661984921657822 1.027988241572956 0.22615128469094836 9
1.487016749838229 -0.3179939636028878 1.3249529612937803 -1.8471674147917014 9
-0.4902187786626069 1.788813726621231 -0.5721717618562253 -3.1704146057430225 9
-2.9186655580886596 -0.6246656431613418 -1.922947157359292 -3.4077131212964087 9
-0.7469714630943012 -1.2680065089263755 -3.9895670044523883 3.6510508903413585 9
0.5487823995031952 -0.9903580842398247 0.4480080379165846 2.488026213617234 9
-4.023429426869346 -3.916265800651064 2.767655507353531 -4.243586025749073 9
3.998870321057319 -2.3261231832800546 -1.2023388460590652 1.3047799980050845 9
-0.6134944011801007 -1.7552919914673515 -1.2603887905772777 1.2435258046719222 9
0.9630194948421225 -3.4502519083221888 -3.4516576016497442 3.757590301992006 9
-2.276379344367088 0.7680388044679972 1.3278606709202303 -1.4261614122149506 9
-3.9234201168233795 -0.4837893970955016 -2.140659122306694 -4.233403938764392 9
2.8971266455482816 -4.1662877090082 0.6182246900443412 -3.3846278598495223 9
-0.7610299142383838 -2.8656652813094374 1.5215183048560466 -2.8336767146676536 9
2.6547260977660017 -3.522975569584547 -0.4257232685219853 -1.2857083766376243 9
2.0851491969746467 -4.475188691649031 0.4757141170738518 -1.222389557437431 9
1.3146186228263461 -0.21190864406080645 -3.3377763312755047 1.8492031253240606 9
-1.4602870911748516 -3.2595791444086037 -1.336206782382806 2.052375875047201 9
-2.5294089753565867 3.6489856039523207 3.505909675833261 2.0532123455328266 9
-0.22565452263988905 -2.8114771241425833 -0.5536634748273269 -2.746719032646919 9
1.4728525361402605 -4.371523287521672 -2.741842844330164 -4.243876655979629 9
1.538379737100691 0.416054181006303 -4.165429617552597 -3.424367315626712 9
0.3278891431462668 -3.1156851396211795 3.2415620509170404 4.434623530459499 9
4.101918430981533 -4.045589187678143 4.443857212268055 0.8217641697992507 9
-4.253052470970646 0.5359541441435862 -2.1321919539522787 3.886412057170356 9
-1.2458055421429746 3.7114493590127817 -2.7525493955348432 1.422961534272218 9
4.289641469418767 -1.9342976606144568 -1.8633248830554616 4.363015406194183 9
