500 50
4.20326855112309 0.42509024258150097 1.6430415777634504 1.0663731493303032 0
4.254159239683959 1.933343943069282 1.5833075397420084 4.172873292598344 0
1.7795594213754373 -2.5551945397766125 -2.159591077202009 -1.9202790086116808 0
4.286470092986176 -4.443927703158691 3.1033402398764593 -0.2545458237892817 0
-2.2231587385490044 -0.5868762083599879 -4.444611452976659 3.563529887598061 0
2.514446296143772 -2.7208343285977223 3.498721885479355 -1.0461781797729142 0
3.2669391203930003 4.350606094577815 -1.0132507242225073 4.189635862659054 0
-3.0254198273577115 0.8760054953957329 -1.480909611408074 -3.388979126204414 0
-4.419125120992005 -1.0208584562073355 1.5707499708496955 -2.148106182247062 0
-4.102559478616504 4.109876709428123 -2.9659277642083133 1.6086435753517665 0
-0.5746801780818211 4.040795761034065 -3.8207092246727727 4.426235951569323 0
2.576753873415549 3.296603687235286 -2.397570780885273 -1.2199876925702906 0
-2.9415112065364664 -3.8254627168820368 3.9192422273365395 1.087078686495722 0
0.9066844923999237 -2.9882503465343655 -4.413535721812973 3.8194904778456156 0
2.100421507595129 -0.8240052586318675 -1.5433882476432004 -3.2369654608243454 0
0.25117941076128303 3.938144255558478 -2.2016966256156283 0.5410168820915198 0
0.195265102004622 -3.5262595540149237 2.3530297978776358 0.38233586276744624 0
-3.0759893353368053 0.40682386532891524 -0.14433147758226783 2.3023348850579115 0
0.2196367206162605 1.2384921971339429 3.8792973731030744 -0.08969905888933272 0
-0.886541007687544 1.3482459811740806 -3.634678215825795 -3.245217797735994 0
-0.927899973884406 1.1152450219340078 3.8976421554222314 3.941274824002667 0
2.4066447038111147 -2.8892348096298224 2.0810058541838328 0.9716547380113838 0
-1.1198180827121185 0.022797533942409354 3.3790325330257014 2.573950125165345 0
1.6800037192471122 -2.2168831620475515 2.021959480403578 0.4443018538236976 0
0.4926677664830268 1.1243775965768794 2.013151450421665 -1.293322317410798 0
3.5595104945053144 -1.234317704101862 3.2080411255421257 2.731687939974209 0
1.2380136571686298 -2.7769823809293297 0.4231208996718062 -3.946670986990209 0
-0.019852968444248553 -2.8579913588591386 -0.8542469544924427 -0.26744470218359995 0
3.7654473522578646 -0.6136013579289513 -2.9238760506671975 0.860253721437918 0
2.9716929188851164 -0.7490132578947368 -4.1934121846063 -1.9132884276877151 0
3.6420082986903024 -0.8565730442018457 -3.1546178360868833 0.46271508002779316 0
-1.5194294721798953 0.6492489324547376 -3.278709437945304 -2.8609413794700336 0
3.1089928418470194 3.249128805777648 4.095906501593751 -2.1645610564609545 0
0.8611930536150102 -3.7380455008163076 0.1965530931365176 -2.4014316139750687 0
0.8753994658725742 -2.290916622752081 -4.279609920155971 1.9459060097770882 0
2.09334103730971 3.551861630850649 -1.2109566298961596 -0.25525957968707513 0
0.1326057382183059 0.9320715932418575 -4.368338311453763 -2.832009364124322 0
-3.914389688554734 0.36067256678525705 0.5021878003923126 1.59383615629464 0
-3.337318946966061 1.0310656171529877 1.3007605733307932 4.0279623025000815 0
-1.2271468765964588 2.409822308976712 -1.239264058102583 3.2584223897459976 0
-4.063192772224028 -3.5116369369394036 2.257911621202529 1.782856801707948 0
1.6562089361126486 0.13188327375290843 3.093975954490595 3.5193225448833205 0
0.6447723445327423 3.0933629459158984 1.7736764913914753 -3.9382687711560096 0
-0.11036124765293154 2.791299799135304 -2.7916735697544715 0.5701660886246717 0
0.09219266365446044 3.840486239162261 0.4951538937404055 4.224368131349323 0
1.5023499438566341 -3.1614584450934875 0.5914263539704814 2.794749417150184 0
-1.2190214220681976 3.2919742434968935 1.180267913628032 -3.6822513388065383 0
-1.347433102300359 -2.7987681648946063 -1.2694021282633794 -0.22968993394331583 0
-0.24640821750804254 -0.9649694266008306 -3.173815818883445 -0.30693753762896037 0
1.0703693397968426 -0.569103372544381 0.7887710910884561 2.6758354530609796 0
-2.1517005843495403 -0.7877500950351886 1.425467560143702 3.1557843904509215 1
-0.7286936890292967 3.621796702885268 3.239145540306214 -3.9201307759715593 1
4.316546358364368 1.112119554662225 3.8447730346752302 -0.6481112560052841 1
-3.7513428968622495 2.096988458363955 1.1441638349418568 -1.9423460919596915 1
1.6081686223108562 2.934205803226976 -1.8663870038768344 -0.06337580138669752 1
-1.372937969600499 -3.9700791525768917 3.997498807150619 -0.5986928456764588 1
1.006396348097629 -3.383868435180552 4.158451573779091 3.9499667627351585 1
2.3357657624699826 2.64980985818978 2.528318744151355 -0.7273570374888695 1
-0.8223589192509185 3.99417755294741 -1.006613461107941 2.5195867860398087 1
-2.9359818562025173 3.983272647542822 -0.8744276539814547 -3.8848381304316577 1
-0.31059292664217897 2.3669427714782953 3.310580291882288 -1.7195799560949498 1
2.2753817593237162 4.330889272181347 1.5236375605132522 2.4385636582338144 1
4.259501947160376 -4.139179878229484 1.7449559356098523 4.23237714728888 1
-4.356258502215954 0.3896128352118068 0.08369928718573216 3.9252703071172137 1
-4.1951014389143175 1.4173617225174526 -4.084715333281904 -0.38501445004206913 1
0.31412341498007323 1.4990255649023412 0.33572329634982523 0.8173548940236103 1
-0.5279336606459697 -2.0477568714863748 -2.462420680009587 2.7901821821886714 1
4.047020459530596 2.054424961739222 3.559822287225034 4.031634792027335 1
-4.443084564610655 -3.6060501159524296 -1.1917224325943934 4.437853149096691 1
1.185230206124816 -1.9076685570206267 -1.0424453883888858 -2.195903169017099 1
-0.8314049043750811 2.5337801150793875 1.8971605370776579 -4.221252683284811 1
-1.3126901563857118 3.832277375513331 -2.690348661184551 -3.3143169294074797 1
1.9840690928215472 0.4673379665823718 -1.6056271048350546 3.54930001903195 1
-2.8713164757740786 -0.8136774929911553 -3.3032748911898127 4.27163789487764 1
2.365936108589911 4.417171366653514 2.3039063854815307 2.8987331039057347 1
-3.8371286329143603 -3.2872265369840044 -0.2334940066034139 3.9174687602141858 1
2.1604025700173333 3.0040323292925217 0.9361756560921416 3.6257977084167923 1
-3.7010442834881756 2.964761547489051 -1.535530208051074 4.142159816166441 1
2.5805908299157605 1.6939914588371345 4.3190818991597535 -0.8635066362211321 1
-1.4406622516606045 -0.4991340191912963 -3.032987731228691 4.268294790021791 1
-1.2029747467361913 3.06419458249964 -2.330467410708934 2.6975311131325452 1
-1.5451007680718265 -1.5968252137206986 3.977568683736101 -4.286016764156764 1
3.917617715103187 3.7798861292810804 2.0369515978154 -3.930128460567874 1
4.218067128394637 2.7679405789314067 0.21414925320317169 3.2014870298727183 1
-3.717759441215113 -3.681805035411808 -3.7731174097953066 -2.5923270844524042 1
0.5137386773868363 3.2056539383503586 2.5602579262841902 1.8335405035072094 1
3.457780775777414 1.2316380557994075 2.3499092962889945 0.1420181116077066 1
4.102241345855239 -3.1330295889057247 -2.037055806389639 -1.4249659345883545 1
-2.505771630175023 -1.5075434971125317 1.9607874164383252 4.393145771691307 1
-2.1887557120659857 -1.6901547094795326 -1.7176250399173179 -2.4112771435390585 1
-3.433990352997737 -1.1219387099729787 -1.6022352186827789 -3.8448672151791468 1
-4.232034029405347 0.3400349955799201 -2.9203121400534813 2.9297521407244633 1
4.012454652078991 -0.4938732624575871 -3.489295090799665 -3.085996936723356 1
1.1173791989729183 1.0063111374155616 3.0585907945435094 -2.348745659516179 1
3.9004125127293623 2.1106714770778434 4.003801490044785 -1.8320838905158703 1
2.9233883538542194 -1.4773553108778896 -2.863851431601869 -0.8633913721110745 1
3.667181817852731 -2.833116892440185 -4.439351202000017 -0.6930258228264398 1
-0.8281595799544424 2.1370677607320863 0.4169415688884378 4.29850298486807 1
-1.4988925641258501 3.4752080821871942 1.9757714777914153 -1.0274494637832303 1
3.245902759222931 -3.013936916401015 -1.1604790229813546 -0.7531730930280948 1
-2.4232865244500155 -4.028086091822376 -2.421321001951293 -2.957258914177487 2
3.228487636403565 -1.4469758259829302 -2.906839318165062 2.6097165519456085 2
-0.9607794447009995 -2.06671065985528 4.435442619887258 0.10519475843047532 2
-3.3909490014352937 -0.38754682414141284 -1.9421298153934374 0.8262300775025505 2
-2.3875465222544254 0.5683791143693318 -3.0124933370874927 0.5849359803622595 2
-2.6751145703448707 0.1024855392217382 -1.6507257623328417 2.3773253060144115 2
4.0349329554859725 -1.1534966427342594 4.245143895368638 4.3538506124793575 2
4.0879718039941215 -3.985146753699178 -3.9275473579109335 -2.6954442228155715 2
0.43924606453874104 0.898177420702797 -2.3028905488317717 4.155446359078174 2
4.155779859712737 3.8266661810558045 2.225288380657503 -3.025911470086143 2
0.09815516566249727 2.3353752614875276 -4.260255130033856 -1.4077453901228438 2
4.283147534467639 2.1285023756694197 -2.1994591594293267 3.0534881591266383 2
4.085603765588544 3.950045813873394 4.017378059774717 -2.1394421965947483 2
-0.1640955474006207 1.4390480779219632 2.729030561428912 -1.6696303182347714 2
-2.8813533037389156 -0.5667887482607589 -0.6711972513706196 -4.496048967999189 2
3.295117699563542 0.6950886322719335 1.2778171657270665 -3.9396035727927066 2
-1.9849175622845385 -3.3948967251058564 -0.06942219472101208 -3.1120743850081745 2
-2.4133031836348073 -3.3750669169194847 3.231008173490992 -2.739628272453645 2
-2.3959761279507017 -1.0477799096371005 -0.3586198187127291 0.41379044138975873 2
-4.113913222047837 3.048396271852253 -1.1156145746467727 -3.2856244698568067 2
-0.8657076446351918 0.6063206804668242 -2.6509341106061632 0.24747881513690095 2
1.22520613287729 -3.304421941805194 -3.7330376137528405 3.387254081609357 2
-3.755631493684292 -3.091210085414221 2.886801944117412 -3.651475887901449 2
4.376022509970474 -3.559362822150575 -3.7886697436017096 -0.2273264081393026 2
-0.6960967068095606 3.3755611242061176 -4.181334988700633 4.435756067027176 2
0.7584808743790891 -4.3421969576539 -3.6081917724790484 0.25084700810023974 2
3.498323229327706 -1.0426710310611695 0.05009467192204764 0.6658313639678022 2
-2.990428130214723 -1.4653815240945942 -1.0102135605776181 0.30600964513310047 2
0.8473331868692849 -4.160293379674525 -0.7745701859337618 -3.7212509924436135 2
1.289776691830523 0.9909576028666973 -3.4478875853234063 3.849457025229465 2
-2.4408547009467902 -0.6658401579719031 -0.8268118764199973 1.6774952462966835 2
-2.758365328819022 -4.308031444486011 3.129753290352409 -3.452525833233789 2
0.7552788655198921 -0.49178659925378176 -3.291401823976054 1.3597657058766912 2
3.0785098323781797 -2.708499114326215 -1.8321642156551223 -0.12639830539171304 2
-0.5346085755473013 1.5070907927529464 -0.5931968176627096 -1.4705423924814793 2
-3.884988329846437 -1.301970340051847 2.268553212734779 2.241959180313088 2
1.674326728298393 -2.294352926602623 -2.9425663347000204 -0.449066603188787 2
-1.2242040978056083 0.6962732891188134 3.5005786728326442 4.007171999519487 2
-0.8150796695065674 3.3910335240457914 -0.9741394006684465 3.055065134054198 2
3.238931502539109 3.00579203416229 -1.3894497070473966 -3.2353846456374034 2
-0.663559499792728 -2.788830039668566 2.13168400161442 -0.32615594054332264 2
1.2497679282923575 -0.6466051670201971 -4.190464891178657 -0.19584829409794147 2
0.052263637004316355 1.3594640253098276 -2.248061520935362 -0.6532995216836818 2
3.959473810817979 2.774247539705465 -1.5070325926611217 1.9303411876648497 2
-3.3910503007596713 3.667159881177107 -3.5001922231817097 0.40538593407261914 2
1.5936059943794731 -1.6251732434747472 -1.11726777778288 -0.40691028505681703 2
2.0699368969612446 -0.22532472744426035 1.3463727661036375 0.04508972241753062 2
0.5492930743390537 0.6464222427904636 0.4331737295450149 1.8921227762936206 2
-3.136596756796642 -1.2421609354701395 -1.1377708840160061 2.0713736161575804 2
-0.5783873288040028 -3.9804741074791576 1.6675344465366728 -1.6411904625015303 2
2.013592596739535 -1.5587570756000648 1.2489543120455142 -0.3902754953856773 3
-0.20832420751965952 4.032520247894931 -1.2675428173708632 1.557888661246575 3
3.3117149621556554 -2.042134410257127 -2.9617624785441414 -3.0093189132589755 3
-0.8975546749059731 0.6411078349665009 -1.671076038277909 3.359949250935105 3
-3.4246627401185505 2.6656594069607245 -2.546242631125077 -0.05146574055082109 3
-1.5862323592582879 -3.4593421151979458 3.9512712570587705 -4.139942125960652 3
1.8647986365810207 0.13417414276346995 0.9282131287511729 1.6985199880124364 3
-4.25609639135604 0.5650525182247654 -2.5773816837352217 4.244689356674178 3
2.3778796000283835 -4.220615987985315 -2.379307747942907 0.11181852336163256 3
1.4182885863426846 -2.24872279976412 0.4824476640172809 0.026122358451053707 3
-0.5825132262874354 -3.8504932193916948 2.7926888614267615 0.9267168358582304 3
0.2900567062351809 3.949460177900619 -0.19422740677142858 -1.3743799081459667 3
-1.7566586307608123 -3.9281635886230295 3.23940268230169 -0.6981387097550884 3
3.1340369460060713 4.028342087422539 -3.885063189909148 -3.0296100175356435 3
-0.08036324466909628 3.6765853599771945 1.9290651560490306 -2.23925652009437 3
3.677763713119368 2.110672619964686 0.2778831333895787 3.333509267113283 3
2.981945989356294 -3.0419618948635403 -3.764879720393775 -3.0672154615560285 3
3.1098519037434516 -0.759219082581032 4.170156346943954 3.804993128012621 3
-1.9198166724724328 0.5567604273241714 3.953066910209481 -1.5540785366619385 3
3.217439113412066 -0.6014821157204934 -1.511229842401633 -0.9663068450805818 3
-3.8000810886673975 -1.9144954778191385 3.620542045622952 -3.226444218339391 3
-1.932201612604916 1.7734629409352598 0.17187691258323268 -2.127308797884052 3
4.095593439058493 0.45132684829246417 -2.0599057142290866 -3.8414676541628836 3
-2.2174872680974906 1.8281689204653466 -0.9526224416548391 -3.9845476878030874 3
-3.170456894944978 -3.945338154660435 -0.3655719947048751 1.8684243129388063 3
1.3410696065735443 -1.118229115319246 -1.9016753934092314 -1.431526274653062 3
-0.44273044050942767 -3.8341579790141456 -3.7929695911185126 4.043570815090813 3
-0.18280962389786715 0.95529791734369 -3.8377814885174586 2.4229855582773525 3
4.342606811550907 -4.306770996916369 1.4468503802036459 -2.932922960943162 3
0.15072087493382358 -0.11909597821888074 -3.5609376499099366 -2.20832192466215 3
1.126270753022108 3.178560898096598 -2.4661885488263273 -0.4527329323619905 3
-0.017703817985920467 0.6532305068196651 -1.483690281787764 -3.0148545414392465 3
0.022990660046766975 2.6679783055581767 1.4086678794781318 -3.963017112187757 3
3.6624160264287067 -1.596050876926181 -2.2572547116963957 2.437275897302849 3
2.0195730534382674 1.3928035357187616 3.4406057388071427 2.645975619618082 3
-1.1404095106462604 2.731463994234563 2.111782740289724 -3.1532151100155783 3
1.7554830949515048 -0.07314057396064655 3.0495924415952445 -3.976382361891 3
0.6473025926055003 4.040454880943635 -1.5875430531889112 0.8288996181434433 3
1.2615308367625016 1.2140201215150397 2.9774005337636567 3.046168091696333 3
-1.0742409752820763 2.537140397590637 -2.5913809133476837 -4.0963230101149914 3
3.3514558578582543 -1.7145811995168394 -2.308556882459208 0.33817138360075516 3
-1.562294059758985 1.5587682526849893 3.855978400889066 2.5198468267384926 3
-1.9003056808118661 -3.764573770200298 -0.8197408022085761 3.503813697080459 3
-1.9071083554062058 1.7737070169402052 -1.652261811189987 -0.8904898021436671 3
0.02398937548339386 0.7205714502445538 3.888882155335766 -4.039767332987922 3
1.136137809572317 0.3159384514201641 -2.569946942308277 3.4504250935986036 3
4.151734173473565 2.7959706788643763 1.0661202177723093 -0.9907142361151102 3
4.1704395162158425 1.7401004164558247 1.1100351415352363 -2.447424376161064 3
2.715426806118792 2.2624510713935915 -0.8368516558847501 -3.2780470942924467 3
3.9698776254553203 -1.4359263771516702 -1.8724440665583666 3.546864415874258 3
-1.5802057040228386 -4.392708047600732 -0.21361597110780173 4.235554128676269 4
-3.8897265637494325 4.155071274791316 1.0018518765402646 2.102546713246425 4
-0.22565634887592645 -3.405261279029231 -2.631439670045522 3.7821250647956552 4
-3.529041968742578 0.1584011105003712 -3.1269425787741727 2.0220196860311734 4
1.3635125020942205 3.0070560809295235 1.8601262440893223 -3.834802822895572 4
0.6430079060595918 -1.49487702130933 0.8200010657451174 0.9248248862105097 4
1.8072650726075623 -2.8107655340038558 3.102345770593612 0.508086079033173 4
-1.5048755704842325 -3.411618653546973 3.596193217867128 2.520297317740094 4
1.6262013085149936 0.3568648812335061 -4.124130830000928 1.5631770780904446 4
-0.5447323331868412 -2.427604360359598 0.35289513840054476 0.061698006514228076 4
3.0932267873722816 -0.9318174591029457 3.0411431512655813 -0.5985279281761587 4
3.7106975087217213 -2.0538592416761454 0.38197169284151833 3.575206404015984 4
1.2352690196902156 2.137335018373544 -1.5372754049066004 3.320376317284799 4
-2.9765379182136154 -2.8613249305493387 -4.491089989551025 -2.6119614336205244 4
2.3819083047030762 -3.695259096716371 2.499296010280212 0.3274802439638692 4
-0.19484524864281483 -3.7545882920052582 0.06055089723834961 2.3004271316082625 4
4.173744979178846 3.0167932018963715 -2.9880874208748938 -0.26584030550103743 4
-2.408631279720132 3.0907674771432907 -1.8871682617056655 3.0634077641532693 4
2.2276969121822923 -3.5239801600514618 -2.693958318804863 -4.472016055667128 4
-2.0978793287530775 1.2766042650461842 1.1789521453606149 -3.567956519842423 4
1.8643196580456425 -1.4074175633427377 -2.757338242002558 0.01351580504912997 4
-3.3391459662892435 -0.046172536473616854 -1.2679460873058495 0.9286494024796345 4
2.3759284237986953 0.19008299772739157 2.4855490015953032 4.276390523107623 4
-2.750409855508308 -1.7609262285343577 0.9353630175472097 -1.6021309488499198 4
2.316387533494014 -0.35369574293916617 -2.058227506448714 -0.3618879204090073 4
2.38719056877553 -2.9158786396818055 1.8676285144630707 2.184295434496701 4
1.664359638731639 2.6962339003547457 -1.9868530360229708 -3.9664290161308027 4
3.487161066877174 -1.8150570369883083 3.746167590729512 0.7571928766347139 4
3.7093980816696277 0.7711504283963014 -3.1946904166142307 -0.45049948376033666 4
-1.8524964840265423 -4.221387833764531 -4.045756347633124 -0.9636496964170803 4
1.482038683939833 4.0446134780986345 -0.6430318363019715 -1.99251870141413 4
0.6705001102904069 -1.7974686087843943 0.1981161686955093 -3.3276091819878184 4
-1.5321408171026398 -0.08395279237638453 -4.332482913071316 4.126543100294663 4
4.355691441865844 -0.6250813941642913 1.1174219138802346 2.8497076460020394 4
-1.0151470470655888 -0.04917974947594894 0.09040558553084654 0.6127430347542173 4
-2.5045586065162277 -1.8832921184557936 -3.569170361892689 0.4479377523401017 4
2.7907404039757213 3.5358821570444507 1.3656547054135575 3.4223807209510766 4
-1.1679828391538039 -0.16111937656650555 -0.7504404072735101 -1.8492751533856837 4
3.6315693231024904 1.920756896914157 -2.372755561181582 3.035781775456102 4
-0.3801671732962415 4.123069114984992 1.9201445505694115 3.8336360931201523 4
3.4691211743012964 -0.3371701293465301 -0.5316071432876248 0.7201159223523409 4
-2.7592292309321076 3.024512085067214 -2.784518741749252 -0.3826631921070356 4
3.5786122872524655 1.5476076716765959 1.285097326251555 -0.6031861877571844 4
2.7484966667497015 -4.328830075492908 1.8064932924958752 2.8038248795185865 4
1.0856113895045252 2.7631848117170184 2.4834239742516373 4.111918444941701 4
-1.927289019688509 -3.1016552121602015 -4.147296123114563 -2.6408419690113774 4
3.514120547814308 2.5410586253539305 1.9423016143120686 -4.0532596174960664 4
-1.2760375822717547 0.6990348541278528 -0.5498824889374804 1.0769836551265635 4
-2.4487425483392915 -1.5181718870365737 4.199352023445197 3.3638818766033927 4
1.6793935596175524 2.3506699952116112 1.4129571747432825 1.6398429150995262 4
3.4165659229414067 1.4300915841101585 3.4176953848812106 -3.286436086897753 5
2.6948367905738997 -2.7939880956869336 0.9210247794190152 -3.485636094362089 5
1.9718864448538391 4.327736686205573 0.3455987832229648 -3.963835635316493 5
3.6790043355945086 2.558587373312148 1.1923977558156356 3.3817959561861777 5
3.536991270899367 -0.4042538379933266 1.374240263730223 2.211189283789059 5
-1.6404386924642758 1.2497803089298758 0.383052608986851 -1.0160495088571122 5
0.7693859456357282 -4.136777139015075 -0.32305610925448736 -0.13932077267363951 5
-2.0708479923557874 0.7600561601080069 -3.472393092731893 -2.179550184461827 5
-3.915905756983973 -3.935233682760313 0.5051066891067452 1.002359704541683 5
-1.1126194077055502 -3.409435737244875 0.3550256005601643 3.674098177588628 5
-0.7675402772076322 1.5739264720170287 -1.822992298374762 2.7094038324437166 5
-0.24989272522704842 -4.332861948842239 -1.0781654530361175 2.8857120363278215 5
3.8566291459031907 -2.241574293446439 4.047989764882438 -1.64572754435363 5
-4.433498129439937 -0.5169631016394417 0.3983808077362818 -0.09034480169181947 5
3.1554401856867336 3.902735743183456 -3.3519621434622664 -4.492134474938156 5
-3.3013070788353667 -3.878124292614042 -3.595819578279559 2.307290634433036 5
3.01232299523272 3.098148533560434 -4.041867447730829 -2.8446542752285042 5
3.7339409062434896 2.6143391156336677 -1.8767606721241812 -2.7357592077457635 5
3.0273894556187626 2.8597295191803584 4.131110901360788 -0.11487779896744699 5
-4.1417147688764295 -2.915143377147138 -0.7183342308009862 -2.4019987010266126 5
-4.107762739854472 -4.491839968062399 0.33502784193555946 1.801102130115142 5
4.289373058732503 4.494276356716176 -4.31652092812101 0.5990470164653513 5
0.49977253806241895 -3.1681297791022187 2.94481812290281 -3.2982778341187635 5
-3.2744317384298665 3.7035550781055573 1.1495317467709767 1.1884134354017517 5
3.7596721036095375 0.7628610038981972 -3.0138069474122933 -1.822507075891087 5
2.000770250493212 0.8965012144916091 -2.7864495593734 2.734222189856267 5
1.9165168369325996 4.304892922315772 1.8743737319931388 1.6500567896688536 5
-0.5867302325168207 -3.805132750092365 -1.247843633865139 -0.42901065175639164 5
-3.798814749248753 1.3872318198321594 -0.19270877543482623 -2.801704674115128 5
-3.9700334297834354 -3.5279007402052613 0.7937258037421289 -2.984793832232307 5
3.447545101028892 3.9420364232628815 0.8374567024535499 4.369885665846992 5
-3.478165266848014 -2.511640286827819 -3.8585758711053395 -0.8436474000603008 5
4.416010317629831 3.7768519294139593 -1.5427198014109766 0.4728817473712621 5
1.15374084059011 -0.23432323908936703 1.1187538230442082 0.20976100026292877 5
2.6086720848694407 -0.11007048277401343 0.02323121898979441 2.956664867475356 5
4.281028191524678 2.414359737687286 3.4223157976384475 -2.512550068083482 5
1.2334596650537533 -3.491290676928252 2.240898809208467 -0.18717710611110472 5
1.9835529798143332 -3.4427910879957597 -2.7815696204947757 -3.595608260320474 5
-3.183195530630285 3.262240100798974 -1.291030402948717 -3.9087293088638013 5
0.6603543424437311 0.5668077435397146 1.2719564006553243 -2.6008972342322068 5
1.7858521102587495 3.1078923793016804 0.9255956686759073 -1.7952261745262557 5
4.020925774502653 -3.918399317047729 -2.5492231862012775 1.080909481126267 5
-4.138219417151762 -3.801967479161899 -2.3189966311247865 3.5552227811390407 5
4.301965583694623 0.3068109659099916 -2.3286903369731036 -3.9962446870111044 5
-1.1199157277534302 0.98337193205803 -2.455136711736107 -1.0086044392309117 5
-3.40865517788164 -1.0008929834007416 -0.8999444589928963 -1.0065359316327553 5
-1.8353622555397413 1.5734522656091534 0.036208818852322744 -2.1971949211895567 5
-3.090845970796917 4.257418659232067 1.019900659217995 -0.49622314220233776 5
-4.1296209331966995 -3.573712985078942 3.0039502102815385 0.9412570437245579 5
-3.012650561810703 4.408373311791607 1.985991503440621 -0.8913530435592497 5
-2.175220978577132 1.6826717416386316 4.373287234632032 3.4857377754326158 6
1.602742649140897 -1.093410067557088 3.0522343726658834 -1.3955615323587298 6
-1.8178820917978298 2.207770021274924 3.474666703909629 1.6932423200887117 6
-3.761890061139709 -4.3025216372263735 -1.6091790238530053 -1.976958736017613 6
-0.8490339993362398 -1.591030858439585 -3.8706458338941223 2.4414449340956144 6
-3.8633581444261784 -3.7232693475645386 1.4886131453196907 3.0986305901176525 6
0.0064447834475572785 4.095912271421063 -4.239133140573088 -2.90796421789523 6
1.7967094444105096 -2.8806289932682048 2.655852529134391 -2.6868749565538455 6
-1.277074809551403 1.6296593862020163 -4.069994252237584 2.474207291474629 6
-3.803119687382363 -2.729986954610186 -4.068435578556819 0.6463274550762319 6
-3.8736421651040436 -0.2614736696317418 4.30366826782105 -2.8150003042438176 6
0.4079111093010974 3.266974415457938 -0.31496559701394533 0.27937415425504863 6
-4.212977447534628 -3.256751051723578 -3.964351042996817 -2.211978792731288 6
-2.0043225419506214 -0.7732230135804867 3.357812932888881 3.856067560924706 6
-1.761603774024275 4.41473573680971 -4.216198094731955 1.8591124669546346 6
-1.3136245544665335 3.6693243288294077 3.4638542967811605 -1.1700932584973056 6
4.441399658872417 -1.87249684045152 1.5999445133661987 0.3358202110398144 6
-3.108839377341475 3.1760498061963967 2.539638058036765 2.9173007007919214 6
-4.3686633197343205 -3.370620579772921 1.9534429818185726 -0.7631395015059105 6
-2.7355866489887495 -4.292564309822318 -1.9971232841361641 -3.4523421513712345 6
1.22010868643221 -4.351468007827632 -4.253478330979406 3.611352162657302 6
-2.0391175434641418 0.5119886833853595 3.4600773641159797 -1.877336648285354 6
1.5466722346482102 -3.402777680068604 -0.45017983423861196 -4.09748715334581 6
0.35118970367147384 1.885301629472481 -1.8767056829339608 -0.5515103422239491 6
-4.084778104959848 -0.3311532010319267 1.3231886168078355 -0.4375130586650917 6
-1.169249041357085 -3.8503111354099504 1.6867007366293212 -3.952268635858381 6
0.7305136905506596 -3.804699871378516 3.842356320581835 4.106378202256631 6
1.6619181539985437 0.02851934043294002 -0.20892893725532158 0.6928761619564189 6
3.2772855586176575 -0.196253031104619 2.3648055233084713 1.3802928735281323 6
3.1731743496020295 -1.2810137762616494 1.6678451031525416 -1.0228623762524571 6
-0.20061701034626378 0.9187396061594195 -2.0489069219411595 1.5503287327849127 6
1.7207608365692129 -1.7513404520103797 4.408864665154315 -3.46940336306976 6
-4.0599173454410025 1.791036562971449 -3.0922975874384537 0.19126923570054633 6
2.3320805560684112 3.409216815102242 0.12098730497181764 0.15985894803702339 6
0.968254439796121 2.6807898472157135 -4.00946254035701 0.12451323981931517 6
-2.8606993667535336 -1.4119452748121943 -2.868042098247512 1.1356004196100502 6
-0.9094116424427403 -1.478710143607254 -3.178203169504089 -0.6811665160200145 6
-1.5560859516306507 1.2868480975969212 3.6086844686122634 -2.2192809686844974 6
3.0112741635957883 0.23265582767668258 3.4967362201784895 1.5773697832343716 6
2.065243054014697 0.8286695287599172 3.0106241609137303 -1.7327435546640158 6
1.848702310760314 0.8967822750002459 4.205174567110724 1.1130377509224743 6
-3.258465017444228 3.2469917416955862 0.0762976393326037 2.5547204427495958 6
-2.98682703279272 -2.0221748726498276 1.8429093505404759 -2.578016690297895 6
0.3106134594593255 1.600816075435981 0.2893188916166888 -3.427585765189875 6
3.8564647447760567 -3.1825849310451795 -1.4897548390757476 -0.03549661743617172 6
-4.06165810571205 1.0178318505021777 -1.1785164024751609 -1.8253189326193708 6
0.6617692605450536 2.064184224958516 1.24178440624957 -4.409708696452888 6
-2.8558434822651364 2.5504283829913925 3.328198327433822 1.2567287066477975 6
-3.9225007115638775 -3.3372581955643636 1.1594992851244634 0.03596012869258436 6
-2.8992115247202217 -3.7088216030252124 -1.8525548966178764 0.9843546379968314 6
-4.111150513659394 1.3306120502501466 -2.671287432525573 1.6994715367241873 7
4.29442088465189 -0.7208718499042082 -1.2912379945713608 -3.5493870325337458 7
-3.135706779508046 -1.8396695680372153 3.1498483066662866 4.316006609422722 7
-2.3004133974762606 1.939984284872714 3.5160826555963 -2.495839322150683 7
1.0969147577305463 1.0020246416940708 2.354629626023565 1.6171989257978527 7
4.361868586226657 -2.0167981077757937 2.8459802706413537 -3.935635687293037 7
1.1353209798509791 -0.9352551490719867 0.6923780229655034 -4.093316330436731 7
2.1352515973915187 -1.247379772624344 -1.601488912407293 1.717535869615033 7
2.9589564391634586 -2.0100865409990103 1.7962501626177123 2.4601673075556887 7
1.7305155308625988 -2.608737690499307 2.8861159948344004 -0.8366240822860125 7
2.3480473052431954 0.1671742529021515 3.2700289651682093 1.907178725241213 7
-2.368313254056866 2.1824351567155134 -0.12283410980350784 2.3562292248846126 7
-3.451116471216326 1.9172870939434143 -1.154476051660556 -2.893202243456903 7
2.3872771707404414 0.3358361799798647 1.7704022440398715 -1.8951890183191162 7
0.29889690794952606 2.3329151329452276 -3.174970490451302 -2.6638431832614877 7
0.5957385995490048 -3.82833211608805 2.5961638730695706 -1.4892367892270806 7
-3.8356822568657667 4.1041567962269125 -4.167588784633668 -2.027619243592832 7
-0.0605259749315703 1.478430532462788 3.5343563117977332 1.3811698096349767 7
-1.2183358222611471 -1.2823621220891102 -4.48040335891559 3.082785107607401 7
1.6649115363468177 -1.7029602529238583 -3.698729101034263 1.1448984348613447 7
-3.588230662303458 -1.5244041722955446 3.554425307408413 -3.1653356410454 7
-3.433742739373614 4.283989058672693 -4.297347429752824 4.424933459553633 7
3.1421001326206484 1.2298119466379749 2.01758866662432 -1.5525763303192361 7
-3.8486708757654866 -0.55614094365061 3.615428695114233 -1.5687258923202538 7
3.548618246974975 1.0433016434533307 -0.8211283268112122 -3.052578925707667 7
-0.9655591992789002 -1.1439663035322065 -2.8701058008771323 -1.886951895567298 7
-2.915332126281528 -4.472586157817402 2.9150532858174962 1.8914723393190807 7
0.34744877232151616 1.502738589500929 1.483046828845039 -0.1928721906656924 7
-2.637915703001915 0.7747524137680161 4.032462718363125 2.615952600159224 7
-0.8273861024660392 -3.463481125924604 -2.32325206642794 -0.06106400554162472 7
0.2918230993835591 2.9662417940525385 -2.5727142150975757 0.9945695017680112 7
0.9255907682124872 -0.9338701163725605 2.295745270862991 -3.5847957998199407 7
-4.289122327087153 -2.196762112923201 1.3058463440933834 2.729112704382871 7
0.9414952604943779 1.6809747036666325 2.278072681115938 -1.3225518989322596 7
-1.5446585745084447 -2.6835447392454497 2.9150068225306245 0.552193179573348 7
2.4289665465760346 -3.6817561801130845 0.016326760126462614 2.95438005981143 7
-0.7548547090267067 1.0419999555346373 -4.472112371352061 3.2516206163419206 7
0.06381630492558799 -4.007629864237873 2.398187655856903 -2.544656440677572 7
-2.62878973902497 -2.9380636132498186 -3.3813909887569444 3.941236117936321 7
0.10450529278886433 -2.6489057427617935 -3.6006187515686 2.6791797824605115 7
2.2456180767616685 -3.7321111719911735 -3.6825934809533734 0.5623446514906826 7
-0.9463288642679921 3.443573594394184 -1.4948759491451327 -2.8435095671485637 7
4.063385654736911 -1.6937196183166359 -3.9956961892029965 1.7461074016846365 7
-2.651996562984234 -4.314849269056664 2.7418507687510756 2.316646574236325 7
1.7927445146612349 -3.846959676368413 -3.0796932436976734 1.250672011290427 7
4.475385642653175 -1.7992061202766387 -1.1381054246232276 -1.698496650067253 7
4.164070909568434 2.0134494318869267 1.491070408892429 -2.235958516131503 7
-0.7880807369472532 -1.6061222501282881 -1.7641219480736208 0.8140874037043581 7
1.538967884353983 3.875052828588262 -1.5688585179289873 -3.9576848449947426 7
-2.0964558331207948 1.3060602947535238 -1.238907185361204 -3.348802888759826 7
-0.5949553448915821 -4.152616416250329 -1.6250890244183642 -3.10538263333939 8
-4.039956977697351 -4.090387981503429 4.356152607125183 -0.5504527077357626 8
-4.083921215523703 -1.7369183704480586 2.1245887147309164 -2.608109988917719 8
2.6777886217292504 3.9945378632961983 -1.4533604018737103 -3.2544281152524643 8
-0.8013914925826208 2.477699717257062 3.702617795893079 -3.967413736138355 8
3.4860311499245524 -2.191456153855738 -3.413732981378591 -0.8613077484452735 8
1.1474232811361889 4.084092024472965 -3.268337491626101 1.9717137722581013 8
0.6820005270029298 2.004566030035358 1.5785554798984496 -0.9425104495310739 8
-3.4355695584919372 -0.8361611459693187 1.6493625005228458 4.3887176380366855 8
-1.2871027791329994 2.525823578489876 -2.909998050323432 -3.539999536443567 8
-3.2640358220591743 2.4005067742879014 -3.461033438619279 -2.3318530314194 8
0.43530789166245254 1.2631858520315533 -0.0991329796694741 -1.1392138428076382 8
3.8870966038842267 2.4025719177538383 -0.6504236824814752 2.4151812365997336 8
0.32987741653219516 -2.039800252838185 3.4420716637103235 -1.6559792736757486 8
-0.9867625520988419 -2.409644232091319 2.244410749668274 1.6183647611779337 8
-2.1668530025958006 1.3367241290868535 -1.538137970103115 3.6600159576953377 8
-1.0781717861525117 4.245102033913392 2.179287927802126 -2.935213664665709 8
-2.47317163818256 1.878445902206043 2.763448189875679 2.88164022921042 8
-2.0666454761575164 3.3945285537024783 -2.2224555319164634 -3.028457955046998 8
0.10461605595506729 3.4910034722345564 -0.6210094737892357 2.3622044458188767 8
3.499183861161411 4.447013245082739 -0.02760138342512941 4.118305652380088 8
2.3780854301138543 1.1536578264506803 0.620630430050966 -1.9432266194281942 8
-0.14546481789121568 3.379429702879495 3.9329664588682713 -4.452364588331886 8
-0.10716924066168043 4.005354531179711 1.5068875550869039 -1.0018499063714326 8
2.233578379121286 0.5663471549555632 -3.3103381539305667 -2.010808152852157 8
-2.1087670257605473 -1.5372434821059484 4.444832686298679 -4.307638980138223 8
-3.102242341331765 2.412083340355376 2.0364224411657803 4.493647050945923 8
1.5091997418775067 2.189863373481134 -1.503375199244143 -4.17724181213164 8
-0.29433439943037976 4.105853658423498 -2.691035241570665 -3.145603141901578 8
-3.054317136598337 -1.6484018939946776 3.4269631141266963 -3.669269514005376 8
-0.4047783990398125 -4.124911867553948 0.4013263206550406 3.418545206845843 8
1.985015202272967 -1.9604956036938899 0.33636457352349625 3.943248968591742 8
-2.416076029845666 1.1010090471607352 -2.791015960271087 2.429996483055006 8
3.18325461807035 -4.223739774375289 -1.0753745570771094 1.7550305904893702 8
0.2024853779315936 -0.5134997230426207 -0.80773440004148 -1.027070154815667 8
4.354342754372112 -1.2688284571248494 -1.0038636941089625 -3.2308529015299454 8
-3.597178137148161 4.269333981095305 -0.9275764871265605 1.2150494855315914 8
-0.35547889202320637 -0.15136692120380346 -2.6239638540827785 1.8019655743266527 8
0.243013998499219 -2.2169643536918424 1.0312781921346381 2.5501376974034384 8
1.3398683215464877 1.9659878230498427 3.909355984229717 4.131184960338217 8
0.9614419585415716 0.7914772512616604 -0.3235268823759263 1.9324026267461174 8
-0.7083932081469626 1.3650741674730997 2.4404637944180236 2.2239980216935957 8
-3.860680844772929 -1.214898199394014 -1.1032534588724758 -4.109159698240922 8
-4.3112347959591535 0.6668977734243706 -3.6229834723195946 -3.2418722615813143 8
3.9832641326067377 3.886573954916466 2.612323415640705 -3.7669273691025307 8
1.921030032339607 0.277216219710674 -2.6503241746720976 -2.151872578291125 8
2.5141062718819325 -2.39889844355836 -2.4815907850875005 -1.3250549184490668 8
-1.8931677181581579 -1.42205214928941 -4.229500196824734 3.1178848432856476 8
-0.46536781594131926 3.447523728271576 -0.7144011008189229 3.7703006701994815 8
2.6782101156319364 0.13177609063070372 -0.08269573048728884 -3.605343963049549 8
0.16820739461717538 -2.90445131481461 -3.59954643159071 2.285493207926278 9
-1.1723430869934943 1.6715573115288018 -4.047965474643646 -4.473596598339506 9
3.442736762884091 0.9668351387959767 -3.7770395204565927 -3.0071755934042663 9
1.9080664321619751 2.6254899714900235 4.339440051575912 2.2117831954067135 9
1.494027711401324 2.9989131768391717 -0.9929716042533265 3.307723449190348 9
1.6417780349816562 3.3327626988210217 1.452593723372901 0.05910532698146942 9
3.3797054540487044 3.762421483151201 -0.11445300558627025 -4.108517716272144 9
2.2581551504203317 -4.40500831948281 -2.8793135164830677 0.5211603586900426 9
0.48277834889192006 -3.648588205148861 3.1317076979111853 -2.0168775832159227 9
3.2423950536454855 -0.2985026673813609 3.65437379701362 -2.894300889719778 9
-4.379300804959103 -1.3113906502538897 -0.9118738557966636 1.943005661876291 9
2.808845592200179 2.760245417770114 -2.5799534782013165 3.2994164774667314 9
3.828134968407781 1.1307553676820894 -2.672200965682659 -1.0417032959230683 9
1.9638608346114328 -3.6112281549530967 -1.3885384123571947 0.22651961929915332 9
-1.7577120996070454 -3.5029965887482613 1.2277226002117794 3.8988615831277147 9
0.8786243798347775 -0.4331745856928295 -3.088062353921665 3.071374503891154 9
-2.752654889207222 1.8196587605594323 -1.1701781106388927 -0.9800565115799149 9
2.9807545530910633 -2.9997346128515314 4.205474026017972 0.6363705440569898 9
3.247842522185091 -1.851660643404605 -3.529677761064483 0.446567165220189 9
2.862739761161949 1.125020744674627 -4.059862595450361 4.001174082340641 9
0.14683958703100375 -0.538159190610527 -2.6531644887607673 4.1205435241305555 9
3.3415103456996853 0.8159973258356691 0.9810631267866039 0.3611785656222105 9
2.649961933819463 4.172663507150547 -3.018587631069068 -1.3980720695444921 9
-2.926022504798336 -2.2280210666545357 4.270596736467647 -3.0049580912200407 9
1.235886730137575 -2.867535252092477 1.957681588281177 -0.4754829560876541 9
-3.1641018184488825 4.006876786419291 -1.849010670110422 -3.0020317020887974 9
3.514770350394377 3.4268414781897087 3.4244348399531503 4.080904117154265 9
-2.208307839968373 0.2283065519332128 -3.7208545873747205 -2.224775947892754 9
-0.11142350790546962 -4.172855282945486 -2.291069713402984 3.0580325506544375 9
-4.19350371392988 -3.089743685908404 0.3265733193739019 -3.048938579026736 9
-0.8977923176808595 -2.9601080169071987 1.700308629604279 0.005884354780456791 9
-4.097530582943691 -0.6957912583685173 1.1817748408293396 0.7905328850232823 9
2.4296093485564727 -4.209976183907852 4.287086301509657 0.47690295805196115 9
0.9929470761771584 -1.3905159848801834 0.04375939666230111 4.246012712398784 9
4.248724783002193 2.160180937592207 0.7293264319071536 -2.0579223817742953 9
3.478628770289362 2.51903533801012 2.2454946475283495 0.28495869521165296 9
1.2648146470611885 -3.9248838233417596 3.3615527517792523 -3.718867024444209 9
-0.6719464023974887 -3.9612551734616477 4.326820909909141 3.544679691372435 9
3.9901622914858574 0.9773139189503129 -1.3373751901410293 2.8565371349387494 9
-2.8671957671668418 -2.1729770750079833 4.235159219792902 3.5325443075241933 9
-1.4183605729501316 1.2947648107435445 -3.0715040841886334 1.0085005058179708 9
-1.9456301909582407 3.9955516480918347 -0.4716796686058954 3.1135354724903834 9
-1.9934001405111212 3.2709422911726005 -0.7606828670137038 -0.46351717050524754 9
0.4212853877799463 -3.4444156777247743 -3.2676726749973417 3.3698185605392093 9
-1.3570121054060618 -1.7427763007121104 2.142218905292216 2.8083211425527193 9
4.4234126922798485 -0.7307230122650173 0.8931971354386681 -0.3613156732588736 9
1.189039961366999 -1.3653571168417737 2.066598362228741 -0.7761577649893373 9
3.0862748191109044 -0.09263097670456155 1.2105864727686402 -3.707576076658264 9
0.1799983631612636 3.322785188964138 -3.494513912029755 4.383340910374253 9
-2.563699073782825 -0.7260142755169275 1.359113592115454 -0.3772568688733895 9
