500 50
-2.4903802876181502 0.20847007260608497 -0.0067367770759295675 -0.5518633651414927 0
0.45631310923062973 -4.089582448804743 2.4681040919966284 4.44511739324282 0
-1.253440481870046 -2.492271524778401 0.957619446070865 -2.36010490296139 0
1.6985354563922084 -3.026417174991907 -0.3955707401477826 -1.9383624327123363 0
-3.867076198750497 3.969097742212524 0.39735930375032336 -3.4977157197170827 0
0.5731324221134275 -3.798068945490116 -3.837061503885063 -1.369178984643692 0
2.0037646001235587 -3.073930438291502 4.170650930754912 -0.9672482518740877 0
-2.2474682393037897 -1.8586146950802225 1.4866199297015719 0.02860241727476287 0
1.769496427877354 -0.3216232076386344 -1.366586035652122 -1.6749465827014316 0
-2.5644407065709443 -0.4785636412830817 -3.256497093167869 -3.477022091852428 0
-3.4120912361493883 3.759183069702525 4.469343147608947 -3.6849453230204228 0
0.5980169584727598 -0.25182615832265487 -3.7433985870157827 3.2316669593037255 0
-1.6689021781750963 -4.111058432370365 -1.9912018987371036 1.4603993730709923 0
2.2720042526397575 0.3894213948418622 2.860840250442097 0.11945743721313751 0
2.4047138314323058 2.6140388959420817 0.662893952500552 -1.5101655552158735 0
-3.8500075856283287 1.4374425096706278 -0.3480650540461786 1.7947916332463836 0
-4.020305954901777 1.6652200745043066 -0.3033210800857775 -0.3715682445714047 0
-0.5098413418806164 -0.2880346735803502 1.3668667819998186 -0.7187864168029436 0
1.4495340128846355 1.7096996873395072 -3.716481884531392 2.004182043383234 0
-2.1300346399899257 -4.396689596158426 0.8557787018822985 4.133481469400797 0
2.441650019622887 2.8452809365996448 -2.484970583893605 -0.5580794684018325 0
-3.2432255662653375 0.70206071017357 0.3883105602337513 2.104443957272961 0
-1.4339315516022062 -2.4100606127784014 -0.8570532263972935 -3.875476350256176 0
-2.712206217734058 -2.056583040401874 1.5298002197830907 0.056883214499409585 0
4.291674876096237 -2.5611391954677463 -3.528956924989998 -2.5304289400091653 0
-1.292333246441134 -4.334400480324454 3.433615774653292 -1.8938930760533232 0
1.0511124263551275 -2.42635150997024 -2.8992033564535564 1.0206048194294879 0
2.181165624592646 0.7582518755539785 -1.4998144573965324 0.8645065127576932 0
-0.7190680086921869 1.8832754897537591 -2.9201305694325477 3.4747424493690295 0
4.248409733130325 2.790352058915504 2.91028776838389 1.1337098629887328 0
-0.6241033830448232 4.119557398303057 -0.15672413409511476 -2.5359841985443303 0
-4.070177090055937 2.0950362080251947 -3.940558269133409 4.235236051254119 0
1.5809980435325517 0.24304651014740364 3.4475645280421032 2.9555465609556935 0
0.6028870668514218 2.0065072432242688 0.7718422300121155 -1.89032742673088 0
1.6434301514873657 2.6578141208936064 3.949944730360448 -0.8669107020329876 0
-3.484390300183856 -2.7075363104576624 -3.2600118894850474 -1.5094186471471147 0
1.991873060754782 -0.9551940976545124 0.7416863313046533 -2.0066239487970066 0
-1.4473313719396224 -3.1189888253554097 -3.0966034529181803 -4.094136004155458 0
-3.5948338684990335 -0.8347760383043007 -3.4355490950005865 -1.8437646940542578 0
0.746239180198534 2.1664846886551294 0.10480840711103545 -1.207218303034678 0
3.333247575981199 4.198735443624101 3.0372342969275 -4.0582219154596375 0
-0.3999163018300488 -0.896193008354852 -0.5585995817906952 3.823735227331076 0
-1.8095433213292949 2.9552406006880654 -1.4412876054635166 -3.5276192022902366 0
3.6885705299168023 2.3952300772616555 0.04066884735542686 1.7919057237382239 0
-3.885166941174675 0.9542386797823192 -1.8197371672264533 4.432717727917689 0
3.952945191855407 -3.5807160802943927 1.6801826438880065 -1.2223402049886223 0
4.29785564795957 -1.2898014806295914 -1.1353840570977758 -0.28675130503924773 0
1.3876845150515429 -3.394928643478243 3.420825428192237 0.10732411133949349 0
4.152169740722237 1.3606328445445417 4.340013146628769 4.129017496716397 0
3.930100289048913 3.679445747469681 -2.1855858026609836 -2.7990915618601075 0
-0.5669296988928288 3.8993486344866097 -0.5013584328547775 1.2606380964706512 1
1.855955235981219 -2.095770323314327 -3.560074814492272 4.4283737014798135 1
-2.882102387256343 1.3999801937296281 -2.829751317156464 3.349088569202304 1
2.8982503464029326 3.67117980377068 -0.04508671570067613 3.4501459969771946 1
1.1355814939781514 -3.03504716205547 3.918044582994474 4.119536157183696 1
-1.9651842617914572 0.7938816565375751 1.8400927051063094 -0.8369963693674981 1
-3.494255315658841 -2.0742994579166987 1.1181718706335602 -4.339992458230597 1
-4.482140390587915 3.5690703664230314 -2.307124629040695 1.0496632114780695 1
3.8729471239690123 -1.4378944244634462 2.5065558337683984 -3.5696352801856897 1
-0.6967705422897694 1.531767268315849 -3.330276406788971 1.3202960044000647 1
1.0011473236825275 1.448307055154996 -1.5988870312527799 -3.3313677228227023 1
0.06356523604473552 1.2147592945272363 2.698668265675314 -2.8121028834372446 1
-3.5258287364081706 4.060806440181054 1.0155770963047543 3.8659981003899517 1
-4.19911637106725 -3.6269193024369173 2.5932465864430183 3.7706572866072525 1
3.122520913537735 1.0113187856220653 1.3782383149169943 -3.9585367525596884 1
1.8013630857020035 0.4523411505256565 -1.7672594271537494 -0.6438496401428553 1
2.8026127383735293 1.2994386803903561 -0.9409536455238331 1.4201560847450079 1
-2.722705329879337 2.4599039578640065 0.6091439138832603 -3.424197000296428 1
-1.3985620112547423 3.153692103799279 -0.22106036813399466 -0.16058585130262026 1
-1.4283166937057392 4.245899715153582 -1.0587936357318035 -1.3996876945897094 1
-2.4891338350387713 1.2455993951530782 -0.2895852842367428 1.4418265813710205 1
-3.2637857274071544 -3.3354082836200325 1.0442660597344349 2.8369401470851665 1
1.3614815754548442 1.9567477134509241 3.5805341217426427 -0.38249802823102874 1
-3.604608257508085 0.6977309772808838 -1.0565564119530588 -1.8941431860222169 1
-0.7692045481596271 -3.2833261748309934 1.9343950305357807 -2.7389606891970044 1
0.15852472876778567 -3.9174770825857386 0.18363409802921193 -3.6274029230856084 1
3.5838722759356254 -3.6500644106195352 -1.0105896951575937 -1.3070436749278735 1
3.2656822279955753 2.1462487242621684 1.6040185868184949 -2.8992377216554766 1
-3.4693962652111456 0.3841878682834956 3.9837516769594585 -2.402585518853879 1
4.231356050657404 -2.2763048283624614 -3.5048108911557043 -4.336658786655084 1
0.660831869148089 0.6123161075359586 2.148308585446778 -1.2931761138963438 1
-1.4265672474125624 -3.440460060262711 -3.3644709606362317 2.4024425898367974 1
0.4005327726406861 0.6107845913549518 -4.027934165774059 -3.3950685672493024 1
3.730857882565523 1.1376056357272575 2.214908255421662 2.341652313505221 1
-0.039384790302719686 -2.8309992120705716 0.36205735626558944 -1.7265422166128093 1
-1.0009878847706832 0.6543386124143138 0.9150644011256225 1.055963496456195 1
2.0456270119611726 4.389601196986597 -1.4540452599543614 -0.38313885285900384 1
-2.7739025825765586 1.5568560181736877 -0.29566028699651004 -0.344896826124387 1
-0.7619956689925943 1.2285735789541181 3.9477957377412287 -1.699587737368567 1
-4.446266710932089 2.0996604214385592 0.7844250580186869 -0.5211570452791889 1
2.9223040947942174 -4.0876941716159125 2.8912008668767895 0.3965375872077309 1
-1.2929169218986571 -2.5161872275589294 1.377787112311398 -0.2826977614283195 1
1.339598424699544 -3.722333883807133 2.044470034330295 2.6932885926606542 1
-1.4482764055791626 1.4271729873465973 -2.3312859639419132 -2.464844783669752 1
2.9737326332218488 -2.7993720741935606 -0.20344013838604946 0.8115487394450385 1
-4.368304179866763 -2.5085598125592963 2.896052946468361 1.2090699057422116 1
2.5203900824192482 -4.463240761973301 2.234371033280156 -3.6481515874691572 1
1.7092873935121613 -2.6118682961401274 2.294479440779201 1.7158881731730675 1
2.9586735345172075 2.7712705844894896 -0.360709639242642 1.6090319567050964 1
3.9735063471842413 -0.04756918060953941 1.9475951914700511 1.2502401034353674 1
-0.16863940391293097 2.8631531921235616 -4.026261163989861 -3.076469197978977 2
0.5382119600272662 2.990354345658606 -3.1361132577974367 -1.2886199485384198 2
1.0007266350177644 -1.1564297305743423 1.3256276775386862 0.28493924164044404 2
2.608941915962403 0.7302574974347998 -2.088717910094317 1.2458928490219159 2
1.7861777670708303 -3.9623246193632746 -0.5440987551412453 -4.274836574954254 2
-2.7966141271464156 -0.9163256991778245 2.368773490796839 -1.7398819724450978 2
2.133474858999279 0.469952113894056 0.5798960080878433 1.2914220273811692 2
-2.333643892773315 3.6855831764960305 0.9383827117001998 0.6669615974241558 2
-4.273128225148509 -1.8839709337971158 0.3529264171077541 2.9327516394358515 2
-2.694457722871817 -1.2171876838361257 -2.820880080589483 -2.0142282425813005 2
3.461718948931199 1.6751163990702085 3.37274133215658 -3.399034292952658 2
-3.24234894440624 -2.812011283442493 -1.0491959795679897 1.4074041837169875 2
-4.140158761905642 -2.7807664008145254 -2.6852352849596386 -1.0866799214922835 2
-2.8891412386360784 -1.6913935764767982 3.4448371488518683 -1.754178840425113 2
1.1369676103728672 1.9560998508903475 0.27410562035707886 -3.025782259234617 2
-3.3233536416527607 0.3707917673810016 -1.047923894968986 -1.9934997858358918 2
3.0207060195465343 -1.2261857529378115 1.953772371003764 -2.577116631207416 2
0.543982342381889 0.20327602789707022 -0.8918976455868223 2.6451004298985854 2
0.6153745999730381 3.6257475447913965 -2.45386631633962 0.34527768340339726 2
-2.0116981832272014 0.010624384761906192 0.08970683201472107 -3.016331933481715 2
-4.499959950835869 -4.12069987462218 -0.019414102127669808 4.396230487676245 2
-1.6600874250695465 0.8310003885689254 -2.7687600983848917 2.1643575343431696 2
-4.251791557227307 -1.001392622976217 2.207873390598376 -2.9060332801080975 2
2.443356047414097 -4.450813364297665 3.780264226477496 3.0993946615593124 2
2.992258592453636 2.1973028967622596 3.9757433509022686 4.094098284883351 2
2.0884761782439076 2.5424241130455854 4.3758390126747955 3.8669465196562283 2
3.8182859293721574 0.7127239707301196 -1.9161556511105147 -2.4531819729689452 2
-3.1276475766178535 1.921272606932007 4.144184808923569 2.3905911004664087 2
-1.2663856539568807 3.5998111057304243 1.309129575497407 -3.9023350522766203 2
3.065677274208998 1.8429642424424895 1.3657491271023212 4.299128319216773 2
-3.362167715164739 -1.0800316044446894 1.6382847843048456 -1.268666201689387 2
-0.9214960825835206 3.2484193927105824 -4.128109444872541 2.8420282283116096 2
3.6775780520549954 -0.06924825130362633 -0.7015559954624082 3.1990420571652245 2
0.49708623592590573 -4.107982275067212 0.2711217039862047 -0.13245611458855489 2
-2.984502865397598 1.3030342599327598 2.5696318135656133 -0.27987343139965737 2
-0.3049472819362423 -3.8839390677564873 2.4882587704340473 3.549013784081666 2
-3.568526669575511 -3.587804856931996 -0.2803250355961939 3.993209037998084 2
-1.566232862826436 0.8415191928943151 2.0219459651861977 2.582043144139935 2
2.7506595588435854 2.1661560398961317 -1.8088374350446035 -3.7155149830682856 2
-1.5049301103994956 -3.8428702668304844 2.449139326193624 0.12723548680443997 2
-3.8702632289101113 -3.070684951540786 2.4867736536345193 2.093355340130045 2
0.7265973278779553 -1.8208217281207786 1.5248970756088278 -4.083461445106469 2
1.1300244725521136 -3.8196750908604464 -2.3205990497163302 0.6748891903905214 2
1.3364681860973033 -1.99196197770847 2.976866634862716 3.592117282278075 2
-3.1606461992754378 4.150777932919364 -3.143909246681834 0.12403292660111265 2
3.063222118519239 -3.4873881496230634 -2.485385707099322 -1.5367380090556022 2
-0.9092873648739034 -3.8584547591800886 -1.0123826237688618 3.184510542316518 2
3.9263985123527108 2.8545642898356336 -1.2393613081641608 -2.876673302576143 2
0.7075544184264317 3.878474448727936 4.381854063897279 -0.9798374849733154 2
-0.16766943344428298 -3.5978122401639423 -2.6656218980809494 -2.2602918704445827 2
-1.1805488206341832 4.1527521778779075 -3.55673981732087 -3.6313834305004797 3
-4.266859422040894 -0.7663377396917609 2.41848561845891 -3.243593964507053 3
-2.288240074663854 -3.632193336380335 0.36839940394400683 0.07476913560991472 3
1.0912946825713865 -3.2858790707365144 3.805543168710421 0.6204303332246107 3
-3.9648904108589234 -2.6573662698010243 2.5974383403677472 -3.540655299932702 3
-2.9704606501671966 2.552770869535479 4.246127455916163 -0.5471761343039213 3
4.185897802799521 -3.3201840310421256 3.8947744671531535 3.6595749970171747 3
-2.3401475676063286 -3.0164590345607696 -4.104594530822108 -3.343696143641958 3
0.7320697703023878 -3.9045848208933935 -2.0138457491368174 -2.480942766511604 3
-2.244165620281035 4.114401268574052 -0.7317380858835273 -0.7636189247345689 3
4.451065311361675 0.7901715146263251 2.850684061633449 0.15169277965731087 3
2.3159768323181207 3.1552960230196665 -4.172743196638116 0.35558945470136716 3
-2.3704614822939063 1.9387934267048204 -0.8345137409637442 -1.9464724978875156 3
-1.2751099742575032 3.4783293616450104 -3.8694767959912717 0.06167248042632467 3
3.5552645229461124 3.0293599554447774 -0.005874734419492933 4.194724219855768 3
-4.123283202881613 -0.024469383679573742 0.7872830577605355 2.8035953920086882 3
-1.783404765418981 -3.199977911128898 -0.24741859143091083 3.2838366806049653 3
4.024026482462528 -3.581344750252747 -1.0183239620105873 -1.9058083608552345 3
-1.9850739351018354 -2.095197242179346 0.7644126138931597 -0.4095218561891594 3
-1.9482869530015863 -4.125652563434761 3.3378868890343814 -3.569450169524937 3
-1.5529177318679115 4.4877168492036335 -2.9686746007440497 -2.8258536048593696 3
1.0188016335758814 -1.6993014442253016 2.9061866906812295 -2.4197085756022227 3
0.11104803352233639 2.7501338664222064 1.930990547175861 -1.8609676912779887 3
4.185134529887101 1.870512001877024 1.8346038508481208 2.592812288612646 3
0.1158165631795881 -2.627237312023771 3.168954710328697 -3.0723513903279573 3
-1.1486309071417806 1.461408414310275 -2.526136307248496 3.318856569105775 3
0.7999912513217783 2.49120327046556 -3.6694689868739374 1.9184393377480848 3
-3.877832605936015 2.7579300129096045 -3.2841080406327507 1.7973677849958383 3
0.24769754117782516 -1.177901405285442 2.6757883657485753 2.565925598088138 3
-3.7315874245554874 2.181858369351507 -1.4247762602875267 2.962234690599325 3
-0.7721330666763903 -2.194642416908671 4.153162560335509 0.5589210516362356 3
4.055102596389732 3.3682361168463553 -2.9192157644338828 1.4245120930865647 3
-0.7368551968627902 1.9799772265302669 0.5655006561158163 -0.9367816283924248 3
0.6345843605678334 -2.3774183834366993 0.9168821169166884 -1.2338756906359403 3
-3.8883766298339406 0.2520157029215193 -1.7327610871627255 -0.9383484142469943 3
-3.038412225120214 2.1673407279476513 -2.0085848336548375 -2.149226068406236 3
-3.283139785054924 -1.2292117724909604 -0.40667271332907573 1.4385422997196695 3
-0.30728231188683264 3.4473305219253123 -3.8678382363723802 -3.410066580018308 3
1.703042020821441 -1.153843119735508 -3.474193159246183 0.41733173770207843 3
-2.0191895319066546 3.7779492754065758 0.04898722065654082 -3.3905149055716106 3
-2.397276270572217 2.1396620839338043 4.232067208741223 -1.66825683743359 3
-3.3772884180194414 -2.6170229663329394 -2.0640565301195997 -3.4492832965704125 3
-1.214186176376682 3.509104440169944 1.1073956174675037 2.5430212486751516 3
1.3756834106417966 4.054864491312886 2.6624884842021004 0.5162278277135459 3
-4.011402902260963 0.4616849441136275 4.0414954705428885 4.481041078984064 3
-1.614775149329219 0.35792401003573715 -0.9804351690831486 3.9624124760438204 3
-1.6641301394957937 -0.7298777259330167 1.023243662812423 -1.7090499219416815 3
2.612729426972151 -3.8962318913340876 1.787587462742692 -2.8015342880574012 3
2.6091599696078482 2.313644052176051 3.2651044184618687 2.528170558619241 3
0.8408181215114121 -3.207812075991824 4.28127665930476 -3.6548480047128264 3
2.1364277360251687 -2.042037227912074 -3.304091696916948 -0.6924325881644326 4
1.5199160841653727 -0.43129270096928796 3.943571740902649 0.9918551521023737 4
1.9771715087821924 1.7691789753488156 -1.2851326209533012 -2.3054781964074706 4
-1.8492365408293936 -0.4914563437023166 3.9772897223854535 2.15138409090747 4
-1.352195926124119 -3.8451603290709713 -3.1617518045048643 3.2467595884117975 4
-3.6331189607500622 -1.5472421534189076 2.31205376213821 3.1656846636574767 4
-2.5450426148823793 -2.1530512121148346 -4.286977194425295 1.6608961977418724 4
-0.35909504852904217 1.4513364653016436 4.252324680060741 -0.6612930458490167 4
-0.508440995521307 -0.09881202739276651 -2.311178686200205 -1.0745868574759836 4
1.0622314386277794 4.425186317201536 2.5540542365350483 -4.056799117924148 4
-1.0485242761591205 3.7276116750775197 -0.4809686609636137 -3.7073372331905796 4
-2.7889276076235316 -2.3410066990372718 -0.7795391276348799 -0.7224727906477467 4
2.3624378204211176 -1.3128378198856834 -2.1839156453479838 -3.8837480728405924 4
-4.198630192507751 -3.3409645603184615 -0.5568034384784746 1.3687383408736977 4
1.8319150223313905 -0.4594585400916642 -3.453081529570506 1.3438009385223944 4
-0.4510894085592452 3.0549925814515864 -2.2935198665684045 -0.3485137115356398 4
1.6319597524847735 -1.963460179590399 4.270830454917532 0.6305405677257985 4
-3.9620832645098036 -1.8368782379638364 -4.152320554098249 3.5620541947512137 4
2.0122786193937863 0.6306788407876939 -4.174277314035558 -1.9243744092015578 4
1.4078471294707033 4.326672135678457 0.9549344587683675 -1.2023731985431936 4
3.5113030900523845 2.9437046556454782 2.0018107952578172 1.109206713317767 4
-0.4816857530217601 -0.823031563366986 -1.627865639042412 3.2406262183306485 4
1.9192056969702826 -1.3214573451782385 -4.203525258290961 -4.350941581319721 4
3.055454980581848 -1.0261986570084662 3.566710349542145 -2.560554269332454 4
-0.7536768729283149 2.1973624529827327 3.5078454523444647 -1.9879868906874447 4
2.6932622631009617 -3.576627127408778 0.9822633756566264 1.0481376197985581 4
-1.3089720892465628 4.101048534510516 2.5448176345062072 1.7784533153856192 4
-1.7003115548182561 0.2824968094570933 3.230681707310102 0.0490110020246276 4
2.814036258980663 3.7166054671287103 0.7022099893924242 3.604587587000851 4
-2.274977507444605 -1.2931637853869673 2.8726637119789418 -1.7441671137923715 4
-1.9918689158257603 2.812863877794106 0.7383722274239124 -3.5592409487472856 4
-1.1168227641974364 -3.4490402851475 0.6977982881244708 -2.063367372820806 4
1.975263610404471 1.0493465672456002 -1.4673212222285916 2.2669656731003975 4
-3.674074147740389 -3.679620069918691 -3.3732384559292163 2.4958256997765713 4
4.464778774890803 1.9966128127340572 1.5704489899962 -2.751477056035391 4
-0.7927029331729508 -3.1671161167309636 1.8880831192185545 -4.072474977394414 4
-1.5876399895202562 2.8324872305142272 4.275234060812009 -2.5456359810067823 4
-0.38933245357142165 2.8550128395444423 -1.0071756803928387 -2.2975367049496 4
1.274996614346553 1.736143115126154 3.2326044026168934 4.344398192278606 4
-2.313880095559731 -3.958978067424395 3.3518364800552254 -0.9340436025864401 4
-3.626705521828204 2.1345196081706708 4.132458564145062 2.676863876800917 4
-0.3990627070666912 -3.120590136166921 0.28707381868900017 1.269414416411811 4
-0.7010473637253658 0.9933207989738707 -4.096372554729697 3.6205780543496475 4
-1.5319872132889205 4.069864487245328 -1.5930591918957222 3.239103954208099 4
-1.9926997011593728 3.653548088576527 3.230260273100833 -0.3223972348786929 4
-4.018734896081972 2.336082829544855 3.774351327164351 -0.6728042657247626 4
-4.1030091858944875 1.2713673681658801 -2.0384392078672167 1.427707773015447 4
-1.5237101921930816 2.604720150122621 -0.28474585639170147 -4.482440293514551 4
3.615918038710129 4.327634989597985 1.991112227314852 2.5369131100614664 4
1.9069853974070563 -0.8893013731006458 1.4133897054657238 3.988807681216618 4
3.4577266015230754 -2.488897152888331 4.414184113805442 -4.232034313940765 5
-1.8699913382984725 -2.3231587537537237 -0.828635255687613 0.2867329606498862 5
3.0245880037145607 4.334888167793251 0.43545938509325055 1.1081296432913268 5
-3.6790039060890085 0.34150330731055245 -2.9723650940833135 0.20444504288877796 5
-3.122234797505136 -1.4045837228314062 -2.6289772602528707 2.505941804366663 5
-3.3620846343567328 -0.9717087813146663 1.2706789796364784 3.532059023327493 5
-1.508197477368074 0.07340242612523695 0.09119195697900573 -1.4101531862690253 5
2.893812917277141 3.17879421960129 -1.5342708824705271 -0.7556194533524629 5
3.585490440907823 3.6614156187234244 2.439827935750598 -2.707199595321388 5
1.7804438349972451 -0.20120995215042392 -3.0736397470341217 -3.4144694518161094 5
2.8645057792238875 0.7115734185500814 -3.476662191157455 2.5647686035818915 5
-0.10263762718634839 3.6110179376414084 2.235325137056914 -2.949740585142516 5
-1.9320015501269228 -3.0835156064109155 2.0819306159893207 3.8270161451998224 5
-3.8266026126925095 -0.1896565090610256 1.4230803047285567 -2.216586655214466 5
3.3965670837784003 -2.943419224185154 2.41298849656142 2.2536356228374106 5
0.8034911547550246 -3.5634425320358014 1.7760327746971625 4.34616617382772 5
1.988191546368267 -0.9737768504344662 -3.2467357366732497 -3.225488198224231 5
0.8199528491700169 -3.57532043761343 -1.2385624411887937 3.631355895740188 5
-0.5718475634497517 -0.10061592923430618 -2.3125471404632245 -1.5556815233116876 5
-4.362953579134688 4.12614481186745 2.6375638026910693 -2.406980704119607 5
-0.8884123745227293 -2.5767167097137236 -0.2139191319488266 -3.7233382747080186 5
1.9693489417013892 -1.2048806813891857 -0.8466448515244142 1.177268171960152 5
2.3313350612334327 -3.3321722912181864 -3.5784210177230116 3.4904373081619644 5
2.8676572289254247 -3.75221344783436 3.726697311694224 0.3439460259759213 5
-4.456406190764862 -0.3665555154638189 -0.5436885581125522 -0.3451659790510023 5
4.255996029047835 -0.3397707486086038 0.41183332670185313 3.3180261210680277 5
-3.2240152668656425 1.1388912420843234 3.8085586960510867 -0.11435305027098153 5
-4.151934177336827 -0.7330111401151093 -0.006157190546932201 -3.989276836292124 5
-4.314518885733978 0.47110902536754606 -3.2312940799777166 -2.531290552814017 5
-3.458968690996178 -4.299313648419335 -2.945446282786042 2.1813318551575533 5
-2.6197604675536033 0.901423788896047 -0.828646761626056 -4.490228370460541 5
1.9884426507573396 -1.5893043737233388 4.340579843733468 -3.849545999864769 5
3.0546002632633553 0.25411122763756366 1.7131271586170211 4.041719340907121 5
-1.9178458782633632 3.622909909462152 0.2633604967374059 -1.7824707054429716 5
0.05299908187235358 3.466218214687652 -2.8989530273266273 3.276785119279878 5
2.784574752072462 -0.7551884548101703 -1.1754288675017275 -1.3247548147444497 5
2.44052656237955 -1.8152558098723137 -0.48926127016942644 -0.7727979615969615 5
-2.870026343067996 0.5554532660080068 -1.7331810868190671 -4.249539042406966 5
-3.281986782130825 0.01012786658078113 1.5140852973350916 1.3405989091282366 5
0.5457644724360388 -3.9897617725498815 -0.006425266304228794 0.4343031336401918 5
-1.286263222440098 0.8350803179796887 -1.8120606809882975 4.437983483720657 5
1.6373497572053917 3.3632060459958826 -2.3341545473770404 1.6433424105879406 5
2.720633533876952 2.8299211320256794 2.3527869860786894 -0.6807793007168641 5
-3.5050346006641213 4.020029192427769 -1.6553373307145225 -0.49319206561871964 5
4.405812151500847 2.091798810036866 -2.7973581901690165 2.144396298221392 5
1.1126549636555527 1.7286075785775759 3.068539050558506 0.8868764654337491 5
4.3762278688043 -2.567591009223658 2.3925618473201147 -3.864904755348217 5
-4.1998678673675265 3.6957124266280044 1.3078281708563402 1.9741646050213446 5
-1.4802347999978491 0.057883714470793435 0.8762559554321205 -0.9402904737812082 5
4.459605816877672 4.45115879216901 3.98294213929863 -0.8000444483893753 5
0.8716187501227091 -4.276535371627091 -0.616288534325397 1.3115312333172073 6
-3.7693236307356734 0.008655827144533612 4.026273262247553 -2.212281203087085 6
-0.862144322335569 3.2373649814270524 3.098356056348561 1.2436416553254805 6
0.7611583755156065 -2.9354407099664077 3.3428614907411616 4.286043315697586 6
0.18847551291847142 -2.589781012055653 4.446872330913166 -3.8354099670189576 6
-4.4773145950216975 0.18354279668448537 -3.563817608029839 -0.65387399882644 6
-3.1679199941955876 1.840786747583118 -3.6467955544555064 3.9871826549484686 6
-2.339221466690151 -2.4866208180607914 3.4534089954343345 4.464082751663236 6
-2.0344838116528634 -0.038559285756346595 1.2537843411364507 2.005177984656132 6
2.9336967009776633 -1.3439168208928907 3.2729433884851145 -0.31774866228900234 6
-0.30682670169743065 2.785013107633587 0.5891578751049099 0.47162627748403774 6
-0.3887639181975403 3.614902046859618 2.1526808633189183 -0.7592797517786977 6
2.892448589133151 -3.312049119437769 -3.0442435584803436 1.9688946842215644 6
-2.5608663855315705 -0.23529296814052003 -1.0933234717526636 2.827570666962895 6
-2.912993018840231 -2.6250401188091503 -2.74992995395223 -4.010816209253507 6
-3.786129586340396 -1.7286934910755059 2.511087146599405 4.161978080781725 6
-3.6913393637525362 1.9959393325576 -1.4385134629986633 -1.7152719027197487 6
4.476785205845207 -3.190401584520399 -0.5948485058407847 2.811585066955467 6
-3.881243799868331 0.7953173884838661 1.2554088310812284 1.7089983938945623 6
4.0409211214378145 -3.2375599134479316 -1.959800540013783 1.5504395800843023 6
-2.6511141717592968 -2.210565216311342 -0.9524243564651032 1.9669018596943015 6
-1.3507858290092136 -1.9083833367403154 0.6393922293806032 -2.4847655739445793 6
2.73988098346897 2.832250104549119 -4.394455863253827 4.400691090629834 6
2.367131575646749 -1.8369192411841886 1.4662895726245235 -2.598364179206302 6
-4.298878809210226 1.2369654817150888 -1.495970145691547 -2.024663390532809 6
-4.333251538942426 -1.7166523959014932 3.7997012978000537 -0.5295414533062013 6
-1.3605062606160807 -1.4268099797698333 4.486032388374152 1.544239305497835 6
1.3934005940826029 -3.368282135254802 1.206300264413586 2.064198620594253 6
2.7615536728665058 -4.178430665354728 3.750848656963741 -3.658675669689991 6
0.9455750331807597 -3.804545309348928 2.802363694089002 -2.758415076660228 6
3.0114703650129755 -2.6902355916034715 -3.221828646069241 -3.540191220885221 6
-0.7461315048278343 3.419370439536387 0.12418321765832496 4.057766879472826 6
4.186079758596147 -3.3842783322314447 2.7853459328459333 -0.7231263572599845 6
-0.3498236140064537 -2.7673926720264173 -4.423917665408726 3.632133893052879 6
1.7239556371017184 -3.5898605850566088 2.6939229046030326 -4.193327164561308 6
-2.915490982528315 0.19468966215357064 -0.4899290459022084 -0.609409424339839 6
2.482924025263103 -3.3841447720104885 0.4817123362004154 1.318573936910004 6
0.6565994858574474 3.8413270490114018 -0.12427618869270407 -1.4378948124289619 6
-2.4398053710827012 -3.5814518076721775 -4.0911648554235605 -1.8504004677190684 6
-1.1275375888413688 1.9437617541832828 -0.041490438813785335 0.32423932743752715 6
-1.7827544464598648 3.4631551672689507 -1.5599690725285433 -1.2436325959873558 6
-0.4855577759965012 4.264614058309424 0.4015038342631114 3.8961904930595663 6
-1.95093731522363 1.2206582171004372 -1.7393374091638203 2.8383499525711215 6
2.690442144698025 -1.276032167236949 4.292034725753107 2.1506385032973716 6
-3.4808522275748777 0.6405969096241778 -3.65696299452921 2.1313764450604378 6
-1.952788089970189 3.559698253916478 3.4850347289029577 -0.09648520421557405 6
-1.4527293431966881 2.212041366223655 -1.1245337228741867 1.343890018773332 6
0.6637736041073505 4.077898395761385 2.7308429319386334 1.9284524849416722 6
-2.4232723075829217 -1.2134231934073454 -1.2521921961219693 4.087809974058988 6
1.9643416207349982 1.2910035527714874 1.2124860706257286 -0.726206731129651 6
-1.6922859768102811 0.04970147762685273 -3.714218267717297 4.482640065986534 7
0.4695241329628703 0.06369543483118667 3.017487578716352 1.8635729703719868 7
-1.0252936227174412 -0.801591485471998 -0.5484043755720472 0.4616360549980316 7
3.7916067987612774 2.3209444157493193 -0.44385310363903285 -3.599198754018177 7
3.401998841237593 -2.650382130716948 -3.0660713492462213 -1.560186759395052 7
3.66663465040507 3.191121561415883 0.009275033955426282 -0.3905749810066279 7
-1.0992305506973339 1.1289929178969522 -2.6491731674185335 -1.9784162953728495 7
0.8139265022445932 0.9822419702674812 -4.098342847032743 0.5103628578531823 7
-0.2525701056315125 1.4547196454210245 0.6040234700343001 -2.157861578361982 7
-3.309996395617021 0.8505034125668514 1.3772766830135346 -3.70056290869336 7
4.2509790446486955 2.558076212218975 -3.1964694223262686 -1.7491492459265705 7
-1.7077228980390604 -4.135284883061397 -3.343963988443648 2.5864289206126303 7
-0.808488006796007 -1.4404252908450461 0.15059607959004073 -1.9657926256535931 7
-3.093939780770446 1.938287392032715 0.48687346508992213 -0.7217811024479602 7
-4.196209179638073 2.0015806270772014 2.337612046878667 -3.865892598722114 7
3.0076849775028425 1.0211691771305507 4.414401659858894 0.9384355993382248 7
4.451587299362892 -2.3668056342821107 -3.4104080014516223 1.9153703061851481 7
-3.5482053836165104 0.35672525853152204 2.4572280834282445 -3.6501727371582873 7
-1.0915622044404278 -3.2536534995057194 4.358265325020972 -4.242027630066259 7
2.9280318698707894 0.7353861975644231 -2.5990419139869734 0.5503547649462149 7
-2.808750106579182 -3.5654537099867056 4.45984318939167 1.9399119169138794 7
-0.7169446459456248 4.430780398140963 -2.1557738871969763 0.00447132684129814 7
1.169330642806242 -0.01011255133715483 -0.4692236388599488 -0.28977062889997096 7
0.5473074898891223 2.7906378597133656 1.3807888811251363 2.4433999936558677 7
0.13188780068159034 -0.22436751654857756 -3.945715120904555 2.7806725482120798 7
0.6281216678888443 3.5051985043016445 -3.2309929605715917 0.4660104820768378 7
1.8919063642107026 -1.8528400318193823 0.07141957112804731 0.010757643039790543 7
-0.44366601397737093 0.5796665819608239 -1.3201586065669986 -0.030421132358751213 7
-0.03084445637397404 3.6176182866494484 1.7457149248260375 -1.3244731789822293 7
4.142792211564411 1.8148718667891535 -3.247204140717659 4.205054057262977 7
-2.0458021057764673 1.2169411068712925 1.8487459816599405 -3.3348883630463573 7
-2.29079490511108 3.091780711908847 -0.38477392467771854 4.4741773526501065 7
1.422656916273942 -0.4623731378746406 0.18211694917448484 2.3009132530543357 7
0.8829753708576977 -3.62764158933604 -1.725284260724588 -3.7378605814725163 7
0.27410175420263727 1.1318116251733286 2.970926474601727 3.165476924338318 7
-1.767393324427661 -4.145723790453187 -1.4243560106340771 -3.1077517086533386 7
-2.522986302048596 -0.8111561670570893 -3.87632894592413 1.6959403535341524 7
-0.2729714327649734 -1.3849157498247704 -1.3791080436608294 -0.4454670230607516 7
-0.004349829577511399 -2.4589905482378143 -0.5520962318968073 2.6165914733912596 7
3.343865356065205 4.441703278312933 -1.31014270094681 1.180886501890773 7
-4.273765564739469 3.648286388948717 3.453631472590517 -1.0538552066624578 7
2.977230974053549 2.7097918566459795 -3.963114722460083 0.07077753470247694 7
-0.4411234888497383 -2.227062513277015 3.5859077222847096 3.576587577277754 7
3.610990926434434 -0.7941686085840954 1.6128157498576963 0.6412714997582001 7
-1.9445827773647686 -3.6270570280627794 -0.3020135483547751 4.151819519069888 7
0.6673620883431409 -2.389354441848148 2.3656660270845 1.5137158013378138 7
-4.16294401647081 0.10091086851021436 -1.6667093821735717 -0.38314569896114203 7
-4.097329147132607 -0.8716332428132607 -0.02442463966576469 -2.6123666028303854 7
1.7320175621823202 1.962353723730505 -2.1635219485984134 2.3371193767103122 7
-1.6870114430644176 -3.689008600755926 -3.788805697968239 -1.2832469693247117 7
1.2651888923937613 -0.1735336458202984 1.8232035192634752 0.2218132469198223 8
-3.685975727237401 -4.1182406708564105 -1.4444798052133807 -4.350365413602943 8
-1.1399287632048685 4.02974424255024 3.4936696300651136 -0.3442000629909182 8
-2.5792319982521965 -0.09801622353426054 2.5299703230080697 -2.6244445727437387 8
-3.9103665428495042 -2.0808749626756566 3.6275617489739256 0.7766415527538935 8
-0.2893942970153339 -4.09853095342618 -1.5561801821810004 -3.6114977744197425 8
-3.140393026876954 1.2771959459070925 2.1511225290643896 0.8737005371755104 8
-3.015218085380893 0.5816946207428562 2.4142594061727607 -2.499110452792424 8
0.6228166887794238 2.179228749835479 0.16787415346005052 1.381635700964806 8
-0.11414219617777499 -1.4183589970070338 3.091712447516576 1.0591595273379488 8
1.0609810257430148 -0.21238246347341372 -3.8442900126118884 2.183316204234675 8
3.103532214366735 0.4136563840015015 1.2408810150263618 -3.3904600092341397 8
1.6599733960393643 0.4077699020996757 2.943832457500765 -2.3811541198971815 8
-2.89758259931387 1.9953840540713053 -2.896004689984984 4.333189620281902 8
4.368179487967354 -4.424650775958743 4.459471218648226 4.384155617621335 8
-3.9929432097546105 1.2442100301411172 -0.8639504109866781 -3.4029694027160113 8
-3.8100283931813212 -1.4067569609038757 4.160765063424632 -1.9709583979933902 8
2.179498362427629 -0.1556239385856839 -4.457971187587649 2.7154845263012297 8
-1.4917956850112246 4.4266958851301395 1.365048589403942 -0.08187213624279044 8
-1.0571521276027922 3.7774564033180065 -0.2195804467238036 -4.100005002623518 8
-4.311364917523689 -1.670268267271823 3.5386813893022726 -3.4725775123212745 8
3.403796867405581 -2.2339646292118607 -1.480656928165577 -4.2844508212779 8
4.275638269726538 2.779914914518707 -2.880981493430905 2.7740408909313055 8
2.85318340610481 1.9573832396765876 -4.358693003294496 1.3161837771467018 8
-3.5943491096987414 2.272396020890601 -2.8572131006605503 -4.072871302110989 8
0.27205790492190174 3.3099613375834016 3.581216863992814 2.279926530411499 8
0.7406683573655997 1.7776093072812365 4.100567535408229 -0.6491656914411965 8
0.04751831605067458 0.5700350891713927 1.8633929355267989 2.0543475793788746 8
0.5288176325069436 -3.7076224555279818 2.8137840819292492 1.9106850139995188 8
-3.1888704588253853 -4.029956818947838 1.3364196675135438 -0.5766092312927117 8
3.1058745277472286 3.118158722805553 3.716627484628488 2.797705765244104 8
0.08525425549297794 -2.34181931905081 2.4691750096175458 1.7536110649739305 8
1.3884567611322014 0.21322977388405007 0.21153687616020211 -2.379487955345337 8
-3.1932995182917634 -2.899058973746804 1.4639889387751035 3.7410615921808783 8
1.414334043171971 0.9749165573202837 1.01811343211304 2.080759592578071 8
1.47541291051555 2.2526879656942578 -0.7339236452863237 3.740454643846993 8
-0.8631951985643405 3.374566819154551 -3.3525496837628723 2.9390907045833927 8
3.834958985644808 3.526478670263864 -0.5939670491368345 3.000150750578044 8
-4.152967703486612 -3.7610767561007172 -3.031637787747031 -0.11293223954024068 8
-1.418617802336473 -3.143488452382818 -1.5454632547223783 -0.627866718597274 8
0.17394771699053302 0.5675185702136616 2.837770234017528 -3.207016692350036 8
1.724239628472473 -2.330854413309591 -1.1378217699564275 3.169236880487067 8
2.9492977947024683 -1.5548807844109596 -3.8301550141152862 -3.677725666362254 8
-1.519211013963353 3.2439011530131783 2.697200131545137 -0.22631623868670803 8
1.222721073868275 -1.9951284078757836 2.136958540348751 2.374574383939725 8
-3.4377462602364797 1.7854389174034118 -2.381664685214889 0.32942854809714395 8
0.26240867623514674 -1.5739724934492587 -0.5578521925632345 -0.7216770551307052 8
2.7370472270732353 -2.0780795090631528 1.139167571148222 -2.1476515394752393 8
2.9289642298729075 -3.407842505530078 0.2283791822654363 0.6698916839766952 8
-2.0697914370039205 -2.775446370055728 -3.0350642462714226 4.052190085782431 8
1.751715715924282 0.8906408592510088 3.69842260671562 3.411732922590843 9
-1.1592846947813795 0.817922883265536 -1.378147989516631 2.7439662488759096 9
4.088074923106114 2.9114570967485784 -4.020236551263499 -2.001501583925185 9
-2.5959339143653137 -3.015149927539161 -3.281171504559458 -1.0605774839123385 9
-4.158984810057175 -4.222733059684196 2.0797887115434546 -4.213951410878277 9
-1.770017369060271 -0.5358840544179718 3.4830112191042755 1.381232687126706 9
4.207112450406308 1.9112793939417736 1.778573031359865 -1.3395190615154076 9
-1.718865482190677 4.228930005518313 -3.057156556568745 4.495467048105372 9
-2.004467078880723 -0.7723142273704013 2.3729485754890627 2.015088191677533 9
-0.5471856868932399 2.9461457320198248 2.2635952522370144 -0.41461933948746477 9
0.2851718501567495 2.065928867281395 -2.497897943806343 -4.207533618856216 9
4.018961349584699 -4.266130946600322 0.20693255880080896 -4.25974869978608 9
3.0145320782193554 -3.0652544160953816 4.184944258546195 -1.935858394320562 9
1.6117149817959548 0.002431455702412544 -3.3101707747017497 1.3754035730065903 9
-2.064453115943868 1.5405963595012473 3.9219296009816964 1.6522356771500868 9
2.960867597664595 0.8745461052673166 0.6385095634534554 -3.7424919396231884 9
1.9373616506542026 -4.168460969713651 -2.2205706432827004 -1.0793112698816532 9
3.9018523016516076 2.362570698743669 -3.213603842447382 2.235069307719526 9
3.717655990693367 0.11202333122827568 -4.083238229251173 -2.1531841693770417 9
-3.463095855677923 -0.839076147906816 -4.374374062441699 -2.635671049294431 9
1.931697390661144 -3.6134762659125372 -4.087245878139755 2.523949276654909 9
3.912054941170757 3.662608877847566 2.2592802401502663 3.118893171797388 9
-1.748105463304774 4.006017055237383 -1.8708903905618604 -3.224191631758143 9
0.6345853565657336 -0.9956772143909457 -0.33108768022377966 -2.840373216485368 9
-2.2311800449927484 -3.3506457611387113 -3.7041062852758566 0.9083456233222763 9
2.0352030738294546 -2.4402160814839164 3.0909102119629677 -0.7368876586574495 9
3.3343181954082075 -1.5004080708974057 -0.7637134083946018 1.8724119693103731 9
3.980289467475461 2.0934082253501063 1.0758861315258401 3.5956366599493004 9
-2.7008947690031926 -0.9409832721511595 3.673561803302194 1.8704643937908867 9
3.880709328780244 2.4489160644223515 1.4530087122764357 -4.252260910241746 9
0.006873144464453862 3.2901950869759125 2.3875906026530185 3.3555389571690557 9
0.9243164059909159 0.5331665167395526 1.6764758102257022 1.8105291187003365 9
1.4454629665007521 -2.7142723052025266 -4.266258889828419 -0.313753979307029 9
-3.4765869973363452 -0.9678764148351059 1.9601329807753212 -1.3881733963694702 9
1.9532836493330414 -2.8244707924140986 -1.9214056442476728 -1.6584973346711183 9
4.433464967188106 2.3601744210523976 1.7449825564525765 3.3519937166254357 9
-0.9057399985167949 1.794743783781764 0.08348169575692621 1.1320500790830623 9
3.869933347054122 4.4948346690138905 -4.203346587387637 0.364809519240075 9
-3.568946808047824 -2.525007599656472 1.0242047987951093 -0.7177473766813526 9
1.6014907524635815 -2.318666001325888 -0.783456373731835 -0.31556410924106537 9
-4.041398533228542 1.6203003746977114 -3.9477763207411627 -3.734091717181026 9
-2.3908897481406006 -2.9916595215985873 1.648202222372861 -1.49890956568208 9
-1.2720004797227422 0.0008493886738368817 -0.7830145358765461 -1.2346236193840312 9
-2.19848286217871 2.5840208934008273 -3.0380935278970767 4.291159723044316 9
-2.343183240981653 4.092029284544972 2.5328087759968345 -2.922557126452088 9
-3.7264913371241697 -1.9849590391032552 -0.5553563405391219 -1.76741407329521 9
1.1671208706623724 -2.220931296391486 3.4940244625529915 -0.44573918625293973 9
-1.7576318867446044 -3.160256207075162 -1.398276422471787 -2.9688661845724065 9
-0.6410243534764432 -0.039426854730146954 0.2637526470224385 -3.3412639079087363 9
0.8253846534960471 2.292690776071674 1.9914940029243442 -0.916151881171871 9
