300 60
-3.622197584254936 2.3512474500737066 -1.1623014989808311 -3.0619124616669735 0
-2.2775582415030566 -3.2568148127131242 -3.137508698002706 3.2336054951921462 0
-1.5169809305616169 -3.753003914937964 -2.0135656565254667 1.1285342876782445 0
1.5477937315241996 2.759344183454918 2.9147622097214794 -2.2436788559913836 0
4.344677230897926 1.2209466131716733 1.2812700881908772 -0.41691182183847453 0
-2.556690695575377 0.4412468887585166 -0.2234994227814544 -1.7319277414046894 0
0.4100396220830347 -2.3933153416769852 -1.7967546693860772 0.5204887173458037 0
-3.476467412936285 -0.003066596559407775 -0.6406467924603215 3.436178761973563 0
-3.131024198203908 0.29417472501542663 1.2767981466813567 -4.36359310421425 0
-1.0169390839810588 1.6949464507994794 -2.0595416979793715 2.309014457033298 0
-1.1436555923244638 4.015440404670533 -4.430843918217759 3.1436573262253904 0
2.4962212629603626 0.9723087276070899 -2.683464826741757 -0.6967831705398341 0
1.0370883292746207 1.2868884114239107 0.35985561856727477 -0.02775199721171895 0
-2.083648435826988 2.251405337429039 0.8424231325667223 1.835846536128538 0
-1.91852559521862 1.8843845204361063 2.1641628922378975 -1.7942476002881436 0
-3.9169190207541096 1.7087263131531214 -1.2974532530054366 0.22094356754290367 0
0.46951050122709714 0.4844383227950463 3.975430856715484 -4.465070214378321 0
-1.3812423318846874 -2.9464833592422206 -2.8461088232956593 3.890372235476325 0
0.37739373806866494 -4.03407861285803 -1.2388172033141374 2.6456367216665573 0
2.9300185206378915 1.8996027320826867 3.583052858889756 -3.049978922930839 0
-4.102494996033286 -3.8111709461793426 1.4657003390841945 -2.893949737916773 0
-4.406904944007788 4.448743400321481 2.3390252998320498 0.5338625125447015 0
0.8949950738723442 -2.882350775117671 4.302185173804048 -1.8877075940075414 0
-1.2205943823052525 3.2745305433883667 3.885290491986728 2.866850979289422 0
-0.44770049133746903 4.2423279163647445 -0.7442788811812012 -2.482925547595502 0
-3.279062009563134 1.941070344325025 -0.9279324176847393 -1.5011598218101574 0
3.7885342552853682 3.918279802930747 3.969462361201304 -0.34980348652039384 0
3.926726179811323 1.554966403961509 -0.10710533034075698 1.3604164796177698 0
3.9509337189845635 0.21804957193857033 2.75840919605372 0.7542019188894552 0
-0.459704186983408 -4.21850172001031 -1.2126977867393343 -1.2589428717579896 0
3.2319404127721105 -2.857240853792535 3.9981497248164186 0.7442262781507317 0
2.0547850169576494 4.206314507964232 4.093326280470492 2.3474923961361056 0
3.5848417128599417 3.0093435251182727 -3.7750258642222385 1.211109890359382 0
0.8145702362553889 -1.2468667626581014 0.39836270221980674 3.555437221014789 0
-3.0165237291238394 -0.5380941560277009 -0.719247241420397 2.6964576733928665 0
2.3416786914176746 -0.5195355041459743 -3.410057859030662 -3.2052139381321822 0
-3.3252894728698856 -2.8616188921236922 -4.088839357089518 0.8736830015543573 0
4.47693599204676 -2.0803328873576654 -2.1308077555452134 4.11493266032932 0
3.3953869529574914 -3.0243549580015734 -4.219034857905013 -1.0173161102370682 0
4.044907098205505 -0.8984969894013936 -1.1773370906066218 -2.1257239608587692 0
1.3741144092174933 1.8965940626081998 -1.216053323719057 2.77265833270304 0
-0.8914740113870104 3.7064370611329744 -3.488102839627002 -2.647686714329107 0
-4.014738947550427 -0.04316253035145934 2.035373251682684 2.695893914335201 0
-2.253252234721754 -1.3637622457793979 0.2975480547046391 -1.2117873107971067 0
2.1679755459034435 -1.2495869263747976 -0.19340055303020365 -3.68265200238715 0
1.1766789088007328 4.268077656024564 1.2541182458747246 1.2589564153114243 0
-0.7004838569590898 -3.9305722431833376 0.7034451585312093 -4.198535560126434 0
-3.7927168480886806 -2.6472039890113943 -0.852670550680156 0.49704445787451734 0
-1.9123070753625369 -1.0667735112917724 -3.536201823547616 2.646726812297609 0
3.016686106637655 -3.7613180892465454 -3.8964069472580465 -0.7509997082178844 0
2.887513850124663 2.8499154809568767 2.4874024050603865 -1.4715187823278777 0
-1.5021387046472525 1.5806858649352482 2.3656799620217956 0.19945988091021472 0
4.350922029411985 4.132793695889234 -3.08577184196154 -1.74832480937628 0
1.529495148019101 3.5366548265248277 0.5047673756836972 -2.634832458200976 0
-1.3719804450854718 1.1849898939095629 3.9589054723283885 2.6070665883246837 0
-2.803561243305814 -1.3654389475587443 3.883141102483424 -4.397175041522356 0
4.362993647631536 2.2646811518210797 -1.3628307540949347 -4.099021017344133 0
2.9975403904663156 -3.2217249333674647 1.275485316196022 -2.495554362661415 0
-4.3651872210309275 3.2154702466598586 0.9283660652660881 1.8941324197552318 0
1.9075089831696006 3.2088616814557502 -1.1737364451820176 -3.788845831696829 0
3.2544389738686297 2.6622370235561514 -0.4108372504542206 1.770800821931515 1
-0.20606301075749034 -3.6613773890025225 2.8144683035585496 4.470939192784135 1
-1.6767835677709724 1.271002432614715 4.1942772788309854 3.696937077897582 1
0.7559752910945869 -2.096406244057429 -2.075091069779515 0.8163147449179896 1
-3.991019502888279 3.6922690052051594 1.825728397230558 4.343825520399772 1
-1.770257857426413 -1.5171362806303228 -1.9862633758572905 -0.013843774426929745 1
-3.9898236030550436 -4.235719557227027 -2.059303537035746 0.9914427104358421 1
-3.3648221570404715 -3.6035897047518306 -3.3226567165229555 1.3085834012635496 1
-3.040373328653358 -3.1420674594349753 3.4587790341910933 0.8986403192600393 1
-1.688486389499288 0.5382055494431137 -0.09963811897143737 -3.96117293303242 1
-1.3676048065051054 -1.3552615552687515 -0.42805807892678704 4.083417657954268 1
1.023349981961353 -3.8679332177422445 2.081601403225332 -3.490918801079514 1
0.8781351891778458 -1.6929138610813022 1.3668567662251347 2.431921328145931 1
-2.2306189230001774 0.22919317623512958 1.7552629660899188 2.2198927610994454 1
0.516979617938615 0.8537085133697634 -1.3618367651328427 1.461446210441319 1
0.9498297704962525 -3.821695797486128 -3.040278474111106 2.872629542073153 1
0.5374616655200917 -1.0111639586499535 -2.396925199344622 2.154469794356796 1
-2.6335941741556272 -1.0809792271114014 -1.81724971523041 3.911382839032534 1
-2.8474522697471794 -0.12273842666028922 1.824272866123768 0.2755490307598515 1
-3.9552608929013773 -4.118227797332878 3.6772864019117475 3.4338768273257605 1
1.5039315798383037 -3.869286718730379 -0.05503065997921308 0.6364954133041121 1
0.8434343788246368 2.2031150650528986 4.444525541883871 -1.5143643545632908 1
3.1229662403769956 0.10893312156953006 -1.5578883310842306 -4.1865893101558695 1
-3.375938603345647 -2.3966039397849697 3.3050822841180962 -1.8274840725506434 1
-2.045288639917978 2.9975459114713576 2.1305890960520157 0.028336988133054963 1
2.324774146490859 -2.1632869998703246 -0.09837535280886711 0.7416613705295015 1
3.342394659749817 -2.302304880807545 -1.344571265239054 -1.5623476239693002 1
-4.04705324587286 0.1868569284812378 3.4565023498230096 0.9540749344600359 1
-0.20138894250477202 3.58464331200327 -2.8979525873926173 2.6678305497651897 1
-1.4024062642124135 3.123463578801685 -2.1154073593091596 2.998177457822707 1
-3.7617134949257043 -3.5430339400865427 -2.8754296293829227 2.220651596820713 1
2.5588162428085166 3.279754972405075 -1.8709908118442597 -3.9481116162871217 1
-1.2161161756616155 -3.6149757192514897 -2.427418270436011 -2.774750198363661 1
3.227723458115718 -3.5090545304652547 -1.1136963361312047 -0.6536748767570589 1
-3.4506645616141665 -0.6749741047667059 -3.131364916472278 -1.6144382016622383 1
-4.252742926183147 -3.387608773009086 -0.8349548417080748 0.3355017148684869 1
-4.342191167312416 -0.7955161553948765 3.242140949939228 1.0351638363978513 1
-0.2478618954766747 -3.755864478521343 2.4975498341539732 2.912173491190855 1
-2.5577304301479638 2.3193251200627922 -2.2274901230052015 -2.8332521628160703 1
-2.7237159458949565 -0.4984303702354962 -1.951062134553371 -4.419820922819035 1
-1.499246427471145 -2.473238625148957 3.2406445989678905 2.889778519082585 1
-1.6624161251452656 -3.167738826496884 3.231825045922545 -1.9857359901081049 1
1.2754745146786886 0.2379391958779251 -1.889389813442659 -4.442917968494744 1
-2.766488974793299 4.322955129327665 1.0692390909034384 -1.294318609852471 1
-3.1138510018701204 3.174701243587057 2.0458601972669563 2.993052134156986 1
1.4767651567608815 -2.410856663236693 -0.5481693843072752 4.25037794256423 1
2.2167023714107454 -3.9857748441434837 -0.04494043282157423 0.9420488684182222 1
-0.0876697113803736 -0.1423071279242898 -2.3262307043279167 3.163382241448067 1
0.8587361324771203 -3.668125248320899 -2.806514907156676 -0.35339781799338466 1
3.952723667729559 4.082131669873669 0.33349508594348287 1.129276018640424 1
0.21399559051675554 1.4367484165988238 -3.6863602368329897 1.9708445289888437 1
-0.18585438733718607 -0.007241923985973009 -0.32078578413999614 -1.1186019616765743 1
-1.4067092072410676 2.539013051044506 -3.162774510004771 -2.766551460666743 1
-3.248216281282304 4.117870556943064 -1.5005219160183452 4.069292921871479 1
3.069697112729119 -3.6786408647687385 -3.749644501104691 -1.5264754903128734 1
-0.631878816851156 -3.573420719046944 -4.25906606393512 1.314715303147379 1
-1.3831868283191768 1.7503510426911555 0.6618203671422548 -2.5850319555311074 1
-0.7451517252523365 -3.124580399959052 -3.745932150582643 2.830674581780658 1
2.1896868583914264 -0.3802491715319709 -2.7856533209680556 -1.7244532175829312 1
-3.3492347717861035 -0.9152730464987562 -4.18176268099176 -4.421325270614936 1
-2.665190753406992 0.8733170671103677 1.1687962517374277 -1.0890153194427823 2
3.96693769932318 -0.6969962731318338 -0.8601933044293519 -2.9346667729041984 2
2.7407978207712884 2.678148330968721 3.1247389728075152 3.9589755111447364 2
-1.9212093943032935 0.9158317887790535 -3.5546939531788775 1.1207801744399328 2
0.5273660798607634 -1.4113592627651983 -3.7230771464001418 -2.3806576589617894 2
1.170249317259033 -1.2120008719163256 1.502554573119078 4.424059851064092 2
3.5720915497960135 2.091256766464393 -1.2192262842770845 0.45486686871009696 2
1.0342790034053324 3.0409151948389805 -0.9026209913547393 -3.5139155250424134 2
1.6145516342930475 1.981502438957078 4.330730642815353 -2.6984364196109887 2
2.474986372716365 2.018550891957524 0.43122705654470284 -1.1237794941254147 2
-1.3886046522690783 -2.4171293272816308 1.5540770869379568 -2.4962787006004348 2
-2.6910595529690857 3.202482814829567 -3.0339522311038314 0.34629560398276926 2
2.085677232760422 0.38556829133831083 -0.0832802084193558 2.1013632661433292 2
-2.6762237082112854 0.27333546081450566 -0.2050877078712039 -2.9897707702711873 2
-1.7556182442145236 2.905178935050265 -2.4331809964939963 -4.485348655560204 2
0.7688188406323578 2.0368862744299046 -0.3976395401910202 -0.24253333925576004 2
-2.84451677611874 -4.44526933540183 4.104112308977902 1.3932163891064993 2
-2.3572591571673596 -2.9693184175925103 2.6535772831397724 -2.26749683161199 2
2.2720912795375785 3.1491554433166664 -1.1770161177517122 -3.4843334415417124 2
-1.0055129316237703 -1.457141578844287 2.0512536754411483 1.3873434957113115 2
-4.402771434354555 -2.0474869921553687 0.8850903476287069 3.755912645104165 2
2.859258747755197 -3.1209072511023215 -0.4736469166435633 -1.3667016274496238 2
1.9501555707192888 4.448433961040295 1.71112023851455 -1.0447809345925245 2
-3.4779981345407434 0.046073099316869204 3.2675641587307593 2.50961471965505 2
0.9223439772002744 -1.2050861816032743 -2.2364331002140045 2.15039681542036 2
4.421082638693559 -3.553225297974019 -3.4675820247487636 2.8806657104485 2
-2.8120815072816736 -0.6090674647071227 3.5631345774821046 2.19597385902623 2
-2.2277624743556768 -0.1828658986682108 1.2819625172659008 -3.0152683861079552 2
3.47842115191217 -1.476993544856656 1.0267691778037809 -3.8870287772388896 2
3.8104486770745636 -2.8072284746480727 1.375645411308048 -2.613907988627606 2
2.6490290768529965 -3.413289660743496 0.3497945120515268 3.4001761962490398 2
-4.290735297986631 -3.589387514818602 -2.0379808492049434 0.42388751644326295 2
3.0203315334500536 1.5492509608955547 -1.7603101433937232 0.6941355051459641 2
1.553873357841185 -3.4274063921476796 -3.541134579290846 3.2738549487462576 2
2.3917369642409163 -0.5542094566909409 -3.0091030075208662 0.14892618234279908 2
-1.932263047343851 2.668328064048175 -0.21857378436211972 -3.8332865090990493 2
-0.18543243638078688 2.1208151123897103 3.1743779586814456 1.4947788241553688 2
-0.7680896116483481 -3.5103928764782233 -2.567673437574165 -1.9452736777216422 2
-2.675544517957344 -4.453040641016182 -0.4639593368496643 -0.5860216118378444 2
-2.4343150567959992 2.5444683403659636 3.4879448748634725 -2.968620038939647 2
-3.3449767478945223 3.477514949531185 0.23883336463030125 -3.343603045101466 2
2.3758369059218643 -0.0419842979486692 0.760607988671702 3.3864188285988748 2
3.190308440931103 -3.0656188723392037 -2.307093368756361 -1.9295647151649966 2
3.8652732253832958 1.1435367443613478 -1.6059942147528514 3.397313852289556 2
3.23640754790149 -3.290790567288763 3.5272429634174216 -2.6996436793106353 2
2.8661228347991052 0.9643619540492122 3.3749621657828746 1.2846032988023177 2
2.9727637171549803 2.976471904427238 4.397093314287225 1.1841517740261718 2
-1.0004933232452047 3.782991302764882 0.6867891147905991 -1.5802408334987237 2
-0.35403849145873934 -0.10739150879121406 3.4818799668395943 -4.236376670828181 2
0.061990150849201564 -4.441096514847599 -3.3515925105254363 1.2417052145459282 2
-1.6131156497470684 -0.6869118859175128 1.002475239177857 0.3094363392022399 2
-3.8356321370807795 -2.447900065527589 0.5292128808210135 1.5895575251637069 2
-2.0997550465051176 4.472217208725828 0.9686769932207135 -3.4509007815527184 2
-3.4097739717840376 -1.406424907981992 -3.682359341774916 -2.0788531838826825 2
4.40801287825155 4.16027984371445 1.6387036197613207 2.0007483336005034 2
3.6129206030592935 -2.7396077323602053 -3.3554013345910843 -0.3066070733481434 2
-3.6919523548542674 -3.6281257155605453 3.6055090795889377 -2.206236294713549 2
0.8838801426458892 2.297515243004945 -2.0174526259930423 -2.5619584344713666 2
1.5915019414987532 -2.533767896735479 4.183085167667499 4.395241585228983 2
-1.854394274053846 0.043015751525387946 -4.378278487505199 2.302369748295742 2
-3.859844176085846 0.36815024422851317 3.585774662006549 -2.3237878648328176 3
1.6407652875970877 -0.02575544543894559 -0.025538006938762403 2.5644066963129806 3
-0.7236931462014122 1.6212462432463646 2.910407769655364 -1.9681600953048712 3
-0.20774117488085564 1.1942333545009798 2.992622149722633 -0.33039331497343394 3
3.9873685514928487 0.4128543641864131 -4.112524283398241 -2.321610820197022 3
2.0202811659151063 -1.8977829604240317 3.2368012580005434 -2.376820654113678 3
2.3190242036500526 0.2669123163418903 -0.32258530091883386 0.7820053303223796 3
4.216934129407107 -3.09698359384229 2.1791618598215314 3.4695546035006357 3
3.071580462073533 -3.0296230003778857 1.9517007997653721 -1.6180747701616576 3
-3.9806069380554336 -2.559927986839676 2.8940616250135527 -2.6064116533553037 3
-3.4115274156690285 -1.8250913274985392 1.1109838796593907 3.4533352099527637 3
-4.4270092658642435 1.456643368453018 -3.6157804918308996 2.9840150577472864 3
2.9101183261510686 -3.291851220515855 1.5092543578617528 -4.482917442489159 3
-2.6043222932943637 2.8435197575310616 4.082374538786166 0.013587996728157692 3
-1.8212885524482687 -0.04541107450345294 4.008174717904846 -1.4880298290233314 3
-3.6275186361325535 1.9931740957069757 -3.130934850452099 -2.2426049809690416 3
3.44795333180509 -1.3198407824759735 -1.8630119911275476 0.7483575132151785 3
-2.6154528437962585 3.7488746288414783 0.9010707927938674 2.4712479181494396 3
-0.9288540336307194 1.2101037243760846 -2.928471315181544 2.181499474830522 3
-3.697736370957962 1.2092085060748916 0.11539964321374307 4.421610583712281 3
-2.544678877105062 1.5963453940809202 0.13463360878363462 -2.59045628055406 3
-0.38698084155305745 -0.5611895528213013 0.5306112781457961 -2.9816432648660305 3
1.2521184688525775 3.4509485659056995 0.9146467908066138 -2.8694916078553048 3
-1.2411281738038131 2.84692267949579 -3.6555819914478205 2.002058280723811 3
2.974977619117339 0.7124737475118851 1.0003763462122286 -1.686474762415677 3
0.4136629953853579 -3.5838831183479503 1.0318898506998844 -0.35459814784585086 3
-0.4191114223923408 2.8667400145240105 -0.2743862174657842 -0.8171976993018799 3
-0.3766920320296083 2.5038959582606624 4.42767291675053 2.485818048355876 3
-4.45766015616419 -2.8860324730903075 -3.5898805978276163 4.318979410634554 3
4.11320772618134 1.2027047208694748 -2.4922841147337644 4.129077371205476 3
-4.144509702732912 -1.5615094390614344 3.0831313967468077 -0.8282222199993965 3
-0.2888186933582958 -0.8167503492578916 0.15066018352479915 2.991516746872723 3
0.5493154610899548 2.189999416478931 3.7130422604714264 0.5815155557613806 3
-1.776975412014524 -0.9492264990607631 -1.0420891947150488 0.18079686300908837 3
-2.2654491228752214 2.623108916565485 0.07108499147952774 -3.4002336037592062 3
0.3442423779819793 -3.717440392808089 -3.7608407328512445 0.23258128396108235 3
-4.035325351155839 -1.1677226119090451 0.6883063304690398 -0.5878369284619283 3
3.711612770077531 0.9361645993726476 -2.0049388921644917 -0.6544018404510531 3
0.9667328028383038 -1.3085469743606595 2.600165018952049 0.9336577901279222 3
1.4296292343805264 2.270790595532757 3.2698979831780406 0.29384122788208755 3
-3.7697173026122957 2.8537981431270225 0.3551508975345562 -1.0160679173210676 3
2.3745567340072675 -4.060217201667913 0.7071686437686493 -0.36860815503120303 3
0.7256597107364596 -2.765387951814306 1.679438269163306 0.28730181098194807 3
-2.7775894467008815 1.1275884899504656 -0.9471942822636059 0.7140408524441838 3
-4.404157242833502 1.213685014198015 1.5154673690456317 1.997759837620974 3
-1.0367546632690652 -2.374178417075394 -3.4010695526503074 4.42573391013356 3
-4.365794569652135 -0.5912939514396193 -2.1792883729741663 -0.9277369737324671 3
-2.1462140167706805 -1.3389774010488456 0.38389658206331934 1.684602579653069 3
4.0032125763071065 -3.6955892580498415 -3.1530503491583053 3.830832714460592 3
-2.5483805293506805 4.130478325153166 -4.322789860954748 -1.4901675500661444 3
0.001714619636583481 -2.2092139022819044 -0.3490546226695217 3.947438312449086 3
-1.9599544372126987 2.131082664521284 -0.8398052452248895 -2.775448214553894 3
4.373105849569006 1.9547660581915647 -1.3105887253105348 1.024682674293391 3
1.0230598713798922 0.5675618696567776 -0.300379513448886 2.485409849581112 3
2.8702309644658137 1.0054257908264563 3.0915859203267355 -4.2128040166302405 3
2.4054412683808923 -4.114379937123502 -4.278965293201251 -0.6008260079326107 3
2.056370558604903 -4.148328550002099 -0.0845641206525446 2.3048764238466752 3
-3.6664843248245456 1.6147558393462296 0.6784309787321174 3.754236448919385 3
-1.486933690667212 -3.5885858260339387 2.187328599287545 0.827815236151341 3
3.1093690946096437 -3.718132157290282 -2.9277418583224804 -2.2036335092428954 3
-2.8351904284196374 -2.745924642155721 0.11505238250452698 3.4629558217691114 4
-0.36015622216086385 -2.7016613988656397 -1.2139938147498786 4.460551324326467 4
2.5330224042663145 -1.7186958095511597 -1.0914670562944429 4.203439464686127 4
0.8089218457526354 0.2619017046554859 1.9026000509865493 -3.562153846551598 4
0.19868587689431982 -2.349863185279233 -1.1627322649754626 -2.627338161213522 4
4.193616827503237 0.9500146570206298 2.03351350938015 -0.8745353017751057 4
-1.3210127669469678 -0.8355829376491504 -2.4636681654266015 -1.1626970647803538 4
0.9331009042532861 -0.21199874707573563 1.926211286581855 -0.022655526115912372 4
-0.0426389782432014 3.285642083184176 -0.5639063620973431 3.152953370812774 4
2.8155063961858646 4.3273437169066 1.8849495425516145 -3.890418771249507 4
1.8641923671643061 -4.027635417666772 -1.3419297489584088 -2.1211365369609516 4
-3.769862821130487 -4.3922127832013285 -2.7443426226383654 0.5763301578419712 4
-2.7328664257932425 1.3038116394980346 -1.9163950411633255 1.6944079412066095 4
-1.9200632168280227 2.4866282183554844 2.0105823840424786 -4.347138966896514 4
2.6621273920618616 -0.6596824359445632 1.1884244201155165 4.0135332533494985 4
-1.8532179840736867 2.1963734603555896 -0.37196375048692476 0.38927585772393114 4
0.8642866049879122 -1.6491180153473801 -1.6574789928008702 2.2922650862725673 4
-3.67438249225163 -3.931842581734362 0.9693488307722898 3.346861110557762 4
-0.7309355191355879 0.2243337939827128 2.732528514586094 -0.6907453915938782 4
-1.056227469384471 -2.205480563406074 -1.4366017939162925 -3.560090961022236 4
-2.7513253119654726 3.1972641736800824 4.446903003825878 -4.263766462476862 4
-3.2376026290343245 -2.393389297203695 -3.5539278684144833 -2.6638905938824626 4
3.3675668154330634 -2.223732549595704 -0.5624484618784875 -4.468213831742325 4
3.8905806046875346 -0.6144292206728497 1.554056870892538 2.9335675044418874 4
1.7787848377965627 -2.1920110817259095 0.7402446875189214 2.4184538962469566 4
4.132533816083861 -2.1695864886868215 -3.4344200346501084 -1.8966466261531694 4
4.34661467818061 -2.0329021779351697 -3.800323801967867 1.2345288637734284 4
3.6209215477296537 -0.40557068965281395 3.2702625395513336 4.4957973224631536 4
-2.3603591268872015 -3.442692588026378 -0.857236758063773 3.8452763630835323 4
1.1864204336060038 -2.891392662997392 -0.4533175095754406 2.100349386575049 4
4.22074942418983 2.276519538010917 -2.389905623792453 3.994870552083442 4
-2.538957339349098 2.845101723642097 -2.9735252263270078 0.4194006594162294 4
-2.787284299250093 -3.1513825054033537 0.9787064826089195 -2.7805281991783506 4
-2.910193517428696 3.0138166814557517 -0.34506945190289073 2.1707684572192494 4
-0.8258264371966751 -0.674919245528291 -3.4585361223112097 3.5586586797243362 4
3.7089057998031647 -1.8385039475733922 2.6350876048035614 -3.081874508352942 4
-2.5001595004692185 2.3625272278059226 -4.427726870470215 -0.014444616913098507 4
0.365456789789086 4.272562548397471 -3.4723458231103903 1.9129976461026994 4
-2.925602753913287 -1.336626351969342 -3.6574242735873357 -4.413965622794515 4
-3.317893927358336 -1.9572491589190069 0.8574971741453159 1.3342070128556058 4
-3.3666364856100532 2.941957220558346 -2.077361010959719 -0.5025263858832709 4
3.722677007078091 0.3992688625076065 -4.125992248549051 -0.9949667551837398 4
0.20447340800642466 0.2745586163070579 -0.5705099079253566 -0.8617628829315985 4
2.631777911595086 1.2106307460801782 0.3565532848455413 3.2599424938282575 4
0.9236014573595246 -2.858932327819051 -3.290220005275572 1.3978610583164075 4
-3.637401890721487 -3.929030618229554 -1.1025323167705021 4.366733678477583 4
-0.7073591011982038 -1.4937657649906457 -3.443552270722119 1.3038441033248844 4
-0.07818848804626644 -1.416850999250256 -2.5984649465432055 1.671738096355062 4
-0.4166497786877962 2.4947568243764775 -0.011240232545178808 -1.4931584787587338 4
2.7601405998537896 0.7668997420639017 -3.9289550801459576 -2.978992621211022 4
-1.4997098001685303 2.3966346912777867 4.434347914383758 3.464955048779909 4
-0.5220005393894566 -4.189122640303042 -3.8963582164267163 -2.43538190705291 4
-1.269443146069655 -4.185894517072156 -4.387908726272907 0.0882447693838424 4
0.382471813505993 -1.6680709801219622 3.881789793463253 -3.3315665304831215 4
-1.5318086464656626 -1.056084650135267 -2.0007303097205886 0.07288314395944262 4
-3.8486924296956104 2.514442096871729 -3.5178244631518467 -4.0348268613673985 4
2.4528213833776302 -3.2559222816573374 -4.371943453927175 -0.45851153935474886 4
-2.579376779016019 -0.20902769281252642 2.2983372679632113 0.597716950858081 4
1.1114525840022134 1.7777640118970113 3.0017872541618242 -0.038628645876637835 4
3.429191338139274 0.26549076995070287 0.6585758913856112 -4.2164046438348475 4
