300 60
-3.112534418582949 2.160447268638643 -2.1284658298119865 -3.917144866519391 0
-2.130164863333788 0.3036545404226797 -4.210924270081174 2.9182650061254036 0
-4.368825337631223 3.7687230728989647 1.682992002156531 2.385615777854265 0
3.6064336870531104 -4.199207151362899 1.0617978434298372 -3.98872928882258 0
4.112544026476051 -3.265116107795312 1.5917148386885758 -3.1431260674333603 0
-1.9455448233784876 0.9547486592294602 4.185302885857944 4.071045990962849 0
3.998026224477379 3.1746198699835646 4.170493444832081 -0.5900910093202583 0
-4.479666898333378 0.19103424498263588 1.3006593900581247 -3.7930345998968993 0
0.46833869938109907 -0.1316032770356127 3.485139413542085 2.0393899741681416 0
2.413207386579801 -3.053549221869869 -1.6040516667030724 0.06559385492759318 0
2.3810440530499086 -4.312711818431405 -2.728533495393582 1.166485059301228 0
-3.2831083946779485 -3.4535428433847914 4.401270148777863 -2.040829948050475 0
-1.710921739589737 1.5430738069080239 -3.9979927140799743 -3.6492276143223794 0
-0.258931995749873 2.8455146824142417 -0.06483681585763734 3.466204038854464 0
-1.8937189482250179 2.0981337985140356 -4.048954682872307 -0.016291735725776912 0
1.8236011972972168 -1.5518747136291928 -0.7265621990913667 1.6388780434894685 0
-1.488172238045498 4.3025227111486695 1.080255746091731 0.9143000942531598 0
1.1212390056181714 4.052821722295728 0.0910242951845488 0.20826796393156366 0
2.4072808555843985 2.925083278932961 -3.6369451439882665 -0.3083866749663555 0
-0.840237283740045 -0.43822429720817146 -2.08654022971075 -1.0205720988284643 0
-0.8943153537449379 4.456243443047026 0.6896068234676332 2.5595286328875044 0
-2.901922416558996 4.1633721272506525 1.7369220182897953 -2.310919915940967 0
-0.726747567668044 -0.6835279810410115 3.3069266030135998 0.4433101010178846 0
-0.3316601724538867 -1.136491660584762 -3.0594376758080433 1.227334103152207 0
-0.31042709844740113 -4.183485646762757 3.4197308963754622 0.7825894924521413 0
-3.7415459724133893 2.092686283277551 3.0925302668433874 3.1822741311989704 0
1.2257999444958076 -4.248829900246207 3.248125801037986 -3.735862868476871 0
-1.7984694615841206 -2.5123273125400303 -1.2848360942144241 -2.6176653191454715 0
-4.004820059938199 0.20921463700462695 4.3503333212905675 1.5469446843734516 0
-0.7526730843485084 -4.066031251569866 3.6891980118347565 0.50453050558104 0
0.6516406397664842 2.7316498560963867 -2.1107097215963178 -3.5148557689753925 0
-3.4775845241416468 -2.005945070173234 -0.4169786394448314 1.0086602138528806 0
1.2751028251688061 -0.0653642510714294 1.743286148949784 4.307421885432374 0
0.059004681012853166 -0.3470376594064034 -3.552653350720067 -0.7024556359526172 0
3.5526876653510167 0.9519992382202644 3.7280983191593893 0.19492830841055653 0
0.9302004285079829 -0.5051532942785799 1.6285518108949444 3.1380026876395988 0
-0.17957895005798807 3.496027745067236 0.07380447332928686 2.9332474073870465 0
-2.623495603858379 4.001233159406924 -2.5589455562143812 1.850228746601314 0
-3.8387696045196105 0.8563721097248146 -1.5073515068460288 2.7254120895528158 0
-4.219640362334102 1.4873168927771026 -1.3646042695108669 1.783880885838954 0
1.2364694562687248 3.2621864606785356 2.933947794329889 3.076697458371169 0
3.9747394110569116 -0.48935651930436874 -2.267166526152108 4.4590621159024595 0
1.5296186919217951 3.818976296687925 -4.461512008251764 -0.8376074595949115 0
1.0748112009097195 -1.5967284056206754 -1.5301553385576692 4.088638670619503 0
-1.6247132015977692 -1.876889834940124 0.5896414399632356 2.1956463376211914 0
4.116756813651515 -0.8463749133632155 -1.2368782104720388 -2.826941315115648 0
4.019002401265228 3.2147150294874924 -4.2604643968941405 -3.3322264146635887 0
1.7003489942921184 -4.470408281228943 -1.411382028181849 2.04773417586115 0
3.600931496912842 3.7787838386609103 -0.33577886070156493 1.8097183635653225 0
-4.446815797183642 1.2863353359226104 0.7236766044759968 -1.431434031716236 0
-1.0330471778123327 0.8616770485821574 -0.11492081295805634 -0.027521437582602393 0
0.9972634995396835 0.8965726955760397 -2.967670252380609 0.0733725827696382 0
-1.6894440284107357 -3.871136927132208 3.8146005317412963 1.0426959144406316 0
2.706608107939747 3.702906451199872 2.9739083790509144 4.063753365944138 0
-2.7479283386171662 -2.6045312503240448 -4.4577159668764414 1.4483373939088802 0
-1.1030329587541976 -0.874375108445939 -1.0413471632418092 3.6352187209954456 0
3.4665992498951543 -2.680610909669347 0.9773272267056057 -1.2136561937642516 0
-0.7288665526462453 1.331632560053352 -3.438347128689785 -4.05052341119465 0
0.10478657513997947 -1.4955076303685721 1.9563185282580342 4.040067497572436 0
2.506260904734102 -3.281083788891503 -0.89956588211251 -1.9606524730001735 0
-2.774603049699998 -0.876697668936317 -3.8206827106452312 2.2310553179443806 1
2.581600187229522 -2.2157262546507956 -3.4254059032787314 0.49057749975208575 1
-3.5146312080163304 3.8760841294369768 0.36540276855867304 -2.0407081710471426 1
-3.3625144460286234 0.9450485132720724 3.3060577215365843 -0.5276710922066088 1
-1.8889025707095557 1.1387645273031326 -0.3629326080000954 2.8340185665199806 1
1.4352835845673473 -3.890464545368747 2.753613957054071 -0.8071411405699944 1
-1.3010136767907958 -1.4874833027090468 -2.105996261061784 2.130336130958803 1
-2.9024426950493813 -4.42796994195947 0.26358368291219236 1.8327805679164975 1
-4.40605438114751 0.8771292417521094 4.177998211558854 2.3340717097878936 1
-3.7382533168309076 -1.6589858676420102 -2.858476723675044 -0.3472365351805853 1
4.217564960729701 3.362242961133116 3.3706078476464807 -2.18398440338088 1
3.715055947537419 -2.97091565161303 2.532044773579429 0.6609657695576702 1
-1.6487288937985944 -2.3239778785734355 -1.9599073223707177 1.978900039217382 1
-0.08140527157515409 0.3954906861166225 -3.7101842222121735 -2.1953186420694886 1
-0.8509105162349078 2.1816928185911424 -2.4307013172241474 -2.430560692191385 1
1.2935971418868242 1.4340901564320359 -2.035586295939349 -2.000828699949678 1
-3.156986832590401 2.2192541082518034 4.174710698515514 -1.271937183622545 1
1.2730283605405484 -1.8159207369152688 -1.496605541961785 2.10731035362477 1
-1.1175489421248606 4.397650786576326 -0.34087510881651073 -0.05981498036731969 1
-1.398645537480737 -1.4089949941385238 2.968695991752524 -3.280436846951402 1
1.0228810893759288 1.0655344146540595 0.17049348849282242 -4.149144062285367 1
-4.379819200278786 0.6698951534436199 -2.217660875343256 -2.343507943949981 1
2.499115068716595 4.048938694239752 -1.1857119233559956 -1.528150150128318 1
1.8268395579001018 -3.454148398969578 -1.6652372261606219 4.479410666521664 1
-2.2805866968921813 -0.7295518735418459 0.6888361904457103 -1.1299409860130907 1
1.1882839204245559 -3.640767718816159 0.21398492188020135 3.815669937280214 1
-0.9872171151918113 -1.6022917122234603 2.5543311120261123 -0.26468740306804595 1
4.241927645348202 4.222641416502971 -3.162258229782193 -3.8425850732667723 1
2.190761714029625 0.1592036553192151 -4.479162881743155 3.648710514930289 1
-3.0196803949298 4.0444341334647635 -2.992304383655694 2.1913809497777472 1
3.7964335921549597 3.4431363030514563 4.3070142000702365 0.7489579694877921 1
-4.040652599774364 2.4744619389125613 3.184592164817157 2.8945359106284023 1
-3.546943628188867 3.648562799666882 3.974829082932358 2.140624356851902 1
0.7909783624044239 4.392807819254269 -0.8107279231853153 -1.7281581279571507 1
-0.6420477913543992 1.1686498105602632 0.24757054975471993 -1.5863314757939337 1
2.486532008387873 -2.1616426100914747 4.003194609556115 -3.7157822658316206 1
1.2502176233594167 2.9411997764460804 -2.729472304080188 -0.8707663743519264 1
0.1917473248838646 -0.6796337501020249 0.4463548558126684 0.7611512436016161 1
0.27902734023853937 4.013803104030543 3.069625638087418 -1.8013543392742144 1
4.493462959298186 1.5383122996343528 2.743850241821328 -1.734046546514159 1
2.606185233380544 4.334287992242731 -1.840246984352127 3.0856221430894277 1
-3.225974290626448 -4.263416821018925 -3.245010371204235 3.9178911996464865 1
2.217984851017326 1.049292666364231 1.6804721148045445 0.559556820756801 1
-3.607157706515344 0.19712407821440459 -1.8270505633278344 1.6819181198684738 1
0.06688783330795978 -1.9287627666965257 3.0968211575355626 1.7324036354784655 1
-2.2640535965267237 -2.876857378227526 2.948008555971011 0.7546181153316522 1
0.7544076027760099 -3.114732533841315 -1.1400632115448228 -0.2999448635969717 1
1.9055482893474172 3.2287716490683174 -0.9260412205322718 1.507562868067284 1
1.6779723371836641 -2.1138335206902754 4.255676258530066 3.111322696603364 1
-0.9267056381938317 0.11714422691018989 -2.679640669375557 -0.007800899827801411 1
-1.4021620127568564 0.41042094298205234 3.6864529296322357 4.493808072279316 1
1.675050613473879 -1.802763945059283 4.0907027448815905 -3.738268483514054 1
-2.561779588817637 2.594779109387216 -2.033770120550389 2.0288234522749797 1
2.4826405135266616 -4.124466444403176 -4.435435552266995 1.935091414495489 1
1.3093683258985234 -3.3462620774452243 -4.219189314535627 -2.994644235886239 1
0.42887252648076746 -1.876288980096481 1.9083206294416626 3.983125779880754 1
2.9326060457757253 -3.623828652498732 -4.199115657400834 -3.9981260163113057 1
3.577607202226993 -1.4220976861369548 0.6637890569845614 0.5187272351830626 1
-3.3112322546264217 -0.38175346426715706 3.4982972993916035 3.359557493215248 1
-3.7400597274263188 2.1620393392000175 2.0768799479191653 1.6104872388285667 1
-1.2263596309696403 -1.49794954005391 2.831934548525223 3.1277713207886246 2
-3.5421780280828266 -2.8246894193160568 2.2925184565993666 -2.6565904343902185 2
0.17323924288224335 -3.4863994886077236 0.6183403492471493 -1.2585210509188833 2
-0.1446696948225642 3.8833953930392626 1.100433558139296 4.321602885674673 2
-0.9103032501456599 -2.876472139198068 2.692673869674638 3.84824816553254 2
2.749428362574815 1.4466191579196792 -1.132366115500941 0.7655138022562479 2
1.0209160308503038 -3.3850606056729147 -3.3137938462735703 -4.495998434798405 2
-1.3361260790776015 -0.2421017855124672 1.8674331777909121 -2.7632265155684896 2
-1.094532294376354 -2.502687003994682 3.6327890086380066 -1.6236293300579914 2
-2.4580773943246816 -3.2145466954258537 -3.175199743471244 3.9844967413350103 2
2.06482609051662 -3.392895515310217 -2.781695122741459 3.5673617152683756 2
-1.621998233349112 -0.975063414123268 -3.1992988754818077 -0.5546439379240583 2
-4.158529024932492 -3.104898417852734 3.2569053006523947 3.185810448250697 2
-2.9641589440478815 2.4328098500562922 1.8941561058463443 3.7400560961243148 2
-2.347213130618943 2.2245307851055167 2.656293683120734 2.75236336175863 2
-1.3725523382031422 1.4509203138007671 -0.5094323923241129 1.1331029348215529 2
1.3909859984914723 -2.4032165139693045 3.8902757819796143 -3.0290846308903854 2
-0.7112270699262235 1.5888916399495425 2.2416678247561865 -0.8513941562106937 2
0.948107576303169 0.9781245588749445 0.6464467948903777 -3.7281681184628326 2
-4.144649204019012 3.6489235929746275 1.0796941739919639 2.884435898435342 2
3.5015074280953593 -2.8918684555851155 -0.2244014515284637 4.195544916146351 2
-1.0088682456832658 3.66871134734001 0.6896406615145867 -1.614103118995087 2
-0.43081604843923305 -0.60036176887585 1.614710071689635 3.092550833242616 2
1.886510424302382 -3.0518807593387263 2.297972611837492 -3.5893378032637764 2
3.2737664325537987 -4.375236766967683 -1.5413481450119177 3.458037180014114 2
-3.83316111510289 -1.116758312684242 3.438310756555895 -3.9371453963004583 2
-2.2557282938953183 0.11361010392066695 -2.9365126079421224 -1.310452447708045 2
-3.2086776877206145 1.274899512021494 -2.724427979501742 1.092077059442079 2
0.3519495341867196 2.9692275819299185 3.0220494452046083 -4.208699973061185 2
-2.077875828420524 -2.9604985053056003 3.2633232309470217 -3.9220558077789094 2
0.23789487975701717 -2.3233013214064346 2.5194456273761245 -0.8390856429129763 2
-0.39407298958373027 -3.4516618978777265 -0.492889299740777 -1.2984396148250061 2
0.8982596526196519 3.029714034046827 -0.9211086527135878 3.428228938642759 2
3.7109872016430447 4.055643648360818 -1.5454846014966965 1.5888131852935818 2
0.733764323578625 0.1322127529282222 2.0581899500421237 -1.6157465575345298 2
2.490445907287789 1.5488759347386707 0.1839293246740128 -3.510956984032439 2
-3.025912134029665 -0.6519748032668349 2.6872287102843493 -0.4930065235630401 2
-3.110466054027465 0.6003143757391519 0.3086276549895397 -3.3050481457456042 2
0.08192780715126657 -0.41599335518951863 1.9723462244610772 1.3437234737304093 2
4.419101447684721 3.6013189710173408 3.625461580786451 0.7980468781583012 2
-3.1371679869371314 0.9690727665285539 4.3524909496588595 4.223906425680045 2
-0.19616117955406553 2.9576200181324808 1.4385445788706543 -0.4236662459681094 2
3.864829058567685 2.9588859734065194 2.874363018190292 1.8194221655682528 2
-4.259096667728769 3.5124373641827495 0.3460415997756857 1.6860452430901036 2
-3.021313680878339 -1.494249528549976 3.652145215623506 0.6534152525250659 2
-1.1042895648472864 2.864528407150174 -1.1243531512366534 1.282929533451146 2
-2.717522217723426 -2.9157655771955175 0.8662816664985968 -1.875876900431856 2
4.431924476913532 -4.097711300903181 3.609269631070039 -2.6401170063005854 2
-1.7023600278932411 -0.7957478593539729 -0.07000226765896256 1.4391117405207 2
-2.4726307165592556 -2.06457407260692 2.8801053590484624 -0.012502680249290465 2
-3.5350404596165284 2.7991859926470033 1.1326518292520928 -3.684806176050053 2
-2.286179210647697 1.2046654415129074 -4.1491934388108 -2.4504022448395943 2
-1.256058988624336 -4.4562358100284145 3.849434934494335 -2.167544723254669 2
-2.275011918528468 2.969164756797558 -3.0684050399583533 0.7917649351699039 2
-0.7995570993471464 -3.6907687441389943 -3.1928564917145534 -2.338143367601008 2
4.272637498644445 1.3712603762877764 1.5778692681009219 -4.371887292469503 2
1.4054002768019487 3.847646437560095 0.8496457023718833 -2.6265267035854114 2
3.897203568908881 3.4043092999811195 -2.5028741824136245 -1.3872227935867532 2
-0.8862721893411841 -1.9894530500736733 -3.09677029497146 3.957469055317924 2
-0.17167502999810258 2.311387482270054 -0.6545730501418587 -2.074537294443295 2
0.0799432214833612 -1.1225413022151836 0.8617865496708029 -2.900717968228943 3
0.8797649766269536 1.279468667866843 -1.646946677968828 2.9652420417934175 3
4.306768611139937 1.0938437570900188 -1.9221560246499474 -3.1307187036896234 3
-0.959396115619529 3.9135453453645708 -2.6308075307926284 2.289236875350486 3
2.086386716701535 -0.6248733139530179 -2.919263013887366 2.344090038307514 3
-0.3643458588718165 4.4891136798717515 0.2922895715422381 -0.43926645017581845 3
4.172383657495861 -4.441323573583649 -3.9755430361869735 3.384433863322225 3
3.1135965354866917 -1.237669794839853 -1.0431570984918117 3.5841033093658434 3
-0.9244204654090882 -1.8498631862013384 3.4786472068222216 2.77169312342041 3
1.0331654998742439 -2.910279785068893 3.366017492019251 4.235377703927212 3
-2.6245633446539376 -2.5534059794544826 -0.4261911280917853 2.1374648488336447 3
0.5528414189484084 -3.5722140539939216 -2.799267965846956 3.3178333253624235 3
-1.6980662078685276 2.761934133895921 -3.3801498051911256 3.227218207244637 3
-0.1256844112764981 4.101608820882405 -4.283468269259387 3.2030332903887038 3
1.9310130767874205 -3.4627919904026774 2.4752179824451073 -2.9958195507864147 3
-0.4692438438276627 0.24092531870790967 -2.7744020295353238 2.8434911966468297 3
3.5670317671547718 3.7822783685944925 -0.10457663831644415 0.09041088334631586 3
-4.02044716900422 3.6873060094809893 -1.1012762264282094 1.4846288699976813 3
1.7016611365757344 0.6699672364167484 -4.406293928000413 3.3144140148732206 3
3.764939486221521 -0.8547243706576607 2.3639441575647338 -2.574055159926236 3
1.5520554009539191 2.929370370169989 1.727234280161076 1.1959047080255494 3
2.844075289920098 0.5432629847109213 0.7295847038213489 -0.4599667181817586 3
0.5372067363201558 3.2221137484057603 1.4286530247385154 -3.1354552840305505 3
-2.6501884407951306 1.9416682494437314 0.305532319550312 2.677641470638283 3
2.8428438835985888 -3.4265112895375593 3.548485609079642 0.13167338849136878 3
3.1380494570472988 -3.372999587169701 -3.416009316282961 0.4307038728125505 3
-4.016570825998407 -0.2643240781551386 1.4508396538047408 1.4374275618535197 3
3.9487558109957375 4.027844806739276 2.140114502451994 2.867885103759565 3
0.7809570096526146 2.818220328516072 4.29359427468879 3.665650415684951 3
-2.238708855687662 1.270184090310826 -3.650244117359418 -2.698035144695157 3
-3.0079767801850092 -2.2200957366303307 3.784732777205448 -4.330101690340784 3
3.882199507025782 3.5759844272547765 1.3487938674194568 1.4941250673224027 3
2.186156936046767 -0.23846972938209043 0.9681463073594623 2.2763514776995204 3
3.4249527164495848 -2.9637107665063516 0.7809310876670316 -1.4962551454246704 3
0.07080953422130865 0.8926258255224758 2.151665771280128 1.7097188423282852 3
-4.164804322546885 2.839844388498511 -3.9804180434165772 -2.193269672910267 3
-1.9656875736412012 3.827709837735906 -4.045465602171444 -2.3317576567918685 3
3.897371171916255 2.590357540570183 -0.8586377651216083 1.2277297813650523 3
2.942192804604554 -1.7724334338954928 0.17559431157889216 -0.41130071410904057 3
-3.073047880868579 -1.2019526139480505 -3.937001502840189 -3.4114662427841655 3
-0.9607005653842852 3.9225017189131934 0.8439638924015584 3.547997128960373 3
2.9689226874034262 3.0644098879649415 1.1522207715835564 -0.6334686301493634 3
1.740556243720922 2.681259057328275 1.182241252768844 -0.0997175139458173 3
-0.31887547485742007 3.5992098729498334 4.104753397126486 -2.132918137962867 3
4.233152912687665 -0.7992914851723976 2.567100921876905 1.017357635856598 3
3.6503084465640923 1.9132398526146153 0.23563106365256192 -0.8047171080781022 3
1.277973184498168 0.23229984603556486 -4.197445360799182 -2.1327763562303104 3
3.997927741624226 -1.2372070561110111 -2.5182714270969195 -1.273510435787156 3
-3.240985183774277 -3.957441255598548 0.48912679908346113 -0.03763072299471082 3
2.7729865719702618 0.34051674765742934 -1.9648297027495372 -0.579057781807338 3
-2.346276337562457 -1.4203522362748426 -1.3710645936706332 2.1551701571755237 3
1.4189010536458175 2.2375060253115615 2.035865901966006 0.003845241356721818 3
-3.731763705066997 1.100077660134753 1.5204298428337237 2.2313879290248857 3
0.9369827536260644 2.6567197283879658 -4.4346828674468055 -3.829743869794018 3
-2.4812887384680185 -3.0460414203015134 0.08070314289134628 3.063855834580176 3
2.255105945557611 -1.0091184541512832 -0.13544377715382272 -3.1767939118957935 3
-3.406149162591954 -0.5607124493942207 2.933853383912518 -3.7956227108242957 3
2.684074179423993 -1.3875674619087333 0.7520640088778965 -4.260264367341939 3
-2.7101882121279646 2.390580028103625 4.149910939036181 -0.17700638217726317 3
-3.9089938261529937 -3.639727467776154 -1.4406161500549386 2.853166646955061 3
-4.252507607540333 2.7151930551728105 -1.7429457488374367 4.484369727853921 4
-1.3191643471420433 -2.6434080866584653 3.600914283308908 -2.326266958890361 4
-4.4770122316884065 -2.089230445850859 -0.6664794354035771 2.8472857173145556 4
-3.2186539280395596 3.3712871764327774 0.6110310314744091 -1.1566746555611993 4
-3.493928227601038 2.3870585544592084 -0.780445482751155 -2.7776767836261684 4
0.15211561034517673 -4.1460301419396535 3.1737738767589656 -2.1513847621825777 4
-2.7075827229010696 -1.413362364443078 0.7628771626075688 -0.9654047996073172 4
-1.2175383374371962 -1.8263596024940933 2.7947335204367674 -0.7585155107823686 4
1.2786200135449413 -3.6715518812521872 0.4392620258815845 -0.03136581355171564 4
-3.7543430454725124 0.3520787443252812 -2.7646805873471836 3.393755698406266 4
-1.713220931298396 1.5447468650932308 -0.9602940277172738 -0.24017855497462037 4
-1.9633069052372254 1.613893733019638 -0.7268819874942339 0.9838954169282728 4
3.419522437079706 -1.3807039439704307 3.249023578785718 1.1117273047676086 4
-2.185604580731124 2.2101639045843697 0.3006284095724504 3.708340923086091 4
-3.266811380967591 0.2083672195121412 2.7603782173741824 -2.298963484786949 4
3.825374178602819 -1.8720286069402743 -2.517239426198161 0.024307446920224796 4
2.257690145332562 -0.8419009904747581 -2.650726754731635 -4.107396769653284 4
3.047102609203705 2.2135581997494365 2.017289428847679 -2.4740053273705964 4
-4.258842398182821 3.547075733929126 -0.7327173330691719 0.311127454545133 4
-2.9829706354720167 3.4221070421477906 -1.7494767700590428 3.921211523251997 4
-0.9391261920477348 -4.028361776531682 0.5472339508693476 3.3943040891220284 4
3.443308256354218 1.1938807675416578 3.3605668233239703 -0.5188061864637508 4
-1.8918607496993816 3.307334618066925 1.4755574390711714 1.4085453427934236 4
-2.1682739593569393 -1.5362813495608396 3.9958353031371927 0.7406545972432481 4
0.4866224318004825 0.91686277449263 -2.323039587386889 4.03643195709436 4
-0.26552600211931043 2.623539487470635 3.4803075515377637 -3.842760998399396 4
0.3706005378472226 1.4610294121648906 0.008859345976935384 1.7752249970882503 4
-3.792080098317217 3.6406585931219078 2.5389381163352813 -2.7385071257041926 4
-3.7720708500038866 1.7076671901372278 2.2413916480385763 -1.6907743339299492 4
1.0595847758308559 -2.1904184330999694 -1.0101133064501564 -3.7937217251785333 4
4.4976773691458405 3.2335843010055254 -1.2935015429604402 2.1512479053436273 4
-0.21814333836423727 4.488410803098512 3.9022929202330943 -1.3256710806030219 4
-0.8692447844065381 -0.5856276664288174 -2.549468837922782 0.9909696124853449 4
1.696020456904555 -2.122725059518128 -4.467125937328314 3.661809870507158 4
-0.5298680721081509 1.5463974271395562 -0.09030232486123357 3.33122147427341 4
-2.314396692769228 -0.48558932997337756 3.4741328936242732 1.1389620468382216 4
-3.6339206481722384 4.044767527002354 1.2931094573223234 3.169087667223704 4
1.0232984892196173 -3.2380327356160796 1.1351834881883898 3.1201087326080934 4
0.5056263523424461 -3.831958863377571 4.429436512547664 -1.3161545949986608 4
-0.4591407144716082 3.0163741755509674 -1.5763133081354166 -1.5307643040967305 4
1.3199738207290963 -0.9203255812138701 -2.299611820207419 -2.0121831089443707 4
1.3001549660770029 3.84740373607228 -1.218740562593916 -0.1543552785814849 4
-2.458885075742239 3.573316007567821 3.8060554502584076 0.6394246155784368 4
-2.204956274273996 1.0965242931148897 0.22875086331430383 3.8316021424318687 4
-3.169048901980726 -0.0560102716137757 0.8679346811157156 -0.43647822052729457 4
4.029940469249278 -0.4434757725268461 -1.9999186829198474 -3.1482015353668387 4
2.055929761754922 -0.20102169805281034 -2.5393698591275276 0.12211688957042077 4
-3.989246482228567 -0.17634373550805704 0.10845350050681346 -2.852779115055982 4
-2.1230775525847982 4.245097235319412 -1.0155516406431806 2.9918374609125333 4
2.5896330502910576 3.458219649245653 3.017990911060791 2.489951392677437 4
0.7091193306312409 4.3112185539205985 -3.428135885490832 1.1707647751926005 4
3.5731353364125638 -0.34215266063116667 3.392102496079843 3.6415988194094755 4
0.8555745001183954 -1.8314697518396788 -0.5443725528089114 3.2636797906201696 4
-0.7246448797655477 -4.075536031771306 -1.9349961476688455 -1.7725310038542093 4
2.0332341251233474 -1.4110550194366178 0.4670887283828299 3.381296417782263 4
-0.5486594801696475 -0.9196626078971709 2.5843085130552614 -1.586978831629044 4
3.262035124134409 -2.001471230801974 0.25948327690455497 3.8025230565631847 4
1.0025296233364318 -2.527810952337567 -0.21716270135089877 -3.147963508233826 4
-1.742268334702882 2.109673917504162 -3.275696829739166 1.1825967742327914 4
0.21470514695674847 -0.7290404606946493 -0.02133398134456488 0.8210567309773786 4
