300 60
-2.6238551637704166 -0.16487044412970697 -4.315211835187674 -2.7378490671130358 0
-0.7151576821706275 3.2326379866920973 1.6747041027276266 1.1587478804542164 0
-2.95954601749494 -1.4502243545666964 -2.1581388497789713 1.6733425440399308 0
-2.0652045003195196 1.7193721540463653 -3.439110534313776 -2.309822133548351 0
-2.516359350260469 2.80755828484818 2.280619480119756 0.14877732442592317 0
-4.4052581311550245 0.5508332699669977 -1.5705929654231665 1.558774065704625 0
2.8235356867367676 2.2059026645295208 2.59816994262642 3.377956829208682 0
-2.797997802654942 -4.444732202885116 -1.9286260760246483 -3.411526467285958 0
2.448394843000826 4.120489512839477 -0.32098927878808636 3.082771043811614 0
1.8174409568488001 -1.8217955982145453 -4.104852714857458 -1.2178554967408672 0
2.4119346776003185 1.6939649240335273 0.01106202820097868 -0.25118869634617 0
-1.0153486765707997 1.0368524258375058 1.064870742949008 0.4865395346049245 0
-0.6520028414009343 0.7586067884120542 -3.9348234148930388 -3.8038095780731123 0
1.8237196697890674 -3.4929434530469097 -0.2947209770320286 0.7583732446608942 0
3.809429332600054 4.399976464769842 -4.221392417514057 0.3706818992490104 0
1.59669696139236 2.6564829791188758 -3.1735881935640577 1.0908313488975476 0
-4.238312855957191 -2.900168360678478 3.4715079209690085 1.6453127442064206 0
3.374349707499453 2.2043886963175607 2.0872865534225777 3.162593891235871 0
0.07281146905354419 -3.3449948835500845 -0.5037841135777564 3.2873296624223634 0
-0.14144185392202124 0.14196139064578328 -0.14098332143914705 -4.338849843756898 0
-1.6986180291805404 -4.089046116610885 3.664264465037695 -2.10530332919355 0
-0.5608740592611036 -3.6370385107376295 2.917251910093741 -4.320188776877032 0
-4.093108992830758 1.6634584680041502 -3.9426332788651752 -4.270087318952455 0
3.142716706868212 -3.373135351259742 -0.1976135135780681 3.2877167761243893 0
-3.3384239350934743 -0.24245998131909186 -3.5824507990847714 -3.5806173437470017 0
-2.721973417511948 2.5346047394423348 -0.7791384639497274 -0.805489208769587 0
0.9667247682779248 -0.5084991515078214 3.1033097983329654 2.2518774717602077 0
4.338261977219131 1.8805987242551874 -0.7310230094261192 0.1610753560312086 0
-2.531426261202058 -2.9926053167167956 4.100719446540638 -3.4257138778478335 0
0.3488892578971833 -1.6792129059184924 0.494232000301254 0.14548025337834913 0
3.703832976468399 -3.723698882076822 -4.438210554710222 0.4607375958001606 0
-1.6733337313804777 -2.5277637432209774 -1.4295091595419613 2.438146335257465 0
2.1299960656586805 2.956863284523407 1.8111948578146415 -1.4791129030996764 0
2.201080166572582 -2.9021666585755757 2.000267494833942 -2.4910973654500346 0
3.2260787626835694 -4.450388292867684 -1.9725123120018127 -3.6566934702136624 0
-1.2812114723282295 4.078334240413691 1.837927092028318 -2.919050772577061 0
3.975987474721826 -4.292558885905838 -3.3901472301056765 4.4673535910406095 0
1.5571439732444756 -3.0229709990489884 -4.437439862353415 -0.6402928924841782 0
0.6131913327491594 -2.320893389701904 -3.209493091731212 -2.4033166533508434 0
-3.0792967724835703 0.032065393642131124 1.6113527555566536 2.1284658548906235 0
0.6461563178541073 -0.27042828025362275 -4.359078672637709 -1.8246835452743206 0
0.0735051643893131 -1.5862355107948893 -1.8645886897525314 1.6810565912424116 0
3.478485197340917 -2.2334804028459425 2.9310776751005845 4.466233094545723 0
3.2587903121603956 1.216765705747413 -2.0591915624869817 0.5800055825529407 0
1.775008619568284 -4.22591765691919 0.7496360769192587 0.6538136561813014 0
1.415801723365238 4.493901794750556 0.8458323535421388 2.330349359228694 0
0.05890927989010053 3.893811764346915 -0.852541091357442 3.987368987608648 0
-0.5327741834036446 -2.6997421366984478 2.353045682325005 -2.0261142801690353 0
2.734682113897239 2.7690485329640344 3.6278462735938852 3.768344347835962 0
-3.978424155849199 2.612754315169647 -1.1441521376563155 3.0152959584315786 0
-0.4496248918992526 3.1608971687526797 4.001807507683695 -3.6009132006884963 0
-1.2382482219084796 -2.6781513625383173 -0.9341283804922966 -2.388504239528973 0
3.349704955466688 0.9243719802200445 -3.2626798075168804 -1.9370070549727758 0
2.986674637640097 -4.241406364300401 -0.6387039124721628 -0.7898315035096563 0
1.8386695854155324 2.366963204785371 1.9138057161218336 -0.012202682297140388 0
-0.9365653533716555 -2.7590736382989247 0.1845386030291829 -2.5152605562123864 0
-2.9796922750129613 3.50546254269626 2.5103785265557446 -3.433695753450759 0
2.0784787927423407 3.4847463343844165 3.354923326874893 0.0630928370553383 0
-2.0966007004394096 1.4743741319900507 -3.9278246021339527 0.008625116187554127 0
-0.5851165774412329 0.13201653789722412 1.6156991410220425 4.165635005489888 0
0.588582319403751 -4.18936484592499 1.9711344651161784 2.9665980646774073 1
3.35147769978044 -1.3493211320221996 -3.065775907997155 -4.267844446307073 1
0.35011208614896105 -4.433320188080161 -0.14507742253365385 4.164175518207235 1
-4.059400808238489 3.899716151901913 -3.5420741086911285 -2.495390244827548 1
-2.591074305970935 2.023566226005883 -4.446407818695974 -3.341307520547177 1
-0.917503586834473 2.124726610124998 -4.489531175602566 4.4990354601268985 1
1.3602390065955416 3.825317892487118 3.1192076246833387 0.42004745678275024 1
1.0269768842013283 -4.166171104592881 -0.939004215498188 2.146439008076018 1
-3.459812574045252 2.307998097229433 -1.0206104255957642 -4.31960107766663 1
-0.4339905808582809 0.9420753990515605 -0.6959294817839937 1.428125750404679 1
3.2733544951415556 0.00343316287084372 -1.0763489221045712 0.031531293252437864 1
2.8525492345051493 1.3422493170229675 -3.2609345253078184 1.1813262886323113 1
-0.37267537557907526 -2.4393144680182397 3.6377453871670333 -0.09178434285502435 1
3.0262255927488795 0.0934462099768254 -0.5855324007401697 -0.34583848007721985 1
-4.259547884264519 -3.1084482959335933 -3.3288825873792387 1.9975416775616153 1
3.6781348158806066 -4.182688168938586 2.273642460186032 0.7746085068655476 1
-0.2559615769587428 -3.790065678089548 -1.7513212558916562 -1.3255185006986125 1
0.3586939613042024 1.756249739139145 4.197643428900188 3.7883874739296273 1
-4.032323062721027 3.9470155594227574 3.59482940089977 -4.028831549242675 1
-0.6220498684409628 4.244072268158444 -1.4645339364243606 -0.7428364155849906 1
-1.11156026464718 0.7063603352041726 2.200672449771542 -1.7566645551799926 1
-2.0065427302443495 -2.88976166683662 -1.777067805053223 -0.9891617569590346 1
0.10488850133086891 4.480328601505477 3.2742210323501446 2.406171476139133 1
0.07494609248241291 -1.439580189927657 -2.042491408607925 4.447128403706176 1
-2.809166780307289 -4.108342665238165 -4.006618291799278 4.252598836359639 1
0.4868215129619845 -0.14691650655221522 0.03835211982603415 -1.386729772343739 1
3.2335249417013054 -0.8288602359342215 2.3182904678886356 -3.2959110480434686 1
-2.1489912444506913 4.483143253067999 -1.7893376501665608 -3.1003915234122017 1
2.686961044275372 -3.9353530874701033 0.8086335514328525 -0.4209138477163442 1
-1.6577584632613118 -3.7549780546084923 2.8721017699173683 2.129037681321279 1
2.209649772855644 -2.222106102387251 0.7716768927803109 3.7879959101709093 1
-1.3419125774947767 1.4057627083172464 1.0365387697344466 2.3307568623542383 1
3.011736241510171 1.994637901467564 0.18839973024372192 0.5281583825259072 1
-0.8471307070777475 2.4879483103833167 -0.8631902418711745 1.1428243180107778 1
-1.0069178053680357 1.471654262418327 -2.525437198194901 -3.197618659663702 1
-2.862077295899945 3.128363963562685 -0.8043525226526325 -2.39885575761467 1
3.0024324895848453 -0.3210141621317659 3.175237833244931 4.231836657826646 1
-2.474973779762506 -4.4460044872220985 -2.936965176739779 -1.1883128716328075 1
0.3653743750877456 0.08277821858121226 -1.8223477854005283 2.938584131583677 1
-4.079547064653399 0.6231174116668416 -2.5257855198860995 0.2782505812313254 1
4.327798409489276 2.76845809762832 -3.777937361967955 -0.9270374080928072 1
0.8123558964276892 2.601096910854249 4.463282231457583 4.307197270839915 1
2.496538388221696 -0.46664179464757605 2.4301666151021943 -1.598521983128753 1
-0.9421375242916717 1.1726142620399351 3.399976567297846 -3.2889937971489043 1
-3.6123019712102087 -2.7829118286135426 -2.540087821086827 -3.8490691603303104 1
-3.7300000013450068 4.479158890613063 -3.0332150400496896 1.3563421000929543 1
2.764480098077313 -0.4201329955337526 2.0821752451566016 -2.2637209204887183 1
-2.8749832567046076 -4.460183486474187 -0.8393083652313335 -3.8062725576315763 1
1.6318303626782844 -0.5149657631054871 1.1447046351769923 1.2634502559059502 1
4.103698076961816 0.3001947500902393 0.8303721966762961 4.413653699916531 1
-3.294384815802477 1.247061215458688 -1.8016376416581485 3.9912855504609404 1
-4.192801325124383 0.08188264945795287 3.875481556047637 2.7669487733125857 1
2.9241174672642876 -0.5768213499875706 2.912491953470469 0.20880787128680933 1
-0.2780535156885253 3.7610176006071976 2.3289354124075246 3.4336350042540067 1
2.01277213856326 0.5321733250434038 3.446055876915483 -0.36730517202749546 1
-3.831643558970732 2.1945588281826924 3.241659305756614 -2.3359436670887113 1
-1.4297755478766163 3.2170196904765844 -0.8499551302409257 -3.2616212322087117 1
1.0402356282971796 -0.5437376129178361 -3.3568519063193936 2.202403807229932 1
1.1025028346113612 -3.3054925805327477 1.8072724949626826 3.981715269885254 1
-1.0291691192542174 3.952890427079563 4.017372623415783 -3.102083310305817 1
0.3599717113986639 0.35237055544139917 4.0739827418269705 -2.6225060812908563 2
-2.3425684039781185 1.0011184709306398 3.22841348688572 -2.0065203193065817 2
-2.7666966213304716 4.132262430193759 -3.355385448249358 2.586438903433887 2
-2.0675613523027447 0.7165962230998827 3.5390573663802285 0.7864672837503772 2
2.4645176224312486 1.7678358771139093 -1.9026464344334615 -1.5363608426993545 2
2.392326840934484 0.8017428571349802 -2.114820958246535 1.940150274865574 2
-3.4203723483940887 1.5284673731204186 3.5741122941351993 -3.5006171394130075 2
4.091292715182212 -2.9831923199386035 3.729181081206747 -4.300473372670032 2
2.873845180511182 -0.7194772214936682 -2.0585102669349435 -4.178335437595565 2
0.22853162660695348 -1.4113161756360326 -1.0922981381124794 -0.28569931659153935 2
0.657485949194224 -0.3430667819627976 1.9078900743558664 -3.9080882959013348 2
-0.5288658901124392 -0.34502856659190395 0.45385544519835486 -2.443661631691157 2
2.054978370999674 2.240052462688383 -0.9070896487226351 -2.464746669974451 2
-1.1761019617051303 -3.5236668124837536 1.5558948725874235 1.11284018822604 2
-0.5310275531097562 -2.401151082425887 3.047002016620245 -0.5787873088290987 2
0.8439785882327884 3.8472980453367356 2.478268703756094 -2.1400624557703662 2
-3.6090033262301047 -3.8162511025023504 0.46694300203886296 -2.084199888969458 2
-3.7373010376614433 -1.0127909854102397 -3.0530847910956385 -0.9562153227171054 2
-3.843841287418301 -3.7481721701701423 -3.4425555085929807 -2.410500664035177 2
1.3418236187205808 0.7807596456414785 3.776685397001635 -1.5527302837768433 2
-1.1551488244371537 1.2139260465650277 -2.172487177170165 -2.235913486867957 2
-3.6446643607458444 0.8863896289993384 -3.953664893201378 -0.8192930973910912 2
4.299317837670667 3.2713093185115905 -2.133872908482955 3.9963468608516406 2
3.4614832550112107 -2.2798397440150486 -2.8372026440756843 -0.34485945062403434 2
4.484783623414331 -0.8178298842452932 -2.5125526032782712 1.5830447691929046 2
-3.2257546066363427 -3.730796910330937 2.2842429208809567 2.447368782768114 2
0.07871322058606489 0.5639134863045813 2.0181340852128886 -2.873779193254759 2
-4.185906198593421 0.8865861471948919 -0.7300529892631845 2.8136259533489154 2
-3.7400914181478626 -2.903552014277497 -3.231640489172186 1.1189369705012653 2
-1.9235293835947327 0.8435973541984811 0.48078656694979116 3.4597405731996314 2
2.265837796372958 1.853751001796194 1.063059538682064 1.7973047537939615 2
1.5342555821308768 -0.75879598950615 -3.6073512075789114 -0.23525104878689074 2
-0.2359200538169287 0.8369528579469285 2.2223779312111196 1.7016199657851836 2
-1.3405237145441953 3.2195278277295563 3.298001066281547 -1.2743450045840312 2
2.742826230410385 -1.7157410060200995 -2.5700950208072495 3.3539447669188 2
-2.7311255019294425 1.0294667029540714 3.3188940186072653 -3.7827197932057546 2
-2.9915562366679103 4.150997578044579 -0.584536418704968 -3.801775460510609 2
4.418851931826969 -4.178849087071022 4.378246584549928 -2.3049638012460854 2
-3.7496102022532223 3.133998277194091 -2.0709111045882067 1.9583708663013426 2
-4.09449767641276 -3.7072719666381238 -3.086122642994841 -3.195037747511885 2
0.5445865723251616 -2.4943817546844382 -2.401822368034021 -1.8167316755227838 2
-1.266549611716149 -1.4220840217702226 3.1878944368991355 1.1419776495073317 2
-3.9413211296138715 -1.682271820721839 -2.9565294172217866 -0.7548940525734772 2
1.2677543252446255 0.29096715742461365 -4.28573558177909 -0.47754221545293307 2
1.2747452386771227 -0.9405016635769435 -3.110661078348793 0.41592670393189357 2
0.32840592872078544 -2.851980459851372 -2.540720831107617 2.612539368056167 2
0.5321374310262752 0.24879014494214446 -0.8074268560488934 3.4785596384157067 2
0.7148635572696348 -0.6272643346762795 -1.9969960065202783 -3.341955657899843 2
4.257052741064274 -4.388413125235509 2.9069680096644 3.06433567278099 2
4.411683883951879 0.1798766519142907 -1.9813407101119378 1.122844692559256 2
1.2865545577322677 0.420742583651843 -1.4669836839421195 -3.400472657233739 2
0.1467814397575795 0.711465849976314 -0.284167197728893 -1.1960561242426648 2
-3.0162716137276226 -2.1939437954740733 -3.420945470689254 1.5633543554017293 2
-0.43184504691750125 -0.6155266520371997 -3.9118335042930794 -0.7961020728637173 2
-1.238427909913188 0.8672471906797407 -3.22510537890938 -0.4199412874347931 2
-1.1664084058575115 -2.6332954155047767 1.9923100869403654 2.4117735379824854 2
-2.618931311881444 -2.042619932422051 2.0721397237352317 0.21599451656537083 2
-1.5882060308582449 -2.7875982895426192 -1.5539152475199018 3.9736852839632832 2
0.9508876293818896 1.8599879589576478 0.7325585528516728 4.468527659292849 2
-3.8101614324663267 1.1462911328356098 -0.5507211349416894 -1.0696939520811997 2
3.783864809899102 2.0800069416143376 2.1259661446629963 0.8706582838564012 3
-3.091167198083964 -3.769105327340914 4.308155769753297 2.7676038061501376 3
-2.2257601700019447 -1.6348114242504022 2.962163126820462 -1.9429257980386798 3
-3.5202673522799564 1.5986665868819134 -1.478859431876184 -3.5538681771256204 3
0.04227133972885899 -3.9055386582138003 -2.0296714644995113 -3.308425726492021 3
-3.4912409450276485 -0.14627798064823327 1.9472264073164753 -3.6610669194914425 3
0.42251004679924264 2.0712896007375963 4.028280214338098 3.782580468830912 3
3.7556521675831096 -0.7467880441331828 1.3225105808292366 -0.998186328136958 3
0.0899358138539319 2.6172252481774203 4.450717141645822 -3.6989789492413143 3
-0.2292000385490317 -0.4837684570556585 -1.5512743901056518 0.5380059807319351 3
4.232809153499298 -1.4313518435349013 0.6333812607382985 -0.4331820803571417 3
4.333846130785277 -3.572615524327329 1.4763107798571842 -2.781833954829043 3
3.5237957715977055 -3.1039301398763803 0.31915663392422544 -0.10569088656680292 3
0.837030933476545 2.243597793657862 0.8639302372268215 -0.8047799208665497 3
3.4825013153411017 -1.0217986549531544 -2.677691318242951 3.141729750464491 3
2.670609052621578 -1.5873623065872358 -3.312051636777261 -1.159896190256661 3
4.24208166835638 -2.36689392105504 0.3473498717074508 -1.3203203115909146 3
0.8779829175445514 -0.8443171918045026 -0.2410311393473058 1.6958649293367665 3
3.5809439057480072 3.5781859159342457 3.0214846775177064 1.5893728981550086 3
3.5795020481071416 -0.5203879935974268 -0.7880095972936423 -2.4243922504076267 3
-2.6787415843550373 -0.3933529099618265 0.857691980575571 -2.0148732686531425 3
1.6456528997343902 -4.137321948991224 1.6355697829199767 -1.1081108062902558 3
-3.124437337804749 -3.953665311172268 -1.9717078089270572 2.1560488500443404 3
2.14651111696781 3.8261218021155754 4.250945904904094 2.8623353382977954 3
-4.4247942629302806 4.204753015770851 1.8754307443188756 3.7303203666458145 3
-1.5773223645132428 -4.344956669526766 -0.9594197057052198 -4.026881248000553 3
-3.0358647879680163 2.5493831544728316 -1.8072120451596274 -4.208963810783591 3
-0.49926266847109946 -1.9830708924225358 -4.4069315532432665 2.7059436333562283 3
-0.3347376313009758 -2.7160575810885357 -1.9775658922720352 0.13757596332387467 3
1.3392736543273815 -4.199031356512227 -1.2625860143518035 2.531799516906699 3
2.963991561313137 -2.29900233430971 2.246598470987928 -2.628963620746066 3
2.696508900900745 2.299414715115582 1.5395134591286253 -0.8827974152208203 3
3.222451550065253 1.6828856927146134 0.22990800058733096 3.1311578640099853 3
0.49292347111371826 3.440999119522205 0.9665668648381002 0.8668763088383133 3
4.3648471168381535 1.739066881969911 -1.9659301715656081 -0.3355481538793237 3
-0.3141482593768141 -1.1623313515593992 -0.9031430685713284 -2.2253171854090237 3
-0.5263923105552324 0.4102073503325381 1.9873242625985248 2.443201870232828 3
-3.954693379604629 1.2250972459385954 -4.181499811271632 2.430194864554375 3
3.4439495152205466 -3.036778385368379 1.3727775276505274 0.05258312939978904 3
2.825579249387048 3.8237061330503725 3.7284808549903703 -0.2226132657154256 3
0.6534788514846697 2.1890323261059104 -1.5037497199193215 -2.9621717002320356 3
1.6365579442237217 -4.1299686690319515 2.761694935399708 -4.3354734348462065 3
-4.20960435749651 2.3137311029896406 3.091483760328142 0.5452807271935125 3
0.5840659963253056 -0.45489655189081035 0.4496629070805994 -0.671129612855162 3
-3.9036709860854275 2.4436027796173754 1.9691827551584193 -1.6120234299525371 3
-2.2941018963495297 2.1984778817866784 -2.9998359192976993 -0.1589232124622062 3
-3.6641638796694305 -4.351886983152012 1.1059012020400152 -0.3822911468185346 3
2.9756934422964068 -2.3336420383658494 -4.322912414034182 -0.45879038757194257 3
-2.748582192002848 -2.1757843828750074 -2.569012979316483 4.157664744234296 3
-0.14822036523195048 3.567573140054731 -3.3602635145137576 3.7516201615215383 3
2.4612309452895813 -4.352540548243099 -1.2482544660038448 -1.742204546611367 3
2.87935518911619 1.3888329377467157 1.0985944142639301 0.9224712137197518 3
4.244761707889423 -3.2387708587142146 0.37413663831675625 1.3039741845933182 3
-4.37168180174457 4.452171331625178 -3.128492318253567 -1.0764083505642614 3
3.436646497021414 -3.4437081027137655 3.755759727019548 -4.14019849151294 3
3.310423412685486 -4.328665313089727 -0.6403878492904722 2.3444658501789286 3
1.7423568142295602 -0.7569081090261531 -0.6163287730285625 -2.7961047950899336 3
-1.7964377139957874 2.003323406866092 3.12723241998611 -4.409838635748849 3
0.582275397110669 -3.0120708775030587 3.1719329358989325 -0.18388287556021554 3
-3.183056859751847 2.217198066348688 2.6943392298921047 -0.24406023824130385 3
-2.722734431412844 -3.529927039048012 0.9242542577489472 3.519157024767215 4
3.7355782638661474 -1.8424193507595323 -0.244308910505727 -0.2575385666704205 4
3.908059224282153 -3.3209476105148736 3.9029409103403956 0.46121601388867894 4
0.5958397211027273 0.4910870523944252 -0.6783997978123163 0.7071784856792778 4
0.4524310219121982 -3.962899548487638 2.3390548936847804 2.6648378776870816 4
0.52131353167297 -4.2135563075790685 0.7321727424993401 3.2867025271185324 4
2.442083580378675 -0.4554711852387484 -0.059445580885891136 -4.473912764255307 4
-1.2217441812201413 2.9033839066724023 2.855623136600932 1.0122690631043818 4
4.340606503538009 -1.851919388744228 -3.2456157669645966 3.4577791105242706 4
-0.8301593399117069 2.206299498118767 4.308132396754079 -3.335962454236514 4
3.620998824069318 1.3686008554681064 -1.8345541880152367 -3.0340834776866474 4
-3.7758196225368064 -1.3901507727153732 0.25033550212503286 -3.771477996428257 4
3.036455830060812 1.4977824239142794 0.23634702229440652 -0.4304673313335845 4
1.7401238760691746 -0.007084180679742813 -3.367871387297462 0.3862914377873089 4
-3.468389772109452 4.066417357436419 -3.5405253080482333 -2.3326166779648636 4
-1.5263642925052197 3.2450537232818757 -1.0229751013289792 -3.8228803957097646 4
-0.6993217428934726 3.6066720962258647 -4.481918978058252 2.1461965592062198 4
2.7824344977424325 2.0613276226856927 0.07842508206984111 0.06947379525949116 4
1.7515327485739873 0.6723134957716731 -3.6447107242808867 3.849672766189528 4
3.4537535168860067 1.8473246183721985 0.07268562602615347 -1.4400078432976127 4
-2.763268912376528 -0.29441043235515996 3.9544729215172674 -2.4213428030251145 4
2.089827733373831 -3.66275281929967 -2.878250843965228 -3.9018733938526022 4
0.15801018990219395 -0.895212096477471 -2.864263807505407 0.5194033824709058 4
2.648954966636163 1.094703010164375 -2.9678298980444895 -2.8621559214816235 4
2.692004565446315 1.0857789715499448 -2.064635558198319 -0.18634472634259003 4
-4.343517825439587 1.7479713222165087 1.2453375723384092 -2.1077511451983635 4
-4.18982925665583 1.19301562763975 2.8040720764703555 2.385269252424926 4
-2.6844181272666847 1.780108605564771 -2.572009505837959 1.4210644706432256 4
-1.201991864454064 1.574389493896676 -2.465917270323236 3.0883150325670403 4
-0.7156319450747612 2.197856591754688 -1.4078967578676131 3.362565150172578 4
-3.0659810567656267 -1.2759406523514425 -2.006046139317557 -4.464628121425006 4
3.1454849123267445 -3.1342326233754263 -2.9858814365389477 1.6566345440267025 4
-0.9463883619204849 -0.797315996047543 -4.157874876734776 -2.220349532734766 4
-2.6142808498862418 0.010807939500012242 -0.40127556389198604 2.8555487422332804 4
2.4519556552736494 1.332625246445931 -2.098267926515737 4.2009714297008784 4
0.28879591265613813 -0.045886429170766574 -3.3920589227339435 0.7684574229883773 4
-3.3707104010533295 -0.026466751945527167 1.318357895688166 2.040816070609358 4
0.4221585975188107 1.657399117933269 -1.1222539596374579 1.6377205505984893 4
-0.31248186340950845 -4.199948899051414 -1.3179804813036173 3.981529223612718 4
3.3328851409749105 3.148835183362992 2.582905246197681 -3.3226896058837974 4
1.0262880968445776 0.8904916804656461 2.7233818307448034 -1.2847147330269126 4
-3.3843026871889372 -0.041693330118948935 4.49899177726103 3.903087820282834 4
2.945119760834513 -2.201286474803289 2.81121969722567 4.381255344920173 4
-2.7975607653447145 -4.262799080208202 -1.3661608942314372 -1.770460428366683 4
4.296508216039235 0.681938754402467 4.498796096612269 -1.6535068539272038 4
-4.250953625281638 -3.6436102767333525 1.6548976741415364 -2.839950723538385 4
3.6522142068054464 3.58297717216547 -1.1217526541072655 -0.6841955640562166 4
2.2013599631667646 0.5133615650674594 3.4701228051406035 0.37861723803893255 4
-1.4878301752809815 -4.107507855302869 0.37469542403418743 -3.6233058271702463 4
-0.09792169389310079 -1.4365669933882952 0.2022877590576576 -3.9709915943219682 4
-0.7012381727285245 -1.6115840693879409 -1.3725887806868777 0.1504830640964092 4
-4.051190356964809 0.5228925026687825 -0.5771907251103461 2.367180611673401 4
-3.2467629040825408 3.9083138933557615 2.256152731378216 2.616628041712231 4
-3.4180208636284446 -3.0146119182440305 1.3198081624836941 -1.209657906829674 4
-1.2172491934705447 -0.06549974380740331 3.50601835653884 3.158041364026631 4
1.6239641103056073 -3.949978911696265 -2.5611966012057663 -1.377972655789255 4
4.307366780601402 0.1121166286030485 4.442706232917311 1.3276059892677412 4
2.4357861619839722 -2.53927258769477 1.4652650895821626 0.23156765937951584 4
-1.764827178216657 -3.6713643010865002 -0.44541481746809675 0.23997753869495564 4
-3.933294758414573 3.585820892044705 -0.5281145147635086 -4.10702115485224 4
