300 60
-4.061476072717855 -1.8980130618916484 -1.7436220544984453 2.1816569630000093 0
1.9886971214810685 -4.305453750756452 -3.1409422936298705 -2.0736372188155467 0
-2.646695112593049 -4.043040689741609 0.08746386369716164 4.3743630152602035 0
-1.7795529543184485 1.4751926516222997 -0.9755898833015555 -2.751396655571715 0
-1.7269704608680905 0.7523214859673887 2.884010837660002 -1.64662847838011 0
-3.873861408486595 3.306640355937795 0.291352098397452 0.40234263646835955 0
-3.3008353267342705 -2.896878045964515 0.7033146940176678 0.7655423678171905 0
-0.03663405156459798 3.273296801024012 -2.475284475319391 -3.4611432418732986 0
2.3304945196090285 4.234366128142419 -1.472938601500398 4.270568749344251 0
2.3337229750699753 -1.0417497111888352 1.764445219777238 -1.7178542000031543 0
-0.8215350350064071 1.9202438509603086 -2.679057317721356 -4.387168740976372 0
-2.0639720459417963 3.1869258479220965 -3.4241455386743804 1.4304704020548062 0
3.71847572650625 2.3468046269814558 0.4416802874397009 4.067529044565029 0
0.15001683982259584 -2.989478113006434 -0.37649512104081184 3.3805965121480863 0
-1.811769375520209 -1.9445125947242956 0.8423517546587951 -4.132647880083804 0
-1.5550868104404214 -0.3587369958632157 -3.8797610217795 -2.5663013157691004 0
0.39931523511873857 -2.5433921721625024 3.5580922373479273 0.027247848612300674 0
2.698814942450788 2.040160043668819 -3.6730097144129097 -2.27243185309036 0
3.1436344205209523 -2.092303758761349 -3.155101094606199 0.6050376791256052 0
1.0334224003359116 1.374804658745902 3.206016469981179 -1.7926659659041182 0
-1.01865209279143 -0.8068123928446312 2.191396302535965 -1.7053584635674999 0
2.791417945433735 0.9033233884392138 1.9070690242294064 4.491840676882576 0
3.5850630472622487 -0.089709974558838 -1.4300915555910703 -3.872675336505943 0
2.9548631899465363 3.23000524051415 -3.0156764534500713 -3.7612965428989904 0
2.596006292769837 3.4888989348648267 1.0644369010637225 4.016673563948805 0
1.7897471005723933 -0.4104872315032535 -2.5179071357595277 -4.182376328668317 0
-1.7467635169003004 2.8807596443333416 -1.319964408965541 -1.0211472166976245 0
-3.2430181011838206 -0.8883315136738026 -3.432925978497242 0.8215640303804339 0
-2.419089165536979 0.814119871890209 -4.3191580463410855 4.13816769509435 0
3.4764125214163126 -1.5503256862872896 3.5569926172513266 -1.8463150365598964 0
2.7414868681768305 2.6770755552118337 -3.8213289761137075 -1.5168521497342458 0
1.4912428299677534 -2.302987529495039 0.3245258699788387 -3.2578620334907558 0
2.874206211791073 -0.2915892859669591 -4.340611928400105 -2.7405510368594515 0
2.151978542856804 -0.35418178509717324 -0.35637457597661215 0.8780490095500878 0
3.276771746156768 1.819478628037019 -0.6826175260000017 -2.4709778244766536 0
-2.988224339103388 -2.8867817418734827 4.332165916466354 1.6133982383765701 0
3.149145256950818 -1.2139897784221314 3.856800619034919 4.4453929178729865 0
-1.0706837453021092 -4.129132587604733 -0.7228023134165084 2.998547479306276 0
1.2074676922326855 2.7376050820061737 -2.331839247988956 -3.820595720816681 0
3.57581607876904 -2.7471286572411904 -3.535476914620962 0.6022098215479742 0
3.2160812436344224 -2.9094339354234737 -0.08609290400400871 -3.028573634350016 0
-1.138310112146881 -1.0594911504865305 -0.6369813927527275 0.7080237359967021 0
0.6358051981397073 0.1002304488706448 -3.1326747489442592 -3.003801216158595 0
0.26169577868515315 0.20882429109874445 1.2140009661451825 -4.089683785669745 0
3.8868980183370594 -2.280816593937514 2.633264678524047 -2.178950481811447 0
-2.6252725409729276 2.8442735108140216 -2.647652531162036 -4.402083467511671 0
-1.7651970475618075 1.5785315182158366 -2.3979002609322526 -4.471795573211884 0
3.8129224341977777 -3.870275222733652 -2.0075239457055893 -1.1395621526686597 0
2.5359249834224773 -4.184073098824383 3.868611863433305 -1.3295540375282098 0
0.08171696375515025 -0.5508749391785399 -4.169508466111328 4.4508135038342145 0
1.7146960462246543 2.5132196632576855 -0.03832528375237887 0.5749845667966876 0
-4.074937829949368 -3.8289491894660275 -0.8381371917018662 0.9118067280194747 0
0.9436008501227588 1.9111500240590191 1.8292055522601127 1.1707345632473118 0
-3.1430290664553553 1.032872170507075 3.61104647442672 -0.20836673695679853 0
-3.1423411078556867 -0.34441002675006926 -3.6048332129680554 -2.11341271491041 0
4.322369509625331 3.0916724202612618 3.8474826185853814 -0.8271436819719674 0
1.7272330519762513 -0.33480964955087245 -3.3458292007340344 3.563715030594811 0
3.7509625850941206 2.093107385774485 0.7250912714472775 -0.9207062372145234 0
-4.481095491964437 1.556363249790245 -3.8735796770757593 -1.431829215207244 0
0.7087143655619995 -0.1889502696315729 0.6436032359936937 3.0589209307897427 0
-0.574927762421484 -1.2302149013354224 3.650252139164667 3.1922725357403685 1
-1.9427105503663378 2.4482295047728186 -0.23275739727911027 0.5607764702241721 1
1.942368620598593 -3.0345217672799283 -3.9559896538222037 -1.5750690361169966 1
2.3463699569475622 2.572453517740884 -1.148692823311378 2.153306438005059 1
2.1474593718192563 -2.4407861718340356 -0.48967676052658304 -0.27681353148382326 1
-1.528096667879852 -2.0148100123028088 0.017670449344479477 -2.459871556773704 1
3.578385671775083 3.8261033335992503 2.1819606620652046 -1.5348598298896006 1
1.0671800870614918 -3.246267747024315 3.906044104140953 -2.5757782182229523 1
-3.262238321250779 -1.2071880776217592 -0.26487545014309644 -2.3481107511105392 1
-3.460774160352576 0.10649411131777942 -0.4342722365074405 -2.4805295627662383 1
-2.1657945465507886 -3.50569897002575 -1.9627822914241841 -2.806978284095689 1
-2.8069735223562615 -1.584367504109084 0.5064343691912472 -1.287040075698271 1
1.489852289484568 -1.6923674519929426 -4.0924372924508745 4.465549771207056 1
0.21553879153342437 -1.4960842442972506 -2.099867261810112 -2.7087482290957787 1
-3.70498621782679 -3.705428206690986 -2.4017296236261756 -2.600949332341762 1
-2.229364124232811 -2.53566949381086 1.7281196151398315 2.030539928559391 1
-3.9357972953881273 2.499993633927693 -3.129505757552689 0.12647078637357045 1
-0.03481081699038657 -2.031744412051473 -4.102115312348779 -0.0017993046828369552 1
2.7884997438074044 -1.4609149213102877 -0.26040708929875034 -0.7749293128128326 1
-2.739506475339483 -1.4222704204103795 3.901909559840022 -3.4434641348059056 1
1.5549286092540724 -1.951970008032127 -3.66489718011014 -0.06641831870880122 1
-2.1090990574393125 3.4302705614594196 2.9704690249408054 -2.0335399594506107 1
0.3521693632948514 2.1938862149396927 -1.2005500634008048 0.5156113157868111 1
3.5802765673680232 -2.034350171198181 -2.0298485605021988 4.22850430002986 1
0.30091968164982474 -3.301259022551815 -0.21118962142605346 4.436482364638913 1
4.156696716970251 2.812103348164057 -3.717277851577891 1.3271548715354533 1
1.3626809845740175 -2.679682944806017 3.460066459754134 3.438964882187074 1
4.237405226174325 -4.180175655423018 -1.2153342081263336 0.03985038617184178 1
-0.6908919634270677 3.9997281841327457 2.8614519362574713 -2.6298647467160827 1
-1.6271122873056578 2.492228673708909 -1.010668974635648 -2.1296131879109756 1
4.275824400088824 1.8174113148226065 0.0522417108963501 -3.637817351446227 1
-1.7772383424068847 4.217975142304282 -1.7925767176575311 2.6977150422016396 1
-0.9385812631921906 4.061781570019748 -0.6381305267714273 1.5983689237235856 1
-3.3353456608010528 3.9335775349744826 1.8831090761439488 3.3572140798981795 1
2.3139722769129776 -4.084926465563518 -1.3452797324504906 -1.6406639822238085 1
1.4658493035904496 -2.4608589376799146 -2.9857596890897873 -0.26164057857687084 1
0.1750557201289592 0.09607766851767574 -0.6059007168372961 -2.1338023806747426 1
-3.532122651283496 2.8355708266116624 -0.3993388364221322 -2.0922284731084204 1
4.16207715374083 0.7999415369962161 1.832935948997597 -3.458756259966882 1
-0.8617315440174738 1.4028929314313476 4.141195879993888 -2.2587843795280587 1
-0.9383263515608493 0.856971622387473 -1.337608997906252 0.6043369892553467 1
-0.6059415950472311 -3.124172607127689 2.752117808355606 -2.6768998757559537 1
3.190460978226685 -1.2659933665832266 -0.057478442881436775 0.9986809134240792 1
-3.5792052325020567 -4.16475163977071 -3.838102165440388 0.08856379207386456 1
-0.3966088852082994 -3.3466644741264227 -0.3007925274651003 1.1676662402826743 1
1.833615288807143 -3.9294331964357343 3.475881083360206 1.7209621721242447 1
-4.472721675301413 -3.6976551108702926 4.282188915770757 2.452286887053072 1
2.7527605195848057 1.810713999881497 -0.970538554715732 -0.9148716927346787 1
3.2404518128708073 2.71482157381585 -0.3615639587869848 -2.4909937636655473 1
-2.4422352448201665 0.07824915215215411 -2.853773282626694 1.539991396424416 1
0.3651282706333301 -1.8566404682779134 -0.9045494813467373 1.583586059864359 1
-1.1770636826311782 -2.0676241143045053 -4.221767211723729 0.7204436667140219 1
-3.6601794904139933 2.278188389490486 -1.1379675683873387 -2.346100517593729 1
2.074776281203945 -4.46737117056269 -2.1137676779722225 -0.47518205836973815 1
-2.343335183697435 -2.0725439457307537 -2.778209931869729 -0.7915143790992857 1
2.624901700228436 0.06690859236348934 3.721592895318948 -4.366764418854299 1
-0.3088209801895373 -2.1340336649781824 -3.5071723248284146 3.397204057634531 1
0.9283647741185702 3.3846713799015795 -2.17971377170947 1.088781215651462 1
4.4396354371581745 -4.257846104848293 4.38996490351917 3.636851821638165 1
0.22184500990919398 -4.107878483789285 -1.21512497173576 -1.4137235009201528 1
3.0929733621172852 1.2447954845928444 3.375397900687324 0.3351465083950472 2
-0.9364135778623619 -1.737416153848532 0.6193781044309942 -2.415298143178955 2
-3.947901092943205 3.5689099446240546 -3.0111611255501387 2.386110812823189 2
3.696155330243576 4.058503293628314 2.529194268460955 3.312902394633644 2
3.7773834800911033 -4.213769445158724 -0.9940431592243775 -0.32737269363948984 2
3.385291496192008 -4.120199604076966 4.039155106035546 -2.829215792842547 2
4.325663025196311 2.329637048998568 -2.899052365536729 -3.5690316801100352 2
3.551785096446443 2.264785444945278 -3.9437911243238912 -0.8361975094113162 2
3.655397085779022 2.1677913137574607 4.214508183762985 -1.2017369352898366 2
3.645692542316606 -4.24935011401017 -0.5249644204597531 1.75482011749389 2
1.6210064637420836 3.1170167915650326 0.24817921465147197 3.8136012745431564 2
3.4873512920478063 -4.123751522275163 -2.4454206565460996 -1.514930188670319 2
-0.1955592530859176 0.745474145601148 -0.5778018099378339 -0.41061174904289166 2
-2.499008635222095 -0.6149496129304535 3.4967321395461246 2.456818696304865 2
3.033163222146926 4.309358675799946 1.8273394545701787 -2.670600078155467 2
1.5189227975923294 3.7638127901942817 -4.344491053956075 -0.9384819816544366 2
-3.1900917357987524 -0.4372886021983067 -1.9098337323000778 -2.163047217998524 2
-3.7111596857589717 -2.8539522524271606 -4.401134585092907 -3.127510641093311 2
0.34223125895353324 1.6055390741605566 1.9663987457619383 3.528925339140499 2
-2.056837393220934 1.2636727947428112 3.4044030790802995 -1.623409158512393 2
3.4184250309959316 2.281874737012714 -1.5021128629249376 4.378086676908714 2
0.6332874617204955 1.856156000888256 3.553345155087709 -2.9648811462281177 2
-1.521290458882655 1.04721824610853 -2.5596681876512735 0.6010185679260821 2
1.7310708585403014 -4.092019710990462 -4.47642716576063 -1.4610052263429245 2
-4.170249453628781 -1.4004989469493307 -0.3927910498925302 2.8499309450839023 2
2.7932912658711677 -0.671635507605761 -4.366599321466625 2.6274478590678223 2
3.2588370597766225 -1.8611673673616664 -0.5792868910017033 1.2921363987961707 2
-1.7584676192809794 3.442967331380852 0.3172706152885173 -1.1951664289618678 2
-1.0878883803355661 0.0646531715178782 -4.443556654989577 1.3201105868878615 2
2.6604618493994976 -1.4758102929681298 3.7870540180824595 3.803993566248339 2
-4.455290836762833 0.7668114353807188 -0.34457113909678205 2.0679950072121676 2
-1.353174571501861 -0.4149105503626548 1.420794152114004 0.1120248785486645 2
-1.8672165071285431 1.3999999819075175 -3.8599361446857405 3.629691357445419 2
-0.07491913973420461 2.851181083428025 1.8143897460484961 2.437746979505924 2
-1.228118137721177 -2.3135176979930314 -3.0386505358449543 -2.240011990032503 2
0.28309435778545855 2.4105779953429685 -1.3932134022504248 -1.7016016486233472 2
3.9188871326690644 -2.1377238306232234 -4.457732231806717 0.9086827455952129 2
-3.8833844068644425 -1.0476411804976744 2.8743269075613433 -3.665290289168729 2
2.1952144756989482 0.9300662065881533 4.105103784540726 -0.9332676115086512 2
2.394049086884924 0.1297963401757044 0.6398601086917838 0.7749808716580079 2
-1.5003130686795652 1.0954916866100382 2.6259260008615093 3.4779582943319123 2
2.252486360331067 1.1828805334180421 -3.847549650510259 2.969467101577349 2
-4.3061605714230105 -1.537425882846322 -0.8712392372866977 4.152239615540121 2
-0.4046789269003731 -1.4418649909812928 -0.7938846665829131 1.996880844404217 2
-3.117612169372506 1.5806589915644476 -2.6091364387534792 -0.5168239806468017 2
-4.357751545299075 -0.157140153028684 0.8342651859749932 -2.5657615872901016 2
-4.221769065064634 -1.745348153256707 1.8713524930928207 2.075217398342057 2
4.1561220846878175 3.908174027854095 -1.984613262783792 2.044354676514944 2
-0.7139416997828933 -3.4056174156702657 0.4960700574092278 1.655539382557746 2
4.041190871132085 4.017330456984241 0.40486047307407935 -4.3633737252573965 2
-1.1899836535681612 -4.021744032967686 3.53118118685152 3.0172395338401925 2
-3.383640077654019 3.5763833669558895 -2.1690721932631503 -2.5214712454210013 2
-3.7565945877814237 -0.6730368559810795 -3.3839089435994905 2.5997546896195387 2
-1.9826700519262594 -2.4715252835319483 3.20388296901827 3.022213360470264 2
-3.679542236834635 -4.490628584345773 1.0021267234979838 -1.2043322582680787 2
-2.991042740758054 0.9460700487940467 4.323474359450513 1.6088976401016999 2
-1.5356420943641325 1.8287308576370025 -0.4212711736643757 1.302311961421235 2
-0.4069471577413427 1.9553385295809966 2.9466132781390577 1.4291067481929591 2
-2.77207722131018 -2.458955867928521 3.2489061747287447 -3.2363705903682782 2
3.9970386011529313 3.7037432257396237 -2.3479069472072576 -4.449305359683931 2
0.6527239671631785 4.310289063165552 4.348159454085531 0.8669427747146491 3
3.2938230730764753 3.3863532105561562 -2.1790347025594476 -3.1809110612600175 3
0.24450178717614413 -3.451090521522285 2.7682497642500574 0.6641666159972216 3
1.1519520034075366 4.172799956602263 -4.457770655027577 -3.1555244281412955 3
-0.5375513412878992 0.2535969825417964 3.341299790207011 0.6051822792815363 3
-3.568402850944917 -1.5213026224649076 -0.9742916135291252 4.243384656008678 3
-3.2238314080089974 3.6502006243605307 1.8657126038453258 2.8815651594216884 3
4.457845727170456 3.545156817853659 1.3250652520504702 1.0382420575196978 3
1.7737090640765865 0.37157577378205264 -4.443867455926636 2.135772414052624 3
-1.1527305106255916 -1.8604200090990652 2.7457121097063366 2.7099294062658155 3
2.2905543592820172 -4.188008262660673 -1.0615114692798846 3.0621436937314073 3
3.426345473754754 -1.0836823874523578 3.5004677383021097 -0.6078630557832718 3
-1.802992196705199 2.4350172674957022 -1.4563355775393607 -0.9707023305976162 3
-0.3457048746330488 3.762643738777326 2.069028541857617 -2.6441238024367273 3
0.25840195170080615 3.4681645870965845 -0.6160027694029907 4.3533055456406595 3
0.157465688318015 4.169478086717778 -3.589826640748134 0.050685088022846325 3
-2.1832663944218074 -2.0489274003708715 -4.0955848792219856 0.06754323863354417 3
4.437328843628665 3.0743126980696993 -3.9348715066655933 -4.125910920844561 3
-3.064643703729786 2.135428051464169 0.052334651235309004 3.5583576519918623 3
-0.7351640379609357 -3.40622967210755 2.162842708094892 3.0437732815680514 3
2.137195415600689 4.422698172055062 -4.23793496616355 -0.8847517269581063 3
3.1004660167522626 2.2465132854733185 2.806951441357027 -2.535455916320353 3
-0.8412881360932539 -3.876681972649779 -2.668919580893694 1.9017356686885742 3
-2.8119355729790527 2.4788323954152807 2.9425404394954566 -3.12189614901327 3
0.5870941801883267 3.4837765318920515 3.5404610515179447 0.2884758053379437 3
4.252866177216236 3.765104189325775 2.805128654672428 0.3943085709338898 3
1.7130549626562954 -2.672011961004922 2.4852345253230244 -2.8414088848155297 3
2.3222611288380666 -0.41720939516687283 -3.0925813614068107 3.5470291904131384 3
2.4744272329397567 -0.2418986403284067 -3.4844353457942 -1.0685584843886256 3
0.280838534391218 1.0625413173060716 -0.05673743707076018 -0.5306036069676104 3
-2.123713219385882 3.4624562284466416 4.312636488765513 0.280097588969789 3
3.6861917513647806 0.6644704300266708 3.9349947128227556 -2.934195229731545 3
0.5583334601949782 0.8959278388766369 0.8672887687275214 3.0638707933729905 3
2.1668531175082064 -1.2593625071940013 -3.3654021711887987 -1.0995739930504285 3
-3.231774840879873 -3.5548773342862114 2.027636727156641 -3.618153553354481 3
1.5966445237062699 -0.5668018720103319 -0.8882475199590701 -1.1428875710036812 3
1.1308631873933326 2.59086240829546 2.798102271683334 -0.25085689752301843 3
1.396600372291823 -2.472159529168641 3.899392346654325 0.4173859234717946 3
3.316375023942931 3.614759938250815 -3.050407714485411 -0.8120988652112235 3
-2.670449082571789 -2.3774029272922137 2.5104116046708276 -2.969118231769688 3
-2.3641540640333942 -0.13952767099755992 -0.283134191057949 -4.136308570489383 3
4.216102140699916 0.9917025394952151 3.740970223966341 -4.076990953979629 3
-1.8831376985561732 2.8055111029678 1.7852620906804497 0.17894409865109973 3
2.533333801941754 -0.906850368292716 3.296907842622784 -3.2068117378584162 3
-1.2106752978499544 0.901047500949625 -0.9942274748112135 0.727609334825616 3
2.822819463219889 1.5731846092968396 1.2068703601358899 -2.3133912842646573 3
-3.6877796547283306 -3.9983573649189927 4.1376031831053925 -1.0994422508451926 3
2.55383273336282 -1.7964893627339806 2.6486466947879217 1.5239617304357136 3
-3.577705122943928 -2.3350863938847675 -0.40360476606410856 -0.8489620986306594 3
2.6490277117863106 4.453312488859298 0.3789324559382712 -0.6331889331006576 3
3.7631156445674163 -3.707468231068064 -4.263007354234958 0.11064156529353619 3
1.4558205719381598 -1.323499981296157 3.8984444165537004 -0.18268717113540223 3
-0.2213823953017674 -0.06742524818307216 -3.5567993078489724 -2.7852953057734062 3
-1.0523011915889278 -1.9203457869300768 -2.409188305926328 0.20663958039401986 3
1.1834773369784433 -1.2327181327714953 3.138930290548782 -3.4657242958870427 3
-1.4930323544107693 -2.669310379039166 2.8843254023974954 1.218937620881229 3
4.1653206759587444 -0.626689459325172 1.7133355040745823 -3.8645838661820946 3
-0.7519411763786545 -0.5979491605633772 1.5215222335013405 -0.9902688832546355 3
1.0862573495546277 -2.9521417367830827 1.4652185505967512 -4.310989579130784 3
-3.622375924426377 2.8715557218969057 -1.1512262810880296 -2.764556431257417 3
2.9369408154822914 -2.8124635074028657 2.4814293364699607 4.210499309956766 4
2.0956801163194663 -2.2274339893360233 4.330616786906232 1.1293039010355808 4
-1.3308494215056712 4.262588929258446 -2.7543174841522156 0.8506259738667793 4
2.15235644708606 3.655424820329371 -3.316819178361944 1.8629464024672167 4
-2.3958430052780986 0.24322908259223397 4.173926292415031 -1.4158675089455555 4
-2.7744842166279673 3.4104619436587527 -0.487266470651874 -0.14310970135913925 4
-4.070536082199622 3.022019075400072 -0.47568768485995017 2.742792331729192 4
1.958787340454172 3.799772069259217 2.0176349033558196 -1.3069803854470774 4
2.876581420310837 -2.911176097565883 0.24830807262006338 2.8592195196424264 4
0.78955200671976 2.209670201859072 0.6327404081101132 2.451306802223812 4
4.278712733504808 1.3028860071638226 -2.750543458945311 -2.9328182880887232 4
-1.6210198171290677 2.613083561492866 -0.15855737937802616 3.5518994997631608 4
-4.341711105224923 0.46681734005520925 0.7897814635957487 -3.623017203112749 4
1.0923393017017047 -2.0244431700040755 -1.526071826519988 4.269292653942362 4
-1.0086043642357705 3.3910572582022835 -2.11679435476423 3.5918185918100507 4
4.37394642251537 -3.2441502158543223 2.0149498115435174 -4.41632972248344 4
3.969780350336143 -0.7621845452846379 -3.8453780283981542 2.5763527836968656 4
-0.039955512671250415 1.9989512554521451 2.7329354419915814 0.8116093915266016 4
0.590358203974901 0.8235648375163191 3.0996508788547845 0.0654763621708414 4
-0.06818578871916503 -1.9987226196310446 3.7888951720490525 0.7374030974588222 4
-1.4098072990326356 3.8833624389993266 -0.8576592683008939 -4.408652131685656 4
1.1146924326537528 2.988806035828592 0.5083538939088673 -2.793315405398634 4
-1.192804588270492 3.9276329350196466 -0.020119158795841585 -0.08873689914129002 4
0.47142529079687945 -2.023727242946594 -2.285176907754403 -2.2761798389483587 4
1.8350372557013621 -2.2376181543621954 -1.7811184216687161 1.5221552966517091 4
0.5357856552654398 0.048010122551934376 4.3721372063096 -0.6199507567692719 4
-4.013790768666472 2.6125616161082545 1.961191846994102 3.1986551441632503 4
-2.579128369458898 -4.010296120861178 3.442061328384179 2.4323856810474562 4
-1.9471980726839169 0.45252318882943743 -0.845256525611542 1.0433245655995598 4
0.2642920755959969 1.097890034341494 -0.025961087036868724 -2.380683882408973 4
-3.2165188895343855 4.388997779544942 3.800929667937445 0.28309497764251224 4
1.3940777106800786 1.166557400735038 -4.2679670281867645 2.8873022282492125 4
-3.441105102846272 -4.179651252905544 3.507345439287838 -0.1660140354763905 4
4.364525941228898 -2.7138280102326173 3.1630817268310008 -4.194188464182817 4
-2.183460178887348 -2.006169008017719 -0.4547293981967102 -1.371289052716894 4
-2.213489553683445 1.8725773054150174 -2.7173659253932922 3.0638724435959794 4
2.0376261179546744 4.273420297292975 -2.3506873280794265 3.094089985416544 4
-3.7255876604561777 2.5978464151002116 3.035713061467338 -2.0741485284866767 4
-0.626363914783608 -1.7329508298891434 -1.3856492759303527 3.722161311335059 4
3.8569530448301728 -0.9910655934278467 -0.8175045658765507 2.522076571668761 4
-3.1752153246807184 -2.1322792051383748 -3.074430516567653 -3.3391088081414857 4
3.6433569096577463 3.243149206192024 -0.8854241782118037 0.09922367771944351 4
1.3610188100708842 4.053423013131671 2.171506752108194 1.143689639923211 4
-2.2237837859343212 1.4276592449716037 1.6047522483905132 -4.417932569312081 4
4.048718929081044 -2.2920669984437785 -2.9562019502813777 2.123832877208425 4
-3.174639448459724 4.262214034174768 -2.6849068564828746 3.840741203590527 4
4.306418977867773 -2.40719056167497 0.5995087040836534 3.518455328975244 4
-0.5422136428234379 0.9938076308705233 -2.2821538058642914 -1.9818885363731404 4
1.7281396258894168 2.000013855835483 -3.231310154255719 1.5887319734439616 4
-0.25811858707612245 -3.91874973532839 2.4419675032141726 -1.782906577358969 4
4.352368140403185 1.1922417166507084 2.418088474708253 1.5861925458475974 4
3.0692131844604376 -2.1964872246735325 2.5055578575767528 -3.113961351615349 4
0.13585506995644236 3.535432830764237 -0.2063036150973091 1.622981866585709 4
-3.598159352304227 -3.039679465522825 2.7651857495130705 -2.3957014773766483 4
-2.37164128437229 -4.398946008844723 -2.4044248854469186 1.0497867472062465 4
-3.693450743832609 1.5110529857647075 -0.7685068778570115 4.491851346891523 4
4.262541316766871 2.0300077446466105 -4.417077166645409 -3.01613398140063 4
3.1762948575749412 -4.392134277790964 3.0515003305521677 1.7327861781638285 4
2.3261907150451555 2.5165735267154146 -1.0627632480120413 -0.8250283387081202 4
-3.552694118334508 -0.645192394329206 0.39056633872227176 -3.968983329651414 4
