300 60
-4.4066326150287 0.016871329338648766 4.386537382576874 -0.31929312135755483 0
-0.03804036179268522 -3.2955342393665106 1.6434960390029552 -0.7172911992340629 0
-3.221000230909153 -2.5329719193652958 -2.5928206613688873 -3.2259788228899637 0
-0.7334263754059278 -2.267089484277968 -3.685947786975548 -2.493274134166644 0
-3.7434631395118494 -1.3905122395463991 -0.7612459036896911 -4.008111849887398 0
-2.999012881209107 3.4070317697939316 -4.445139221220076 2.476848159553908 0
4.058676284640448 -4.1512646175091215 3.514484959936404 -1.839132146731017 0
1.791966522588849 0.6548383401246832 -0.8999724718127671 3.834060747284959 0
3.582064064026346 1.5020907562767296 -0.9054833007623032 -0.08614290668076585 0
0.43054004741833407 1.8218468166124973 -3.8929681940033967 0.06329791773843485 0
-1.0217054734680115 1.749948099880124 1.908403050731292 -1.9777148141263874 0
2.923834180504933 -0.3089837216946073 -0.3487825231572139 -3.953141103224846 0
3.9647196857399045 2.73365793011086 0.9349897483095767 1.8505498023379403 0
4.350233234018993 -2.973273681746096 -4.2884862275817355 -0.20015238011976555 0
0.1897624031381756 4.009656752786166 -3.7271237520174774 4.321089208569006 0
1.3458641684442858 3.2474873090312704 -0.5956523332382849 -0.009153453544039736 0
4.237614108812027 -2.8301248175898537 -0.08395405741355755 3.892847410947191 0
-2.3119589221793237 3.3606075879101227 1.2659811125111164 2.055347550046384 0
3.656495492311569 2.3245018811698395 0.8296883556706421 0.19533652839561177 0
-1.3778824160203227 -0.3281875741434821 2.8767901467575427 3.010053387145879 0
0.9948396676331646 -0.033464540959316946 0.8362078859799835 0.142511064838166 0
-0.19823387815487792 -0.5800008171028881 -0.7956869386051832 0.1145130963740939 0
3.3336746678387796 -2.813772176447206 -3.9808897346786725 -2.090088237883278 0
1.6890668387340764 1.831762564212493 2.7066476980424254 3.896162381401597 0
3.826800695439967 -4.144906640931596 -4.391973048480595 -4.347652497404783 0
1.3240504219060023 1.2424858624564645 3.876005751691029 3.1092291752555856 0
-0.3447210377637271 -4.022465179631463 -0.05916717629329449 3.9747110645607706 0
-4.152861691538775 -2.974217272129108 -2.2469783186681513 -1.6530843852194348 0
2.6509309828068544 -3.0365455809592725 3.97950418987135 -1.470114139049239 0
-3.2513517019840332 -1.3237474209058628 4.3087007754144295 -3.2253966791958897 0
-0.1395139036247811 1.7796274661139981 0.9790883100033877 0.9507757412466727 0
2.7104078852611737 -2.099030606352528 -3.049712664391131 -2.675609640006223 0
3.6852858833242523 -4.294197450272908 -0.8318260965403164 0.006365303064438277 0
-1.1238951375380348 -2.703300042165978 -1.5180029851988928 1.5459276727858975 0
-1.4147529375473071 -0.5029893446035817 4.0290616735975755 3.1960987134902386 0
-0.016743506743866043 -0.7708830768034053 -2.9281230114965253 0.07468499710738952 0
-2.571696334035563 -2.550242585458241 4.4481136688839 -0.32637282975700255 0
-2.4092358547815125 2.061770585637713 3.293947512216021 -3.773497732083491 0
-0.7567319968668703 0.7550836021241956 1.7916222323410287 -3.080633139422473 0
-0.05097055380563953 -0.6295786720993214 3.7671549285947195 -0.8923738093554678 0
2.1128923533255266 0.5059483812328399 -0.7987061852487968 -3.6416976454925534 0
-1.7763242250599411 4.237183753321104 -3.8127806258555426 1.0074195640206853 0
-2.4764164908902626 -3.2510775874079454 0.35733241196384147 -1.3632432840347521 0
1.0343922782599686 -0.07263954643728388 4.200001617367311 -0.5198382920481693 0
-2.8516253971210155 -3.516205363517703 1.6671810122353703 -2.3642929208699224 0
0.3561797243108148 -1.8963064660658058 0.030752152708906744 3.944130908263287 0
-3.57251353338489 -0.08458606643115896 -0.836578894530532 0.36140646313541636 0
1.1888251625920963 -4.158277047657466 -1.8245675105250945 -1.5842567401292738 0
0.000971283975833015 -3.748109130634992 -0.9677222954609551 -2.195994572822273 0
2.621864112699383 2.322324224304942 2.452297324419611 0.0753852971633322 0
-2.139541012773433 -3.592272680593005 4.0236139245142715 0.6739138981271545 0
3.754734355443901 0.15714217591947388 1.9596327335124346 -0.3245731037741817 0
-3.2981429166890974 -3.4871119736097906 -2.189179529059225 -1.6975290215702905 0
3.074770335726694 0.4146726287737924 -2.4496207450217193 -3.904246211422576 0
-2.150850751672248 0.6824296603787752 1.8391410692428294 0.19721480322471296 0
-1.6753265389986987 2.624608667760674 -2.3138182469160324 -3.620627227831977 0
-0.06218353437337065 4.186423651140419 -1.1263099500810876 1.4522066567579333 0
0.1828075004743801 3.6271943594754252 -1.4345495276167441 -0.7609084192918215 0
-2.251758954579148 0.19338572865546388 -0.27763496510597263 -0.5633575457777222 0
0.05171115051003827 2.817643326554376 -0.7298412483580801 -1.106430793089931 0
-3.8412520089225293 3.025863006702709 -1.2284276595915702 1.785345719021235 1
2.7381207184094674 -0.8431085623224068 2.2588341260090394 -1.445673604289893 1
-4.171938765100496 2.405286962573183 2.4888058233467723 -0.014420114617535007 1
1.6103481212754174 3.7703599943167583 -0.43512015960777284 3.776624359777712 1
0.5416706007185134 4.209470637531652 0.4953413346878909 1.4052686724693142 1
-1.7245408403188514 -1.4499903049618297 -2.450406985501887 -1.3774554598422675 1
2.0779363030227005 1.8123291534088062 -0.2501435130771772 1.0175633564875355 1
2.028140296796267 3.545484696601971 2.09907755654357 3.0891070565478165 1
1.949841786541261 1.6393749315426247 1.8224986777635217 1.005437906086153 1
3.088051578469007 1.3060709864565547 -0.13375740489006205 -0.7647737684273114 1
-1.775710006841173 2.95903082024617 2.5350516379275385 -0.16612705356285995 1
-2.2975240709128575 1.8340262369323281 -2.940379725757182 -2.21831977872128 1
0.3229941675927346 -1.0727143312633831 -2.3173931861961607 2.8360270080428123 1
-2.8924385835703283 3.472484439897503 4.47580541011155 2.75330660121657 1
-3.7778985586369185 2.7322978236796343 1.9506757980750415 0.9101124622481834 1
1.651233167041898 -0.34190602831796246 -1.0631783841331044 1.842114234832703 1
1.4764437849725836 -1.9560036393390006 0.37799410855255144 -1.4623043038053467 1
3.254172974428512 -2.893683996965371 -3.758699838582827 -2.6314266008775493 1
0.7173970343455166 -0.3272905577822792 4.321352779008075 -1.439231392133029 1
1.5589964404741163 -0.2148799102987594 2.000631018305479 -0.1979793446848459 1
4.072600381582537 3.1793186737458683 0.7641099165235291 -1.945548163451093 1
3.5865639537402414 -4.2698780700087795 1.3332431300459047 -3.7057968197346987 1
-3.092193880394091 -0.2079166484373558 1.2703531133940844 3.296085860574584 1
2.112496569119984 -1.29321470407538 3.5601492004014057 0.8912520971830686 1
0.5800826940973305 -4.090774516624326 -3.2182527055711585 3.11201762933844 1
1.2639717503966978 1.6308574272704752 -0.634846293470482 0.4447742381616777 1
-0.9392627240056662 -3.269942906955976 1.6519399480353083 0.7053750333914284 1
-0.7518802305637617 2.146165507407522 2.9562074762443737 1.5173035861736732 1
0.7587687218121143 3.450899034764722 4.050409227466183 -2.208324013728874 1
0.708746501885286 -2.8982658573726914 1.1539773533216806 1.0005701473607047 1
0.8257652376087797 -4.0151003069127285 1.7634288922770214 -2.484927494154758 1
2.1907181958944055 -2.6906610466915106 -3.82272102074016 -4.308921409090353 1
3.6420780822484833 -0.2378890778295527 -0.30508754975134034 0.7224972894122018 1
-0.5251213425516558 -3.2752826810487035 -4.195104565139061 0.29885278317299746 1
2.769260377957176 3.7532588173352757 0.7240882660181274 -3.86742526370287 1
1.751296428513318 1.5079001303305577 3.533650433047212 -3.5373844061535746 1
1.8595598837380072 2.203322411317139 -2.698654111907516 -1.2663518036344774 1
1.9313564313705958 -3.213337283322749 1.1323801930863213 -1.4274420637744003 1
1.4972215307126362 3.6932165388457623 0.4300783129647433 0.452009441624193 1
-4.208175370237258 -2.836670626525363 -1.8412771055289103 -1.211592083536798 1
2.361168759495426 -4.123199252261181 3.5696097658134707 -1.3589685597167622 1
-1.9891217427281584 3.221643724052296 3.5922983734783513 4.171930318149331 1
-1.178640031787801 3.5909268781771835 2.4410689351679173 -0.39658138794765196 1
-1.8981195187275222 -1.0770886715338897 4.019515320223395 -2.5277871428144643 1
-3.515639465816929 2.8316215007064116 3.8312670674442484 2.5573794032281256 1
3.90136897970063 -2.8520352967430673 0.9924915801879167 3.196481980289353 1
-1.6992128983855783 1.5723363894614377 -1.377664002100992 -3.250182722589784 1
-3.788090620413323 -4.205484051289741 -4.401817350344907 -1.0990220335792826 1
-1.5608194307705199 -1.0204902511495528 -0.5888627139307909 2.0525691492319464 1
0.44070610589612114 0.47638055198899987 -2.9661060420947827 -0.7848864690679783 1
-1.52885543661258 -0.6691400890222258 -0.28620358427915393 3.3501963468342284 1
-2.233288268632676 -2.676283809250379 -2.104848244693801 0.20333326447696687 1
2.497729617593188 -3.243664353881805 -3.7655659183365167 -2.5763163826964237 1
-0.4391666463161418 -3.397296382101774 -2.6202964157742787 -1.1287873126537682 1
2.8465731136027888 3.091409358989365 2.2253941723018866 0.21606818213170875 1
-3.4670244838344813 1.9888353823794098 -1.233089901245851 -0.8721333471729878 1
3.8098393378632434 -1.0257216106257738 3.925636878496772 0.475451122529039 1
2.494015251940074 3.814971341494536 -2.419794772964294 -3.1539415496618544 1
-4.45543731187651 -2.0467456763626912 2.744109427321545 -3.6987386490140777 1
-4.171327895418544 -2.7072742061071646 -2.2845268361229323 3.785647162313932 1
-4.399129383015916 -4.059904199945114 -3.175938919223863 0.9966937250048203 2
1.3440834586773338 -1.9014881890880346 -0.12644209908957416 -3.528332428565549 2
3.09969210246353 -1.5003281855478114 1.8029402254954052 2.948883240623063 2
3.791762954105048 -3.3175197266357497 3.5192338713072444 -2.4499346278694007 2
0.44104489440384587 -1.8500894876446579 -0.9579055026779247 -3.715784189693711 2
2.7553788165522546 -1.4609105650683845 3.590027509833426 -3.6006219389682723 2
-3.4107353941029297 -0.39962217257827237 3.654050130962305 -3.996479085212214 2
-2.2510650019785055 2.207097940935544 -0.9653538710804035 -1.0632061635543417 2
2.1232804228867797 -4.408156290006438 0.14248996728634544 -0.2808457615839163 2
-4.473072274023723 3.762057759450758 2.7743257345690493 2.3688362876291196 2
-1.5941244525714093 -1.8325885896414205 1.719535563108423 3.6405282387498143 2
-2.0616647387973965 -2.28848450070506 -4.139343218121946 0.7463808223276306 2
2.478323798080413 -2.130853680489436 -0.46020117230339963 4.198588386363863 2
1.9708840254988353 1.5595989840350972 -3.38745485071178 -2.5337623027053686 2
0.45480415352918446 1.6449572356741098 -0.22914218015293852 -3.7663838110840926 2
-2.933703674099759 -0.3193373732994197 -1.3443830603834859 -1.7646497395044776 2
-0.054369801649831184 -4.253298585911002 2.4878616323446208 0.37187476271521636 2
-2.535854955831632 3.900679378041472 -4.206954457783716 1.4214831288017815 2
1.4277985867433767 4.307962412199523 2.471614451700957 3.9525306295313234 2
-1.176173623248244 2.361513416416592 2.8467416206555365 1.6702368248390307 2
0.8969864382895655 0.9188315363615982 -2.82257091544453 3.745601808260712 2
-3.480231230080974 -2.500192933350407 -3.2148740087794514 3.5270898254214855 2
-3.8496372872856837 0.04772524691323177 0.12415874603090749 2.6379931212209113 2
-1.3941074365044277 -2.7295150799352004 -0.9934580551270329 2.7102092675663427 2
-1.1277254977968336 0.237660505073797 0.7012658738565819 -0.8001443394945538 2
1.8974423985365947 0.8097420057790649 -1.0304867598893606 3.8123064282346046 2
1.2518189363096726 0.9338572000465117 3.2577037662656103 0.23940956440386152 2
-1.1378258644340855 -1.5700112259038952 -2.058219518489814 0.35938845272357134 2
0.5502788131159119 2.2469714875443647 1.6674285036091363 1.0812253245133592 2
3.7727174493964695 2.9490224904334315 0.9690832140553316 2.3878486685674036 2
0.4835462583640573 2.9233972830012482 -2.1137312144182574 2.888113885525593 2
-4.245911519005205 2.6776903882788043 -1.7975726734412212 3.6752052668909205 2
-2.704601653625258 1.6725686347658963 -1.5495349057799837 -2.258067515057888 2
2.926707808772128 -1.6653322735647131 2.4846057954969125 -3.479848483331152 2
-0.9022733686542282 4.370300081609672 2.323561572855915 0.20343296927741372 2
-2.2179177843594085 2.2980539157625213 1.3863425361324015 -0.6707938247755703 2
-0.8454638192553622 -1.662930576325909 -1.0090780323966348 3.707682255218857 2
2.4346432989648847 -0.4512548088301247 1.33509190480641 -2.0642415857246985 2
1.8907736949525855 -2.500196045388873 -3.1533567477511717 -4.233900453119023 2
2.914532211095351 1.9509670603899432 1.140752539763169 -0.8997250837635371 2
-0.006828095812817847 2.623959090415629 1.829436287766582 -2.0541057708605193 2
3.7773478487400896 2.5865002914024275 2.728797302144777 3.806953317315869 2
-1.8194684948347528 1.9560155860783144 1.6816996841063556 -0.4110087017573184 2
1.0355111799930086 3.071907201138952 0.44806408631510697 -2.857747827368337 2
-0.858888247153926 -0.41974785089771793 -2.970614680216041 -3.926126225564866 2
-3.65611873949758 -2.532207101058011 1.7151225090202227 -1.9614330335911523 2
0.26408241982632275 0.25979694440138623 4.298493211762712 2.23968677339193 2
1.9176880475148628 -1.9224672620157433 1.5915301083324738 1.505928268530409 2
-3.4553535199810765 -2.8147354605115447 0.9240795271384118 -3.4741338033819185 2
-0.5965280233915002 -2.8301186458289322 4.171003942233017 0.23718377863408668 2
-3.3888080857292855 2.02522887743254 1.566771148499579 0.9599590365831536 2
3.691509800519335 -3.951792076742352 0.1488865562463919 -2.062747895219922 2
-4.123580183138594 -1.928574739589961 0.9533004327660812 1.8544149685538498 2
0.7167920514720328 3.944352718034768 -1.1435784762988037 1.8440861484731101 2
0.7351671631408025 1.6198538264396887 -3.279954660589787 1.8676884407636902 2
1.3498086951584742 4.009541300469062 2.509295188950044 4.35180204073765 2
3.2103781191630327 -1.250928668466531 2.1423009565209443 4.01083723323525 2
2.89955546863038 -2.1490480651558443 -2.322029518775364 3.1055748155559426 2
4.374321092424126 -0.901860122252643 1.7130691726897094 3.489910560454573 2
0.4900519178273639 1.330027885856489 -3.7954012731451408 0.462356798710433 2
-1.6739920588704515 3.3316773954538332 -2.7701502952933073 -2.584675244131576 3
4.408130212998638 0.6255765190902961 -2.2485330985695455 -3.601743724647317 3
-2.4950618691078024 -1.9277763746380727 -3.3365699662345105 2.123623623252703 3
2.863105081754214 0.549227019426535 0.7034151894816503 3.35628707392535 3
0.38153244717110524 -3.153955487137575 -4.28072200064602 0.3762603699809648 3
2.1622037031978785 -3.091360452965863 2.7524379201055216 0.9604693337221843 3
-2.819269879619387 0.7750286873467563 -2.4295684793962296 -4.350563222641075 3
1.0723262351913148 -2.7919362468898727 2.1109655228931654 2.7523344323833916 3
3.9163588438775294 1.873073627908623 -3.9339216119766487 -0.43444043237215946 3
2.715448431957005 2.5267976061390414 -1.801763856336731 -0.19031623183504076 3
0.20974822748610056 1.1859472969040215 2.419947664724462 0.5825584924550886 3
-4.331341419974595 0.7471197592288165 -1.0611094141251716 1.8362904626630094 3
0.9876158368864344 1.5101624094169033 0.8507296423483794 3.3617353204361615 3
-2.6674197207051575 -1.6128586925264272 -2.9269284437876473 -0.4338489803124511 3
4.261342136996951 -2.0357195830639583 1.0870743596422154 -1.4533468489812997 3
1.799831781671318 -2.1122528899795565 0.7458374513856585 -3.8694035495122057 3
0.6542771025469103 3.3492804649504206 -3.6041572496063097 -0.226902792706125 3
2.8537439406640566 -4.2369286192509215 0.37133307279662575 4.35386886071626 3
-0.6807505259839897 -0.9575088396401477 1.486915508042702 1.686997349860355 3
3.602930683925003 -4.1777460516784775 1.057274586437043 4.448296347522824 3
-0.4068547868320602 4.33202474201648 3.215100081561778 4.264089553002485 3
-4.172353692657635 1.5367902911435252 2.712524843797042 0.6849620951720078 3
2.1124467680811714 -3.556017015859746 2.535806126121399 0.7857390017047542 3
-2.1490468163549026 -0.2238966918531855 -0.9753028917797142 -2.3388667686231757 3
-2.690144323220871 3.8941470350500094 0.9846308089880682 -3.5187082807401717 3
1.9462016712036596 -3.590178327983966 2.4007867391589217 -1.2750453096619399 3
3.364663611515371 -1.906159579477303 4.392345558135289 -1.3376412286317585 3
-0.8566238158076842 1.0768805143547113 3.099483017042786 1.9831197132841991 3
-0.047276413762186276 0.3200931970181229 -2.7263023666706125 -4.131417822282284 3
3.968432032763892 -1.0164613540946097 -1.5123420852212233 2.5396756584192595 3
0.19214655792157054 -2.761068270945022 1.1728173726832214 -0.26547213984022655 3
-4.197045835806625 0.18658239353544515 -0.4245406844360303 0.5367809530371346 3
-3.60050929515675 1.5957332846617338 -4.364974645429092 3.5222733030782405 3
-2.4067851768788526 0.0726024440861035 -0.7608244568975483 -2.379926199352777 3
2.8392061170009546 1.749983906938927 -3.228211828341318 4.471952155254517 3
-0.6542700892068246 1.63635293684123 -0.8415862598509594 1.0170880148033663 3
-1.610342301458429 3.6858673492511858 -2.841011589238141 -4.10059315143441 3
-1.7094646091848378 1.0397606335443281 -1.677784265141688 -1.2133058863101323 3
-0.4993971432817993 -4.03204438579159 1.9715267189548067 -4.387506523085192 3
-0.8495083181289274 0.8046057880531651 3.8557763775137293 1.1162674842190692 3
-0.2393379177711099 3.9354106873623054 -3.372967264737748 3.6696214287169395 3
-3.3467466401453434 2.262286214949266 -3.5822652861326825 2.0806268693834227 3
1.1054289158794064 -1.2999345245485858 2.96809157654991 1.7260303550430456 3
0.4768152742903017 -3.3316329184227382 -2.7044898492913365 -1.4730100839186957 3
0.8383472825923027 -3.2619743261505527 -3.626908180612893 0.22313043556673662 3
0.8062002320397392 2.985376445387299 -0.292764267009723 2.2348304846774147 3
-0.8250046423609627 -3.9832967231439538 -0.6393860432210436 0.8608971943856676 3
-2.484215099627564 0.6081563322852784 -2.457049631734648 -2.633408886467168 3
1.0307240816296501 4.034619613174738 -3.5230719698471074 -2.986129594193091 3
3.578821692738644 -1.8791059055213442 -4.285962039717037 -1.0584912498383199 3
-3.4724129797317103 2.886369779690117 4.4184358988196095 3.101778138439216 3
0.21313565401893642 4.188796094880398 3.9433902487610095 -0.7164291715535958 3
-3.872105209691097 -1.3313110644064936 3.758300426662691 1.0887852201227186 3
2.1879567637107047 0.5647877318198044 -3.192198543276467 -1.017499052878338 3
2.846924997451487 2.21343616079292 -1.3805349504924105 -3.593827631040611 3
-1.289855688507468 -1.0638643960388792 -3.3603985434426016 1.4570806436477883 3
-2.452091906882768 2.774498737911753 0.14296877415474507 -2.620407693901562 3
-0.5840504378462306 3.119185648582677 -4.3969468795093976 -0.47571095067132463 3
4.0333653321918455 -1.424758308425257 3.123237150298131 4.180513019130064 3
-1.1920907547452901 -0.19669220376893193 0.3423455115243055 3.290038235627577 3
2.2391532984541915 -4.348409323130777 3.152801184285496 -2.2673554788937196 4
-0.6361109999677712 2.7240833083266427 4.184719172184023 0.5051543138404139 4
-3.167190915920368 2.3079125883258733 1.0514879810105273 4.187755438520942 4
-1.3617364113831925 -4.112280211794368 -1.6576902526944188 4.235103452516706 4
2.0204187457419724 3.218743424431506 1.4100808172061488 2.992850415679663 4
4.293602995858087 -3.1320370324735314 2.8461283194884235 -2.312508622817351 4
0.8236064737368775 -2.0489459059991573 -2.7787558343092584 -1.748520096020016 4
3.4541101923674646 -3.677289858019195 -0.3265138014722987 -3.1134702786960147 4
-2.86973435017196 -3.795161804876108 -2.8811924438298258 -1.2314867567740992 4
-1.8317336563764612 4.077010557302671 3.5105181834997206 -3.6420819313243995 4
-1.195574249899504 0.5490514935637145 1.5886848497247499 1.241332042792262 4
-0.9337958537023452 4.325383521288669 2.592470757805186 -4.390705224246985 4
1.9380482819113594 3.075333566524076 -1.1383918924122698 2.5186731059256644 4
-3.3527886931354787 3.931387067823951 0.8034113417177144 -0.6185739145024678 4
-2.0293084174994487 1.6883833800276085 3.8324198387730535 -3.973613516241123 4
-1.8238546442064674 1.3428637098080571 -2.965025300658776 -3.57938368547161 4
-4.177368695038049 -0.9878997085880226 1.9360757305017908 1.85226020648911 4
4.060413918705381 -3.2156831777737827 3.2614195438325497 3.404407203156712 4
-1.178180448714806 3.8870473144125146 2.1606641062284004 -3.3396141523171083 4
-4.424339020672818 3.0470427509173996 0.03281167328040935 -0.5607174131359663 4
3.0418093785855733 2.5323560308756123 -2.8134273009902113 0.1620600548039539 4
3.4424900605364224 -1.0814282396773836 2.1581986844985335 -0.29018554159482557 4
-1.8244936134033058 0.22892360512633037 3.83682231153306 3.6205749988431624 4
-1.8563804003870228 -2.2789438534911977 1.1457034463721054 -0.49694792136241417 4
-3.9444541031426015 -1.31960977942456 -2.7811132255796176 1.9628428078352056 4
-3.0879049296517174 2.3391179762879495 2.480586221061465 0.018485876072983354 4
1.605129079150792 3.2589076655188043 2.183216698134899 2.858275347093417 4
-0.19558608297158775 -2.310531282533576 2.2872792472482284 3.3279901708191715 4
2.3422759055491578 -2.7856484204360075 0.09889374799926931 -1.0516818462963702 4
-1.0541613968279928 1.1050243267645636 4.332780510829736 3.716588549639208 4
1.2132708286584986 -0.1635787415836074 3.5981918003157096 3.1297891079410878 4
1.2281252741699618 -2.6024730491087116 -3.618480551374989 -0.8306969532234973 4
-0.1710621517701586 -1.664456247362557 -2.572362023371042 -4.196972216365555 4
-2.9714660878029457 -3.8709210898438497 0.16971380327422325 2.063246266925864 4
-2.67578040985423 -0.8372020841209309 -1.6986841647884825 -0.6156735889513387 4
1.4805158083940415 -2.118149970064678 -1.806898019364747 -0.1681981930469646 4
3.4158347230290005 -3.8775356709984736 -2.190834953985096 -1.7826799548170418 4
2.7292670561649075 -0.2810062513406385 1.8512005080188463 3.9321940224029888 4
-1.64399912770436 -3.234377527994316 -3.7794790833365957 1.6486437743923767 4
0.8675276746373954 0.6311624252452928 0.3829599664990908 -2.937783346811989 4
1.6869085774012993 3.189640603233635 2.694576586637459 1.3149406958928127 4
-0.35067593697167443 4.0391981944141975 -0.04499412528370461 0.6330962711819246 4
4.368495114539263 -3.4306539279046886 -3.329802466219481 2.8646146153776186 4
0.4192506845025684 0.8919305380484717 1.6080687716781599 3.767504945025003 4
-4.365627025556914 -3.1729877402671467 -1.3796227283656237 0.7089843582242819 4
2.186051490507993 -1.1435594489756336 -3.700820937890913 -2.8556650400653263 4
2.824379089245423 4.435999330387018 -2.239087999482731 -1.9414063313123342 4
0.7793802327625612 -4.313066326503406 -1.5133866309510946 -1.4941302846850126 4
-3.1052674036200334 1.4747972888030365 -2.8531129543440685 -1.6019096712805652 4
2.427582360790936 -4.416494795714123 3.748247118205736 1.233448827721139 4
1.2200223986749226 0.3228633181934668 1.9513288302888219 0.873255060383094 4
-3.3194515061386216 -3.7366292601104454 -2.5339213610019287 3.7704156899224426 4
4.080840529100445 4.133058779639686 3.3120048820426202 1.355748528796266 4
-1.6314607825462863 -0.9536562133960182 4.458522870066364 0.8904513553510016 4
-3.500173012749971 -2.2607982167180487 -4.217065634406866 -0.9613239177614481 4
-1.5905296712458203 1.719472679116647 1.8488852573284897 1.2519479872304633 4
-0.6393479471293944 1.12342423302759 -1.9603465544417642 -2.562640941158708 4
1.3785654672479228 0.27625583057560654 -2.125762805424767 3.696890409695632 4
0.3554212818390792 -4.499446319220424 -0.2458451687984241 2.904541500687105 4
1.2119117908559582 1.7178138920120705 -2.4664200564850165 -0.20840709038353067 4
