300 60
-0.746801957676834 1.9829204409794228 1.5710762138706946 2.697988832076476 0
-4.498970626643896 -1.779006846313442 -3.775234255844527 -2.4146792056278716 0
-3.1791969826459825 -3.66895264708082 -2.6313690437656705 3.7560020677346753 0
-2.823658097600962 -1.3899534566125702 1.9018306632283806 0.4849614994627286 0
-0.9290927319239706 0.3493506060302125 -1.759338108714418 3.0136864286861864 0
-0.7272493703703468 1.6669755035708356 -0.5822463813343204 3.8111059360689765 0
-2.659929752416343 3.4030569275185085 1.8544662390233986 -0.19771822831244967 0
-4.253511661218664 1.53420759160562 -3.3641090662557716 4.284391954209728 0
-0.7442567786958573 0.5282084560117649 -3.06149714690316 -2.6765808730230365 0
-3.236517552642896 -2.717086598236091 -0.6193642035566616 -0.8621828480236747 0
2.70670111807983 4.214354181474578 -3.179236673121353 2.0638702742501103 0
-1.6791823965668145 1.7309035410238267 -2.8012943981053264 1.2950607988049652 0
3.387502370664345 3.551459971534626 2.288753555186688 -2.6034084712501135 0
-3.7346020976719987 -4.148506950904059 0.9085882329687598 2.240355377212528 0
-2.9715262239188798 3.4032825308647183 1.2439683955830008 0.8741457265198416 0
-3.6148784955025492 -0.7100313749545305 -1.8406594291005265 2.084458241173579 0
4.121005771354517 0.29848756475715366 4.007775959999548 -0.6699474876460776 0
1.7268940255542602 -1.6603593209454335 2.5396363514826477 -3.9947306430427623 0
1.678508349134253 3.011631047076356 3.0174444224096932 -2.7697498486006706 0
-4.335405503902273 2.2512988345047074 -0.9441281799902412 -1.799270586671792 0
4.399749800158452 2.2334908894185546 -3.7790672057455565 3.641679026426186 0
-1.9760040714203533 2.603513956063397 -1.1686124020163557 0.27627694628525534 0
-3.570965940801222 -0.4689582644168535 -0.05295360693307438 -3.3105497225135565 0
3.67735952783786 -1.8574726646368847 -2.641913469995103 -3.8143007187091094 0
-1.9100219527228615 -3.329742850935501 0.07129529950758717 -2.146054033503116 0
-4.325697379167327 1.6095197964590187 -1.2864455200548726 -3.5274120417248684 0
-2.5953469559994686 -2.110080065649964 2.5879665568725647 -3.54074510890079 0
-0.07584156647695539 -4.019737093946277 4.3713794134186905 -2.905549520054244 0
0.6670584494281177 -3.1794428258477088 0.6516460119118438 -4.0963919886982065 0
0.8037498321295582 1.7978252401883805 2.584046606902507 -2.793546469635331 0
-3.5789901405495677 -0.7734961096238852 0.25113580567313976 2.1606978884316446 0
1.7496014195497058 -0.7723865742578762 -3.1506166357446963 0.45978456768274556 0
-4.050418869485216 0.3230676532396042 -2.5504451250409854 2.3327644438543023 0
1.4741518069780994 0.13400200852477706 2.0062367420059233 -2.911058691506253 0
4.00135280391732 0.7789953645179363 3.2576990190036605 -4.322024104352901 0
3.6306172375909513 -3.2627276626838624 3.242132976808037 0.5301343004484451 0
-3.246512874743173 2.7665215983857143 -0.8710157510473571 2.328722379201029 0
-0.9209084671301978 -3.011812225947605 1.9523610152322288 4.385935573275839 0
3.847577223564305 -1.3701072622904409 -1.997234562483155 -4.465856948315917 0
2.2573089282253997 2.033981868154063 3.9051234748339905 3.2210739408410443 0
3.4497548208522884 1.11304986350048 2.0596578976733033 0.15019904629384573 0
2.2584819062460344 -1.3599149221994171 1.862606207238849 2.5247660118906845 0
-2.070648974114765 3.5629759637646017 -1.1261165081682656 2.4329027279696183 0
-0.6471792911583458 4.18356042433547 2.2556188725765782 1.0189009038983374 0
1.4709734803660326 1.095261481882096 -0.8832066842894636 1.7757721733790683 0
-3.467286243419623 4.0454033283636415 -4.471984279573271 2.4740698205213802 0
-0.4507907986805353 0.7055065294841859 3.5677494221116226 -2.3461586330624584 0
-0.8267687751484695 -2.3667571778127505 -3.4130953412169323 -2.5174441098564517 0
3.6304156850602842 0.6631153800505727 -1.7811294183891153 3.4472565770745076 0
-4.474167056719569 1.054304222586515 0.3884978721428507 -1.9195951535421247 0
-1.5601958840511347 0.24352292031848366 -3.2548077918634815 -1.888699832059125 0
3.4734788937969707 -1.2845721599775022 1.0248398076712735 -1.5827532309229804 0
3.6768163582781925 1.1102410421262245 -0.3837583647810139 -0.50294603685047 0
-4.357608814380994 3.8649351036938517 2.9532182465836083 -0.6628666118739244 0
1.7180722576523155 4.475905654063324 -1.388710609420479 1.574744443281947 0
-2.948935424892043 -3.2657782533401 -2.506661498398241 -0.29478758466101596 0
3.893359167334472 1.7713634534091014 -1.6671088140838521 1.1417004194655118 0
-3.905998445501438 2.299167473422197 3.3962442722533135 -0.4707989986893434 0
2.2848856961512176 3.80722081991835 2.560116769127308 -0.3873086949460465 0
1.903722827656246 -3.3815613422505177 1.4060639854541823 -3.3134312247524806 0
-4.3210787954418395 -4.264101118100527 -0.6031664372911667 3.68380789789443 1
-4.245241607812849 -2.284100391572587 0.9493110092784119 2.4009712851339193 1
3.240251538145992 0.3494795790748756 0.04230547286304909 -0.017499376547932766 1
0.4753978081718929 3.0782780312364513 3.0860985617356493 -3.889737590931416 1
-3.3824401639207995 -1.9873468888997445 0.6594504439471617 3.9848631788965436 1
0.7718334431245909 4.226361734877071 0.16074043355089707 -2.7498077142490396 1
0.5492719733013895 -4.332174395643513 3.1314545319912854 -2.2352477187973245 1
2.705694054125547 -2.403231535430816 1.8065343283428414 0.3623484635720988 1
2.763946760569012 -1.0092542034224543 4.039526594521976 1.1190303216240833 1
3.271876691034858 2.2240947846346617 3.041801658429564 -4.428604114249292 1
0.50616210591377 -3.271902969053835 4.404060505499742 -3.8005688670085216 1
-3.960740794390095 -3.407908898333364 -1.6008343774670735 4.015371559110888 1
-4.099033093097145 -3.532552838045164 -4.419548078658794 2.90457004879742 1
-2.4686159525293077 1.9169008234440899 3.2509047453011495 -0.5415226721228474 1
0.537452838487282 -4.386996178567958 -2.198293255746619 2.7242056766996874 1
-3.852231482794619 4.205486970002449 -0.1992419601100096 -3.290952522098735 1
0.6129041572794791 -2.6703608880510856 3.850640935425097 3.563729703059836 1
-2.229068298867089 2.1944326866758366 -0.07609364984758205 3.2103224686601295 1
-2.7411346700161308 0.73223034545932 -0.7327977681231123 1.6511841014967101 1
4.230179901794811 3.121459213410317 -0.9180842453286979 0.051678157057293395 1
-2.3413701676717245 -0.05607257158143042 -2.7940346744946543 4.184900316998225 1
1.0796014654324178 2.9608280959516087 -1.8520588058017076 -3.568863994952388 1
-3.0888774481852415 -4.3328141804033145 -3.2011613979385674 -4.373169352268014 1
-3.8698007065269993 -0.1228940015667137 1.9435112951615505 0.5804848821678669 1
0.9569651548799731 0.619662933778332 2.6512051606627693 0.06371930955722782 1
-1.6437383161005532 4.39754538971204 2.6263893555373845 1.7618779284465549 1
0.7177069732121723 -1.0787294463880464 2.500636291732578 -0.8416541792062233 1
0.4585339720610714 2.208009878158519 1.3299356986873305 -2.8818513207632304 1
1.5230960410786614 -2.1157239810347157 -1.6036203295088642 -2.9465584189218674 1
-3.902986490144026 -1.1692422187730434 -0.8222649748806385 -2.327231268309611 1
1.1674575631940804 -2.608433910766444 -0.8377020528357787 4.277001081935809 1
2.274799983649325 -3.9011716678129655 -1.6171260676017187 4.3424185047740576 1
-2.157164112793131 2.7427910736901087 1.2267551327038522 -1.1241808344548008 1
-2.7590914563900504 1.2551479279194613 3.2173604917523693 1.0762806543171641 1
0.22203278211360322 3.823271733594156 -2.231702278822446 2.6357011017919882 1
-2.130329065616001 -3.906350183843786 -0.6035534213925324 -1.2823994940260273 1
2.115593669598025 2.449602265889221 -1.5275075712742714 1.7763198805182547 1
3.6703426725317163 3.8877486227715354 -2.082148884843961 2.774502123348421 1
-4.374435843219627 -2.3907412249072153 -1.8424008504013698 0.397092452268215 1
1.0510052130149186 4.041146886188548 -0.10870657375317849 3.198207713358328 1
4.051585073223717 0.5098786937564077 3.495477909558473 -2.840540018690099 1
3.7404571478964708 1.274095880517038 0.7681361304442594 3.583845414154234 1
-0.9899305727287838 -0.1260839961278123 -0.4849450286901328 3.7968147493543385 1
0.9387943462797592 0.4459312935770632 -1.989081985887262 0.9794805677441616 1
3.835632840358083 3.768600920702455 1.6420833879013386 -2.446148399845643 1
-0.946119483688006 4.169362755966406 -4.376092386980549 -0.7494843386637352 1
-2.9343989998758206 -3.363034325043264 3.9463370267106064 -1.4127470115263412 1
-3.284287577579418 0.05095949109207032 2.5176986593433996 -2.9273731845533333 1
-4.306276752532218 4.031731900959129 -1.422424473277928 -3.198620512457129 1
2.9440392405365925 -4.364829173320898 1.950937327317384 1.793768613271328 1
-2.9142336998245026 -1.5114278306984672 1.6964758615402689 -2.219435689623303 1
-3.321028396701748 2.785416229139239 1.73124109461068 -2.454322131756454 1
-1.397370125850359 3.9609673410003046 -0.6781579566179428 -1.152700904990815 1
0.7381276195237204 3.4094878597065965 -1.3022287954189 -3.9811067348286926 1
3.1026100085299966 3.648530868377843 1.1848196417934567 1.8658494241352954 1
-0.3610776076487373 0.41712134418335944 1.0222982505255205 1.334814805468121 1
2.6874323203683543 -1.9285303343926719 -2.97053357204468 -3.154978809550238 1
-0.08771829642065054 0.8919927688129052 0.12757539173294552 3.3779945371908515 1
-4.360200520042478 0.8413326737697348 -2.8444190260750015 -0.334447931625661 1
-0.5969128590948755 2.766244759963573 -0.6396089937308735 -0.02439732672435313 1
-1.6627967721416435 3.5359983767263623 -3.046403065625893 -1.4180342297867052 2
0.7007149375608194 -2.8439081853528143 -2.1430763630683183 3.100742489065311 2
2.5913631044295387 1.0082805934044052 2.7029902119876157 -0.6602475755867078 2
-4.0148165513362235 -0.71825687998981 0.9631391471013501 -3.1908095076040204 2
1.6116195290888664 3.7674160017977325 0.08651964795802769 -1.8274762279178591 2
-4.496381775977783 4.290832341279537 3.2368585821228097 1.5443854281575091 2
-1.1107771672880298 4.264051845224903 1.2012661136017888 -3.377238299377387 2
0.9424449087664774 2.9596122718262365 -0.2647090845100287 4.379155016281933 2
0.6724035423729205 1.1526857847661536 4.034692566653986 1.3057707623439923 2
-1.9298134647387546 0.7815000659047465 -3.1344761607122376 1.252141638479145 2
2.2501958733239396 3.224824527861381 0.5909590128953476 -0.28200746104873176 2
2.2957396962091217 1.782515236025727 -0.6476627747855687 0.8934278009222708 2
3.2803148704913982 -1.5958710284692819 3.149728996643689 2.2600893633474364 2
1.5370991170882853 -0.44213457227985753 0.7142448626750975 3.8223376338242527 2
-1.061075231716345 -0.8026978507003296 -3.91734014902606 4.422118578586281 2
-0.8866837487741346 -1.6435444863755078 -4.023049115988094 -2.704540084752948 2
1.097274311282713 -0.6277745626086209 -0.6952260451989516 -3.532420114333491 2
4.26421870134527 1.6002080229088 1.1130336989793164 -4.0680669235601945 2
-2.712871004156002 -0.6596909158677049 -1.9383850709375208 -3.9506698699229603 2
-1.409883842030193 2.678749235627099 1.8316739799457302 1.516105508305338 2
3.419984597070886 3.6345776024373473 -1.0927746607445799 -2.8062516597316094 2
1.46447831137736 -2.06812564173218 2.2230434612695062 -1.4365863831107948 2
-2.2286996864586923 3.194081484276621 2.6577105066507856 -0.10889154738341733 2
0.24943181677871984 2.7194497560413824 0.23102499915881458 -4.243582354575895 2
0.6523966547244568 2.0982827275876 1.2980881789112861 -1.3440914781104936 2
0.17110464717650242 2.437955194516992 -2.4371547543714085 -0.5950496140946947 2
0.6197219163424399 -0.3086110926721721 -1.0577928845617417 -0.2718986392227578 2
-1.415799828420464 -3.886115864249663 4.315350187618257 -1.220597366685926 2
-1.0986823860471013 -3.7833653007157286 2.4696912000243554 0.47490836894903243 2
4.345354023574005 -2.8654843380231263 3.502179801967346 -1.305424339653852 2
2.806728279484858 3.3746548046030833 -2.2903318783214326 3.699173156912715 2
1.6957192714734899 0.6254497147083814 -4.108191626180112 4.0567808525490205 2
-3.0512570686595213 -0.2980797951302432 0.5076622410383274 -1.1127310498162126 2
-1.3934515396030651 -2.4746403796732386 4.455470901052 -3.974736184671315 2
0.8326068188921708 -1.6895714606827474 0.1503572379085093 -4.22012632090007 2
3.7467499812151566 3.6867197245640138 0.6405816526761009 -2.8757834190439597 2
-2.1859353559602344 -3.501978293303737 1.1786328030557742 4.328313081755233 2
-2.7633354118279843 -0.003742463890025527 3.3741229609114285 -0.43347375521216425 2
2.057271011771366 -2.6262500543208764 1.8761478304654549 2.4972187500287033 2
-2.2676979746049235 3.165046874427303 -0.046412242356927425 0.2568014115980861 2
-0.7573615355922539 1.0501656043971257 -3.1429404146502664 -1.1754006694928436 2
-2.3970047468467497 -3.582294665167823 -3.22000872234492 2.042043780101064 2
0.14271315271676832 -0.20573111655195875 -0.20688305037963128 -0.46009046963911016 2
-3.1259552031615305 1.0962560856637396 3.4739817404881617 0.2485689508040526 2
0.39609106932544313 1.387236122736699 -0.8181825127482608 -2.079971800086187 2
-3.199090138878062 2.2637503542171946 -3.8518916834720702 -0.736774796472158 2
-2.5015577418006956 0.174166419294297 -4.26821865834075 -1.8796145350281477 2
2.5676642539945704 -4.299026148073745 0.031585588635568373 4.193397585177501 2
-1.5807378624643216 3.3563013876009995 -3.515553772257739 1.5573694879495976 2
3.102386468418626 0.3459653333508932 -0.0006086601072002873 2.4938840634820467 2
3.2994744674986167 4.048253922182639 -3.2075370191321166 -3.75117627207712 2
2.937662978664072 3.1870389945288484 -0.9070325518279159 2.672660267819101 2
-3.611309383616865 1.3617389910689195 -2.774918349810989 2.409994729325466 2
1.8316528933738767 0.9921673138196669 -1.8873180264431861 -2.547976611493842 2
2.6965373556242525 -4.188859021155292 -4.349559698306942 -0.9120684606985916 2
2.4321486109948194 2.0855574066557425 -1.0702665783589287 1.4341044257582825 2
-2.162714460314822 -2.18637631060068 -3.861734395766515 -3.1265641166195532 2
1.1907298568711502 -1.392322845680266 -4.350817053891593 -3.4758327919733385 2
2.6692981020655875 -0.4846839119688846 1.3661034840908135 -0.8760883304257272 2
2.5447447330575472 4.414246052614566 -1.6107631724941571 0.5212079481939522 2
-1.7977649441948995 -3.2129475456771055 4.441144167898649 3.0103786261622667 3
3.6117759271434644 0.3740344099863594 1.7966086415962548 3.7643273021885215 3
4.27266333769574 1.2294396000170749 -4.142441639852237 -3.866999025460273 3
4.44521722149431 0.41463723728656454 -0.23394339010750853 -1.357493283386304 3
0.23783340514969153 -3.281148872350471 3.9352685591560403 -0.09391534969348292 3
-1.29865346114507 -4.26403289433264 0.35684199084015533 3.5573432915809873 3
-3.056443384323158 2.2107347343674646 -0.4802845875867854 3.3933095034331675 3
-4.2264027906409005 -1.201112124806301 -2.2177642556553447 -2.0357126625770228 3
3.2611162755423972 1.7340994575661886 -1.5447474892116888 0.42807843432858117 3
1.718479278595517 -2.802268791402202 -2.518841933757169 1.54286253973146 3
-0.5228614732641897 0.7341966660986208 -3.2148604547729964 -3.653097529503245 3
4.407765368973347 -2.6648439729019033 3.331725715848399 -2.368181667987013 3
-2.2704038841388066 -2.1404422460437926 -1.0259639007966403 0.6438788345279907 3
2.251551719681935 -0.3872220530787648 0.23221772956322995 -3.815785085021038 3
-3.987635054300145 0.0766461654921563 3.3671334203822547 4.060220565768229 3
-2.5923585182069164 2.687438202841892 2.812565737572046 -1.9457834854781315 3
-1.82401756643455 -4.251545892409467 0.25062116506163534 -1.4452494838415149 3
0.8408920451815893 3.0945638603806995 0.4920057970890006 4.269631220217023 3
-1.0708548834400724 2.2487247965352903 -1.6946737405291674 1.5191694533058273 3
0.10027330467415374 0.3685662446596978 -1.5662951342191271 2.470295394135716 3
4.1349088895557715 2.7356480234878213 -1.5677103004811566 3.5084460730263745 3
-4.209092400387834 1.8844852610816558 2.265369488273402 2.363688859005996 3
-0.3149866659284454 4.0279404725558985 -0.27468874296066836 -2.6031194777816515 3
-2.507105391088605 -2.096351822840708 -4.126724283811511 -1.6035408002677995 3
-3.766734316104642 -0.6424305420259212 -4.16598601955405 1.7446987023650975 3
-3.5188311238283854 1.2040808455072607 1.5331502874255154 -0.625753955295225 3
2.7266691363636406 1.7712044650816061 2.410100798923557 0.3240764526560732 3
2.395902429681934 -1.4179129214083217 -4.141260660280927 -3.2868619383538884 3
3.1126633472490988 -0.6410810250050171 -2.7592524088657346 -1.479025789518152 3
2.916088833710869 1.1384654276186437 -4.0291834820627095 0.9460510245032959 3
-3.2091925619677957 -3.7945179013054684 0.10854924771526919 1.0571491081544049 3
-4.335006213782934 -3.8994750212457916 -0.6087996471209036 3.1293042141369396 3
-0.3727456766241136 -3.4799226950916857 -0.4134684954676382 -4.361368321872712 3
-4.24994986036197 2.2937533325142065 3.357613336023895 1.40581392969689 3
-0.9463456758542452 2.222446460467726 2.907027365836239 4.0659812373046655 3
-0.42835655928193606 -0.4492192769931499 -4.041788548348015 -2.3843532231808693 3
-0.19734743953952127 -0.2339646609402537 -3.929909008892942 -0.7050790257079418 3
2.7284700790275265 -0.8784673212803775 3.2744623095130674 -3.765384155564387 3
3.6421754430926074 -4.166450568413677 -0.24199242402709364 -3.3701120117214876 3
2.4648690844837677 -3.3692275697603504 2.4559704195040597 3.072799411162591 3
1.0666221022087692 -4.406721647982913 -4.1103815563245725 -0.12203331146644714 3
0.3476455431871226 -4.472838390423632 -2.3453006027601964 4.072264035239333 3
4.06074406941184 3.6486183033250024 3.995033650054165 1.0254060214623077 3
2.6637024774804243 3.737468879233087 4.261386575926767 -1.3962479065537412 3
-3.1899759195744264 -3.0804293711652004 3.580656459009136 -0.5886452393234145 3
-2.811314943878094 1.1024631206992903 -2.3776682656723764 3.9674516688125943 3
3.6522854640747164 4.409596605231663 1.6579624588490476 -3.915795731947836 3
1.9001021288923434 2.0862036822806576 3.3338237114075953 1.8124226517001165 3
3.68363884089829 -0.892136408659912 0.9443418567685354 2.0913740926139748 3
-2.2513438779746693 -2.9391284629158942 -2.219048617501973 0.9044005974708994 3
-3.424886546996439 2.8134952922954586 2.831572631354898 -4.012977057084001 3
-3.1788686392448113 -2.121322655457894 -3.325403957946606 3.0820122896077224 3
2.8718026077017775 -1.7047147338521103 1.0651128239509693 0.281590294329522 3
4.341757043636486 -2.1002516806352833 -2.2653834390261127 -1.8442928227545372 3
0.30288010474090277 -1.6697968993273533 3.3541754842751574 -0.7050065863526166 3
3.696955480564537 -1.2009902053388901 -3.9201276997835386 3.5728656255682427 3
-0.5976690545415191 0.11063423050525245 -2.6695725045835403 2.936047819431522 3
3.9499782963274197 -4.221458943559644 3.4359356077452654 -0.11924329663495681 3
1.9519079726852024 3.51917058863105 0.8861822379417271 0.24540710836875257 3
-4.254414988342781 0.19846122527259658 1.1233916476694912 3.1953754921261632 3
-1.5660916940697724 3.235403887790272 -1.9607449643562544 3.453799573625408 4
0.5266489583026606 1.7120508134647305 0.6092129710723434 -3.46407263129787 4
-0.4243185004361629 1.1547813376922142 -2.4569895130680783 0.8638414705171238 4
-1.8891283348131676 -4.415862798301358 -2.3449838678578767 -3.3172590551628547 4
0.6908034148838169 -1.6970020728078348 -3.043370572885484 3.1038526641216517 4
0.1554083865101682 3.74765267748508 0.919652885034397 4.172103784695078 4
-0.6617269034874362 -2.2734356705785315 -1.388887080335771 0.8606258832145471 4
-1.1583561484885099 3.886750049728865 0.8908676007607776 1.0413385848355388 4
3.931815431781843 3.0989695370914188 -3.9674051353284985 2.252854661172173 4
3.7818586287509444 -2.4488973904381472 4.033885483688627 0.3121115146162987 4
-3.712660114017682 -2.454212373437801 -2.766995811404384 2.27633323481948 4
-1.670610454973546 -2.9271071127931956 -4.434129276049226 -1.5456950671429723 4
0.9638474577521442 -0.777722264989548 3.758457128799539 0.7953059960448909 4
2.847163606444927 -2.833826415578724 3.1967125551372177 0.9420484711426897 4
1.8168887678067938 -2.3367993763577504 2.903203372714839 3.415351710863852 4
0.6679717995677373 -1.3591116250129 -1.611122629279921 -3.3934070560303935 4
-3.9873204046545054 -2.4406769613566173 1.9917300976791374 -0.5368762185188558 4
1.476922998193141 -0.02474915975521852 -3.3593786177219225 0.8084128329890027 4
0.17114385666310894 -2.9275186490196976 -4.17538516887126 -2.6983609523011176 4
0.6364426639163073 4.47078082687389 2.5947107070117204 -4.391129159861779 4
2.8515159791245974 0.8493536144788 -1.7698889546228784 -4.307616350207364 4
4.283901614978144 3.6140632620238913 4.4773649345549655 0.7382697870911559 4
0.8604714024238097 -4.208163072169886 -1.8596134936254902 3.860545157038041 4
-3.657806137642673 -3.9116545646199627 0.06407481193384046 -0.4077699520283379 4
-0.43440166177672235 -1.1210865014892804 0.7908435566656781 -2.1227612021048734 4
4.278150308432579 -2.988150361203466 -1.7524053058731004 -1.1551088094823578 4
4.255088327393897 2.4072738197671177 -2.299968005655502 0.7609253950496679 4
2.9181405566204806 1.1935423510019754 1.7626152053909379 -3.85247501852399 4
1.5185949318605885 -0.20805899830925978 4.239749876629174 2.277635902825094 4
-4.38177278769235 -1.322945230123577 2.7554684665806746 2.2647636367316144 4
-0.07135378655797397 2.070820899810939 -3.7794512045590443 -0.16473345280940643 4
-0.28234491528501715 -0.3833557551951149 -0.48894339238509554 1.552253854724369 4
-3.2610353314895715 -4.402001395768689 -0.46136467058110275 1.8388205854551865 4
2.324504344292966 -1.6204244573008946 1.6348080384236061 1.774336758774806 4
4.359451051741596 -2.517891964567596 1.0674066830538278 -3.141173400483188 4
-1.451627770664883 0.2150652209951852 2.347222106751804 2.5294123997456133 4
2.2940231135447946 -0.32527994489733925 3.636926873224244 -2.3960817665630465 4
-3.376597111994913 -1.6874875935715545 -2.9098899623489274 -0.9801078920391382 4
0.04067252730895177 1.564641072151809 -1.614918114043558 2.8392923610506355 4
2.4313496068088294 -3.3269779714108116 1.0217330970158847 2.3400157711477396 4
-4.293763818098564 0.1717408999079052 -0.6510141027273222 -3.605034933759697 4
2.7898983959617465 -4.386566096731113 -3.4646848915477837 -1.1393358143652423 4
1.5522286018836056 1.6812740399129265 -2.7553700924144353 2.8867184876064442 4
-0.45677921772026187 3.733098180677408 0.896724075813451 1.699607331167985 4
1.2992497628129365 -4.452841461136807 -0.08001034826133435 -3.7064368688203704 4
-0.14014399037061975 3.2338602548784 -2.384301269824467 -0.3455812719754018 4
2.973596130336055 1.3423877740123011 -2.712676472514664 -4.270713877990618 4
1.563285815087685 0.7064962181028047 2.0645792843053736 2.024250724972072 4
-2.0329220234983305 0.5447699148245291 -1.5264742827446751 3.091447134572899 4
1.5455680633567828 -1.3281333280523206 -0.6440177164403391 3.282175302871809 4
3.2024553052853495 -2.7446626259216345 1.4135888216060057 0.7293209167628114 4
2.225887292987309 -1.893575284318103 -2.693452607684181 0.26591949430555417 4
2.464193585197638 -0.650364035975314 3.5498917658481512 -1.7550542174830557 4
2.769285682009885 -1.3181862359880865 3.3385104824494802 3.678707455725493 4
-2.57676086133377 2.405560575795899 -1.5313989358630589 1.6476692970290774 4
-1.72222247132414 2.0992056095378473 3.5929885460937188 -3.8187280641752697 4
2.2002583776995888 -2.5074296918261902 3.407290768842934 -2.7824457305836745 4
-2.572990768614164 -2.7094686891563997 3.1479201901613756 1.5040690982928355 4
-3.217334960107398 -1.106256607133993 -1.4009472409495152 -3.137619870064809 4
-4.2603490377754065 -3.5017166786918343 1.2183386533960805 3.1300923934326743 4
