300 60
-2.8775728001090775 -4.324722826611379 -3.0821051142644924 -4.352493805248676 0
-0.33103326151489854 2.0244053627293304 3.669060371951986 -0.740474698042416 0
-0.7181675587104531 -0.1311561164899584 3.1829394420058836 0.6326522888889313 0
-4.384972668684522 -0.11365553412115548 3.428007434837462 3.9450831643152577 0
3.976259871090295 3.1571558043910084 -3.7409409890795793 -1.9886007132085404 0
2.069680231987367 -3.5213753531792253 -2.85161568499804 4.109585341299739 0
3.5451375325657306 3.2143882236554666 1.752579207237677 3.831075618880463 0
-3.014220441642956 1.1910061244114647 4.367324335630052 2.626044108681323 0
-4.315647484878906 -3.449364580979854 3.3674375531866176 3.967187061175183 0
-1.6526941954871366 -3.0787892399255674 0.9842398849950426 2.8770924080615297 0
2.330816293444548 2.8644782207772916 4.270450550178476 -0.2567476805894867 0
-1.3983795813670432 -1.6308108282380975 -2.5494723346302997 1.4885771683441 0
-3.4950489120480563 -3.7444217101014865 -4.001199199625406 -1.7152889519557277 0
1.9145334211995861 0.8958905663188996 -1.1092365721705693 2.744132316553289 0
-3.9989368837342942 -0.18182446506512673 -4.284355957246054 -1.6044240196199353 0
-0.8849116743241302 3.13181097792277 -1.7400426649324183 1.4629476653201163 0
1.960642614058909 0.918576461239421 3.3778686228040526 -0.17573147728576288 0
0.47145439354947527 4.041921579719737 3.095666836859835 -0.7005281363029233 0
4.380059973226217 -1.45751355315425 0.02158395297356297 -1.6101222542305749 0
-2.3411278885277396 2.6679217858915156 -2.7348808222605627 3.5145341746359007 0
-3.926822123028101 -1.2184592130356302 0.9212192754682014 -2.086006382801848 0
-3.8697947763794778 -1.62569063654181 0.3485604213292808 -0.8563480744417088 0
-3.866556644037388 -1.8876269957821916 -4.168400839624314 1.7708148673245327 0
2.610910110904105 3.6486028872006466 3.311243945854506 0.978611580570148 0
2.6335924657193357 0.5563683913039055 -3.170697025858816 -0.724578464064304 0
1.0441654656538626 -1.246648120171184 -2.6675179976150676 -2.967049467756514 0
-2.9806443127309246 -0.5738315970135517 -1.851543593641627 3.5636538001451474 0
2.0954280271335852 -3.934011385253696 3.087104963716842 2.6427042046339957 0
-4.313403190069458 2.4349325977351715 3.852625373653978 -3.5292806100209573 0
-1.800431915125011 1.8104784753916516 -2.529111276598174 -4.10952299766278 0
2.1120094881405156 3.896141644686113 -4.4626517904418765 1.2708629379226766 0
-0.8970441037037242 -1.2740586448665938 -0.8232922135644316 0.5898852708173891 0
2.75910111834949 2.380419868900243 3.319036115817024 -1.9204316613575179 0
1.3735326592402555 2.7986991655956057 -2.2985805969909063 2.891783746018966 0
1.279933728669496 4.116996475433596 -4.2765333695352625 3.8338099728795063 0
-1.4951302069401686 2.144273605638057 -1.3769828787177354 -4.199200077258908 0
4.048499751634631 -1.49072261254884 -2.5481780212645275 -3.772042561599319 0
1.0046879706133294 -1.208968491805622 3.103018870966587 -4.0001579813946115 0
-0.34613737751429585 -3.824982062021559 -4.019127514459645 1.0347512657018347 0
-4.325909739315817 2.336845207969562 -2.6102484496725284 -1.4889289735835942 0
-0.4251675195720216 1.105506068876906 2.57687408244407 -0.6713185028498097 0
2.1595636601810524 -0.7320291283634326 2.0644249081854444 -1.9635456261417832 0
-1.1914413743911505 -2.978740704683229 -3.3202476632372138 -3.887752411013892 0
2.6448516597132636 2.997336677259847 3.0458069495334263 -3.4011139677330093 0
2.107916885748177 3.3776512202131457 -3.7931599119348216 -3.086487124098123 0
1.3325079777823212 1.764595572935915 0.19372768418628739 1.6953430618878276 0
-2.7628372776006214 2.4086901144537727 -0.05313759678737551 1.0874215218775316 0
-1.4932539512789484 -0.5583671454349955 -0.025207132517024222 2.1993212586043254 0
-1.630167842172824 0.6146070203453966 0.9318148034584643 -2.916697097387041 0
1.4282311628977962 0.6800268694971107 -1.4761618390429492 4.4396285213056 0
-1.636315254116571 -2.5379696225653205 -0.4620292038569338 1.5972444134164836 0
3.1044467778495815 -1.7805178099115033 -2.948129586320162 1.5823415755357664 0
-0.5560139621039064 -3.6772687176691483 1.78198240071031 -3.058308854969999 0
-1.7911874714315952 -3.728746745879519 3.972309866547822 -0.9512801942862991 0
-1.406580237357261 1.8837091599429217 -1.3848146093006615 1.6014169357176657 0
4.265714301887332 1.1270235606418826 3.781994171425958 3.0441020687669464 0
-2.0762681383931003 1.41037925569796 0.5583514885678378 -4.0109658926413525 0
1.1429803727217962 2.930870061650252 -0.12718749197484036 1.0869413061293232 0
0.3032458370671808 3.700094983206542 3.029554061208992 -2.6805035080733393 0
-0.7604669769764375 -1.9255979745432927 -0.3085900527098797 1.2701621140102326 0
0.1710696742889305 3.8020521444378295 1.6938658060548035 -4.0828529810633905 1
2.0152013635765265 -0.05478298979844698 3.3832353675948683 -3.477173596447373 1
-0.022532825265638157 1.3384997845623041 3.1870042505606158 3.2738274265875247 1
-0.47005955670859834 0.45575523857131983 1.0138047052286887 0.36954187384898585 1
4.240576832678952 3.891723470447737 -1.3535303643677643 -1.0020408060885277 1
3.0661688734978036 -3.356565649997406 3.794068650466182 1.4200433188438093 1
0.5086899528456967 -1.202155100626642 -0.31650597771993516 -1.2713883736080978 1
3.706159358483766 -1.6768876220698106 4.456139991091639 3.9220020375884452 1
3.8768933021334244 -2.354885088840257 3.816359486474331 3.830866273568623 1
-0.7164830263891359 4.139663826064336 -1.2892353531480016 3.0050310035459455 1
0.8593802141674882 3.8893375950229956 1.6953519470043044 3.716404266275607 1
0.34965262696568145 -2.447668204251685 2.1200926232559767 2.997525471415119 1
1.9166662820973128 0.19416142256222801 2.701948998004914 0.7074873456480744 1
0.049258517576139305 -3.271639380700106 1.768925074578568 -3.8194886567349102 1
-3.195724842859406 3.8664460291522005 -1.0382411806425569 2.742340058624092 1
4.104524376434584 4.19337807029385 -3.6635574542323974 -1.5291951758350086 1
-1.2798968283376428 -4.08716815328268 1.1366266182705087 -0.44871935818177244 1
0.48534545539427343 2.126785246038642 -3.848929548773941 -2.9605082063706205 1
1.3324182585533721 -4.023604357967365 1.494477511479179 0.4324409567034907 1
-2.404054506336402 1.8529583276277992 0.7963671314319383 3.661189367648955 1
-4.004236511047926 3.1184727943262285 3.8964001292661354 -1.854426079066144 1
4.401730454214203 -2.26980321765118 3.46444853936072 0.21008431332736166 1
-4.012962259723075 4.317239774871049 1.2863038532098936 -3.590308630682797 1
2.4049465615275674 -0.4122197988560732 -0.8863158545287179 4.038653615709477 1
-0.19569023790446816 3.739527036887939 3.9529264370980757 -0.7623456188283319 1
-1.2975292812365824 -4.021381540989039 -2.2843342572387977 4.139469730236676 1
1.0257329630102734 -1.6870971664691674 0.013788923878089832 4.028708080227703 1
1.6340313869840601 4.031550267769385 -4.182569045462447 0.8476088493555556 1
-1.2547810944291382 -2.2770166255166187 -1.9628703386084099 -4.46479460049878 1
-4.023433187023974 2.984939455774306 -0.10486934108503898 4.034557631359796 1
-3.7945817305590612 4.069579322648181 -0.37150448557301774 -2.5781256662727383 1
1.855328650449604 3.7037956209217486 1.7914075507900504 3.3815323674562547 1
2.829967838235455 -2.7835054843240257 2.337705825491684 -2.248729380965463 1
-2.9168686644663824 4.1524899458136675 2.5041501785795637 2.4993673700109804 1
-1.8806582177700448 2.6155217337570735 -0.35705536579894015 2.2943848597980327 1
-2.9628886695465146 -1.808187927372132 -4.170899356969621 -2.6502566851880243 1
1.5614112934817599 -2.2642228598116887 -1.0128077562553583 3.844046906402471 1
2.266804522465689 3.413304567471589 1.7625498455636053 1.5173333982343542 1
-1.616647952797365 -1.8116291127069748 2.908498675790059 2.00052363281528 1
-4.250406053174805 -0.6960602281828423 -3.9358492804367002 3.529741737250409 1
-3.910980755608246 0.6719034942054852 2.3619095224819575 -2.5599715098272426 1
1.6914262218429377 0.6147524783511669 0.8532467915325426 -0.43310759408671506 1
0.9335389265348569 0.8968509382156553 -4.238682360483304 2.719111591615818 1
3.6238268611712234 0.2792646532254549 -1.4023204452431934 1.1482485228491037 1
3.2525341867200996 -1.332255654864055 2.8862201899093325 3.875674119374819 1
-3.234367032718674 -2.5031061806799384 0.23898579311968382 -0.4640651956504904 1
2.6395385602305153 -2.432846485505824 -4.412267206321738 -3.4825614073977027 1
2.4528397267651103 3.625531492866781 2.036365829520146 -2.853161757558757 1
0.3994847215069376 -3.2109960513262106 0.24370632186604246 -3.002975344090137 1
1.1114694311155657 -1.0845253045211818 2.642316487837872 -2.607440308153384 1
3.6760314857448537 -2.487253675933865 2.4369408975803046 -0.4991606273954683 1
-2.391403392558684 -0.15875013975868946 2.2428054662970496 -1.2686214316813151 1
-0.058010738840442166 -2.8101085711310483 4.184577900159374 0.024201082379801453 1
-1.1309798846712997 1.5135392004094106 -0.8446561561614035 -0.7662626200870013 1
-0.26531955706317834 -3.962522450434993 -1.762105575067167 1.548245020070848 1
-0.7622323594843384 -0.7577139971080404 -2.935822474486841 -3.1132013088442156 1
-0.4715570058446431 -4.28544176392027 4.17328785978559 -2.6109631798207222 1
-2.0340684737302577 4.053701390242454 2.7947575449775353 -3.7532409333173065 1
3.4470609146171656 3.9663809313334766 0.8503287362909757 -3.550724834407842 1
2.330010932604636 -0.5940714367141486 -1.255889608674973 -1.4908531316631335 1
3.9375376593548834 -1.794050331313922 1.0163728460525623 -4.463700856939337 2
0.8389427363021054 0.78690801417491 -2.0084256113319103 2.352549586209139 2
-0.5332141474564682 -2.2466860719179005 2.329606164325358 2.607105571148116 2
-1.525661020204238 1.2862734465301138 0.6917966646321398 2.288288431142424 2
-1.9438057171732042 -1.384238574400677 -0.5867139869575618 -1.6621143168391468 2
-1.3130763085698256 -1.5767471664791848 2.805552665828816 -0.9275229244664532 2
2.95677155916611 0.41206801559756734 -3.307323401232365 4.096951165312032 2
-4.334670950131147 2.1742076749752335 -3.3428615112383357 2.4017130602460424 2
0.019528047321060504 2.510039084414097 -2.621213993136977 3.225664339279905 2
-0.04892728061646545 -1.7024602231248707 1.1172215164355022 3.994837674435575 2
3.0535956954169468 -2.939894795928105 0.9314300454279123 3.079374745358323 2
-1.9955108720756911 -0.14266905698059185 -0.037837227949184205 3.5117983551815746 2
3.2388406737065147 -3.463091803314345 -0.8206863666825969 3.85506261041301 2
-1.451803766615822 0.2901616119607213 1.3170699603959264 3.783897941683195 2
1.6051460301710045 -3.553253376847783 -4.1140127988047634 -1.2155325307173492 2
2.2975526945155056 0.5122898599045386 3.615246475467088 -2.0895837505805264 2
0.15429959333242904 -1.0721658449503684 0.3921955886595915 -0.7244419108218475 2
-1.668175918826805 3.5145415870999592 -4.41002005036857 -4.128101191353191 2
4.443988224499578 -2.92306621720464 -0.08772151494603175 -1.0949587514300736 2
-2.596489396774886 1.503306847541758 3.4891890831902725 -1.554958701049077 2
2.381066086020187 2.90669225335904 -3.079965120777085 -3.4222378506813937 2
-1.777990155982875 -2.61809724925934 -0.7992324450436057 4.363231008534473 2
-3.8468768025382403 -1.1130095976348793 3.5771113485305612 0.3171824998787216 2
0.5623626220754918 3.3529621412770503 0.17545978129800988 1.089361027019268 2
-4.2026002465547245 -3.693102174000793 2.188244257941058 -3.995394212173081 2
1.378306123777035 1.5418895294440222 3.9433090466236944 3.3757085971652545 2
-3.382816572269655 -3.632708667665489 -0.29755795931801454 -1.461737034032774 2
-4.248213182996286 1.338606670362474 0.27397998779582866 0.03469369032124803 2
-1.9812889665561677 -2.331063433148756 -1.6415046629090473 -3.3768267060600072 2
1.4809409350144747 -3.4109957991070115 2.0290940929690535 3.509964018876965 2
0.3277192989442672 -3.6816764250177756 1.3500199739335974 -1.8870503937290257 2
-3.908255321020798 1.5167985569445577 -0.5691520955552399 -2.810049847644674 2
2.624530308926447 -0.33815008753620435 3.9335779892242884 -2.2444973146700424 2
-0.8806854758466872 1.8139391867586028 -1.325362753476893 1.3313496067707957 2
-3.8156275986595145 -1.995454123354314 2.1303477104935062 -0.43929290982937363 2
3.6474066786452317 4.040602262160144 -3.2615971203835112 -0.8104999329811226 2
-4.154435169762402 -4.47242289729951 2.848900549664017 -1.9827608742339131 2
2.4109571004793207 -0.4330955142200591 -0.823396501394858 -2.0395379673230476 2
2.3618741054973955 1.286847536332813 -1.1751266362492088 -1.479911469805704 2
-0.4683024879574754 1.889828689796114 -0.19433498203127864 2.962054408875339 2
0.9407451534710388 -4.358555477332297 2.8483367104028683 -2.9463471560883017 2
-0.30491534613020066 3.438041845211023 -2.3668020143276145 -1.404855007234202 2
2.5225599977675017 1.3943530855250095 1.6235528228976315 2.1208363890960102 2
1.0942085107775508 2.8495112299216383 2.1209959094674318 -2.554729689315393 2
-1.8779178640825855 -0.9530537237138889 -2.4923400771919026 4.387990485785975 2
1.1759063918144803 2.888602039072422 0.7923767867553378 2.3566577483703317 2
-1.6075019051294448 -2.9836969783567038 -2.6632019685216406 1.0704218396316831 2
-2.049693486140515 -0.5492128169507525 -1.8546599202195897 -0.13340452642476763 2
-3.6138331992024337 1.1550195914293515 -0.5066857465130924 3.2332342125838083 2
3.568320246848784 -1.420219690237317 -1.2615938260163213 2.14953917258965 2
4.107410474723277 -0.7233470358195345 -1.724419702118103 0.9484337794813582 2
0.32169414469224555 4.290577956353263 3.206194409551191 -2.400081163183933 2
1.8903014400250768 0.049583477877406135 -0.7393795666241705 4.292586816442889 2
2.291022149611173 -0.24023405188665925 2.9435542166248903 3.4505970803180843 2
1.9941658332070968 -2.4988583000942493 0.9105930227526194 -1.1365744830144986 2
-3.8079400551013682 0.8924150342945623 -3.2208103813286386 3.2885547896529417 2
0.21315635445090697 -0.35382478031084996 -3.46674000902542 3.900103382439644 2
-3.442703138497116 3.9108956675202204 3.8629279301526416 4.0451658721492905 2
-3.494354010799519 4.207184598020335 2.515716144716022 1.4551922248220615 2
-1.6369280337906331 -1.9635303840467462 -1.004153274614998 2.986811900520184 2
3.9599029949150877 4.145343022319024 0.727649867731025 0.10731383126880178 3
1.8059526339705303 4.097115368409354 -3.2840755601257885 -3.4285233192193902 3
-2.92519735108945 3.2097749457223235 1.5701102679773076 -3.2504889108514012 3
1.0637887207253134 -1.839966760380666 1.8196076319794035 -0.5853022346164394 3
0.8678934980015577 -3.5163770195230217 -3.3437717172536603 0.5511922967129427 3
2.6279082072684994 1.2768959183122621 2.6155662844546734 4.408661359282558 3
-3.536633103585908 -2.5230709429309037 -2.268229819372147 -0.9759883163239574 3
-1.8743278879523781 -0.2365609321737422 -0.13951626861867283 -0.11722957546152024 3
-2.424364637266398 -1.8219625307720206 -2.3780198720337387 -1.5317573370320967 3
0.463345260574369 -3.1771293403864718 -3.6964327222528506 0.6501215115742982 3
2.279874081988407 -0.44488476584903125 4.46832590091717 -3.3815641829576824 3
-0.836085818718162 0.6613180572990218 1.982761055761538 0.2480484392074881 3
-3.080840687186651 3.5237354812505437 -1.5495391132816108 -1.5043774712818425 3
-3.4635658841528016 0.4240673726304005 4.376325468164115 -3.523539947955634 3
4.184506910472179 -3.247278787199131 0.7977414228462801 0.3336773818691976 3
1.7892928008859195 4.27676048463352 3.993008878128692 -2.6692145376045806 3
4.462454645588848 -1.3703650951591722 -4.233361895094898 3.476083977072709 3
1.131870049486157 3.981383660723348 -1.574753768347382 -0.815817106231619 3
1.120841078593723 3.3553777110167555 -3.421249362613813 -2.4643564717309476 3
1.7781797331273506 -4.1678940742385375 -2.4662886564203945 1.6349274624271506 3
-1.3902497882945548 3.544445264661265 -3.2874689620061934 -2.782993838443767 3
-0.2807949542255038 -0.5942706433457919 -0.8844528870892725 -0.888117348794256 3
-1.755718541197977 -3.0623716156669625 -4.0603981782284455 4.4852531341118125 3
1.5198594317279843 -0.9419312958690458 3.0773259838465425 2.5076867311605175 3
3.4389527781472995 -4.1112885625098 1.818276027004416 -0.9330673397362014 3
3.3691439738224997 -3.668676088715474 1.511095285948724 3.0599011522570847 3
2.91166311905536 -0.3777744127266789 1.9670605442070253 3.450391629466784 3
2.1615744575932707 -0.44200952089361345 2.5019724243313637 2.0870377509806937 3
-3.07317790290167 4.0337069521986395 3.7028232097410174 2.651423132718072 3
1.2823020912571756 -2.5666473256411555 -1.5098948460407953 0.04696006312261802 3
0.8686282658276204 -2.613334355045939 -3.6533565545902773 -0.7283425864876704 3
-0.8825676206027723 0.857024855708922 1.2601214901835704 -2.5504986868302333 3
0.9924122209616073 -3.528561157738235 0.6912740535293445 -1.5005906098036041 3
-2.7668978053286315 -0.375768370385977 -2.410568740695469 -1.2618079324178124 3
0.1454175581910334 3.2151984923812784 0.8483757752952953 -0.32021175482835806 3
0.690587774976908 2.8036659188511814 -0.4937732003363643 2.4770905120410456 3
-1.1726351771472951 -2.810468752223203 1.280973533579147 0.765054671431014 3
-1.9827765280109277 -4.27522912249066 -3.4686556152309613 -4.321515730441722 3
-1.222820651926603 1.2195034068665995 -1.1451923785401013 -3.4095650346349213 3
3.0777496684471277 -2.386859880404212 1.3797364322458372 3.202667147717145 3
1.8519003949579314 2.271955908669067 2.136335958868922 -0.5035605925779962 3
1.7209707993997547 4.170407633442581 3.0301095788414507 1.9348343120114504 3
0.7189449520578515 -0.5079955405595428 0.1914261166077863 0.9470711549577089 3
0.3311889526341224 -4.457143465896091 -2.864845363889666 -4.319892550067791 3
-4.439495276255147 -0.057593204731289926 3.7747246287155067 4.20138293545125 3
-1.1106629898310496 -3.28517005484562 0.08056547021415383 0.7129220608925229 3
-1.311413203411718 1.2730919283623798 2.606561283053613 -3.6062530915767437 3
0.20506746641927032 -0.932339188126983 1.988866559513692 2.6545779435371184 3
2.430398483164087 -4.019814126439205 -2.3610749335404524 0.5773212523052557 3
3.4752633803158623 1.6121912802182985 2.7390108722737905 4.028600103742881 3
-0.7246167045448851 1.7255849077332954 -0.7834568954129862 -3.127979618765959 3
3.9531862471293966 1.3935492411390538 2.0516650480402663 1.0272197225968605 3
1.515092835114097 1.8188744335960496 -0.06484724484587134 -0.9787776463414153 3
3.7411372484757033 3.5039318517923 -4.247752881507919 3.7841851828714317 3
-1.9857337307532905 -4.298143981821343 -1.0637954183362524 -4.094616187781194 3
-1.9996635321883405 -1.2237598342930562 -3.569203869101794 0.8101147791525661 3
-2.2729099540398607 -0.3842698911000034 -4.17994116801912 2.3764200934829702 3
3.9418892784447443 -2.795814863307918 2.182710622465477 -4.456258743192372 3
-1.066502207472797 2.99737533307945 1.298573526420113 -1.7425185489252824 3
-3.3204373032490486 -1.3285999997794133 -1.8829424235758205 3.2061312314918564 3
0.4580347052834979 2.4242666159897768 -3.856568209636463 -0.7468826696569094 4
3.256581784596502 -2.1961789416783617 4.093007420963939 -3.720407147185145 4
4.071152242047433 -0.5863296008004598 0.9667718683856877 -2.1793595551143863 4
-3.3212638520927844 -3.0691918030858685 -2.432745417268479 -1.4635272311843317 4
-0.5636922670639424 2.8065229736782853 1.9134957521057983 -0.7309736169129377 4
-3.879141529138895 -2.542451975139949 1.9332619879782813 3.772472023371621 4
2.7156541165788806 2.9102877623806753 3.7155488049389964 0.32250269821316135 4
-2.699773447739471 -3.993947065454876 -2.1933438844377857 1.1847870815110555 4
1.386299133654593 2.6454809246361095 -3.66847580369729 -1.419277322560927 4
-4.052084375786227 0.20348589271627704 -1.7730788861792655 4.0790626944315385 4
-3.223557489545447 0.9077686147868376 0.5415100847527282 -0.9716484485436062 4
-3.4880258410929152 -3.313936107062612 -1.9572021850295935 0.2634337642336839 4
0.3649529208705452 4.022958956017151 0.27586598170178755 3.2308213587460566 4
-4.242551324508099 -3.60539667525541 -0.01001238831594864 4.275205087727335 4
-2.6823648207517596 2.8322376315012674 -4.039081393965616 0.9661545663317782 4
-2.337430080922266 -2.0518018549145074 -0.6811359546167245 -1.763773115576335 4
-0.6356884649369452 3.2112684347255454 -0.11267412065009086 4.475639669194728 4
-1.9775887062008013 -0.2545179931210667 -0.9192688206469519 3.9613167962736737 4
-0.22531321662565307 -0.0037194165871523577 0.28963200401028066 -0.9719414346781707 4
-0.4872878296681247 2.7458160430094614 -3.8490367898084896 -3.701361051401049 4
-2.700935570519851 0.03955205784277349 3.285014495255513 -3.298803190532314 4
-3.320768172216608 3.342077880780925 -1.9010183354831716 -1.1717166377913357 4
-0.6753706319272326 4.482330987751201 -3.8662732939838644 -2.6577127219321266 4
1.4695189818241272 -2.663307641105316 -2.4754115828506036 -0.6561867360646833 4
3.8235875051710706 -1.8576431230968087 -3.266171834763012 0.9891478455543974 4
1.2456037823692054 2.386701368252745 -0.29171969920097596 1.7330263036401643 4
-3.570357034869247 -2.8428419375544998 -2.6880833747800086 -2.320751582026081 4
-0.6598921016091692 -1.2728358491397198 -0.38246900765280223 -0.9067458901462457 4
-1.6570454045044243 -2.0681568005792723 -1.576022796994535 -3.2452600777452125 4
-1.2549233718191137 4.334179396931279 -0.01579875590692903 -1.1502758106072961 4
-0.37393201746382265 -0.3791269281853791 -1.0884623775056657 2.659480856118499 4
-2.245446725965362 -2.792887725320235 -4.0239747957041 -2.778249253906669 4
-2.183078624793993 3.4708336969584845 4.10933296810573 -1.3787012667849643 4
3.4761726957661576 -2.9632656580520456 -3.93757086000548 -2.4292063276203226 4
-0.930418966178368 0.7239208475397717 -3.8287333276010407 4.284341988789279 4
0.48139665270570653 -2.687271129092033 -1.7412020627838558 -3.0035581823303668 4
-3.9444374223566205 2.669697754927373 -3.586479546375048 2.903729215044778 4
-3.3315073763510896 -0.9224461406656499 0.533007996395928 3.6037825649747415 4
2.360596602294636 1.6677133468023926 -1.0040300274784244 -0.7011049902433593 4
-0.8248647032933989 2.693745485888516 0.20681445458391667 1.1627490560845186 4
4.4392966613785845 -0.18041370528837697 0.1554343512602322 -2.2441448267762554 4
3.464702076370214 0.1880186656981797 0.5145854516233546 4.009295638572439 4
-1.0055609323711752 4.40573220997446 0.5235871363876836 -0.5623131166753046 4
2.447939962012774 -3.2809871237115384 -3.847565113675725 4.362515909704181 4
0.36991600863948026 -1.0871538888844163 -4.307829973190799 -4.4357538702938015 4
-0.04044217392499716 2.301161494783875 -1.4901397120323663 3.8021710221422076 4
-1.4628614241586821 0.9098299400210075 -1.3945381633422913 3.706081745803151 4
-2.3559107649555235 -0.5114850295800359 3.3106737181064707 -1.3525044888421944 4
3.502846266596446 2.132036594158464 0.5495950519340465 -1.1136414422566907 4
-1.233920987573675 -1.9959669160387912 3.3304584085696076 1.7128761617811206 4
0.9269395154727141 -0.22485330117715185 1.6869181320766313 0.9840669228491978 4
4.387910462650392 -1.8352724789170884 1.1248813622784373 1.8313950251665143 4
3.7872566210259504 -2.3891941056364083 3.343618492462807 -1.8529931212226614 4
2.712222970064373 3.2884571430698153 -3.0138722806344074 -1.5027153805535192 4
-2.799792111144727 -0.5054802456771108 2.5541983709426774 3.2080652879673393 4
1.8989786592979072 -0.7918913936029051 -0.8341805814448965 0.47485797909463634 4
-3.533055994055516 2.407962843448959 2.6851884848382683 2.3945803439671876 4
-0.12034304650466054 -2.8395356532207066 2.474348160317096 0.22517585848907717 4
-4.038239045089828 0.186127901013173 1.4374195169495148 -3.3119319307085995 4
-1.8692344518244506 2.8196452456495655 0.22525018784539808 -4.360075873449667 4
