300 60
-2.5020614601923445 3.3365907555963874 -2.3669060166327345 1.800003670491869 0
-2.6395276019451623 3.767498171441294 -0.7487459922295956 3.582572684227857 0
-0.10429930084653771 1.0056947661238114 -1.8190338584541306 0.36699370700757505 0
2.39317070832284 0.16576189085648918 -1.9350489560387616 4.037199524300542 0
-1.8287954858140023 -2.8105089420487355 -2.0000895374427428 1.5861467579510122 0
-3.773328581116126 2.14596266579073 -1.3107117372443908 1.6514074808401538 0
-0.5282169939364222 -3.0752111905861392 1.0789048204644434 2.4569326357365946 0
3.4194332808115098 -2.0332218420699784 1.1362565630711572 -0.395094888921524 0
-0.7718848282705382 -1.8352806053971684 -0.4448518681633147 -3.0927644462124806 0
1.1590911799153498 0.7185402917059055 -3.4419770386080244 -3.1072861375766996 0
0.899362769624888 -2.107627942180435 3.865799787026803 1.5341217256323723 0
-1.9378270742277257 -2.2177061480359126 3.6437490963896986 1.0322544380250025 0
-1.551924470801393 -3.202521294119216 -2.5846908792538263 -4.387421893360944 0
-3.0094842491885916 4.175374761611477 0.3031081088649987 4.2569582241357375 0
4.142040437571245 -2.8042680996365834 2.643279738817274 -3.8796697504534556 0
-4.281240945334617 -2.659000082580444 -1.2246956455879787 -3.299448024993656 0
1.7985925271390175 2.515631269999768 -2.0662371346612707 1.598575062255101 0
-4.293602168048267 0.6989657231678044 -1.5691744029728705 0.085025288369183 0
-4.485220445555592 0.13925350714854157 -1.8967489805076574 -0.8128581755687704 0
1.2581565851777141 4.370619625237699 -1.0995699627876032 0.7507668441316447 0
-2.168121632300048 2.722471967365832 -3.789499164418317 4.442498350887982 0
3.334347783013348 3.804746525511029 -3.2783856863668928 -4.015656802406015 0
-4.480072087208008 -0.27460465418180435 3.6902756676374664 -1.2138404580764712 0
4.3332186384540945 -0.9094967648743457 -4.459739170544165 -2.2421728706659705 0
2.8235922982822634 0.41810848175229975 2.7750717809834553 2.185373722575939 0
2.437686784262021 -0.135620325103878 1.3062947951579562 2.9307973685577533 0
-4.2379959269455405 -3.7212688043801543 -0.2445717128706708 3.7701186048808624 0
-3.49691568859779 -2.2387939947850715 -2.0731193131423136 -0.03019433789679471 0
4.184237632737285 1.185894474639709 2.9644187456108293 0.3946358701535896 0
2.849941823538257 0.594737964834807 -2.341421474019589 -1.497129255506636 0
1.2182058502370379 2.8071215206236957 3.2447758186934914 0.26095771634203224 0
3.8401435371948685 3.7136408733340485 -1.388060457453324 1.1161858856749796 0
2.923296483946729 -3.652175410404096 -3.1678917354192873 2.1723707043949605 0
-1.2505642338257181 -4.180418714157027 -1.2251075227349162 0.15056532796569277 0
0.41722513686726204 2.6652844877040383 -1.3799883668615762 3.2155795576186073 0
-4.039714772087876 -2.8019903778620288 -2.9111883683591278 3.3221172995091233 0
-1.2107000887905168 -2.3013821973788247 1.4566300345306546 -2.8658387908032728 0
2.6557872562892877 -1.3311455781026833 -3.0905812961165045 -2.1624156576857305 0
1.249899138543288 -0.05926453292916256 -0.5070043786341144 3.997695243774877 0
0.7514976934805088 3.9536941676836643 2.561433582586902 -1.9075688281444543 0
3.991860738142916 -3.4947681553478573 -0.2186445095119114 -4.117621612825247 0
3.091994694992014 -1.3857466341964289 2.484324579034382 1.9328481603948624 0
-3.5925545442361937 -1.049318405395963 1.279999742206264 0.927243366375226 0
0.09319317605323141 4.149927737686168 -3.829424721554303 0.2158166368177693 0
-1.1563864620479345 -4.388675295596781 0.9072640532353787 1.074442243398952 0
3.2373619828937237 -3.5000032541367125 3.578827794378626 -1.5278878713555708 0
-0.19494860411893544 3.1498202914757423 -2.3015214906412824 -0.5580540097419213 0
0.13264170300611178 -0.48052954869918085 1.0548276241811774 3.1645439101741824 0
2.704287786755127 -4.316477593966644 2.1895320723744307 0.1585549499802672 0
0.653567839270193 -0.7975474579856111 -0.9932973018962951 2.217981152580207 0
4.366231179262241 2.7126137736996307 -1.1643951440647604 -0.6812477615852001 0
-4.014341080693678 -2.785700038900476 -4.33475380098103 0.0698532899540042 0
-0.428230387647221 1.8264786940618036 -2.655473549338815 4.197141183809379 0
-1.5115666541789032 -1.2601512434582314 -3.667714055683393 -4.125426910971804 0
3.793235093632593 4.082674551546123 0.1539285660548496 4.351117522179116 0
-0.8308284419057077 3.5871403939625095 -2.0344886720141457 -3.302341498073531 0
-1.5277207323644435 -3.755352878280111 -3.6851528965468288 -4.46864112717825 0
0.24045808912732247 1.4475995186254678 1.0414121099056501 -1.3208670034722862 0
3.5368586491976854 4.186417923129066 2.880067852920707 -2.5047294168130625 0
2.4293940920218327 2.3318920646039336 0.4319998186934666 -4.010419507456585 0
1.8904414261899456 1.813975493232351 -1.5938904848980031 3.6678275847145714 1
2.405982430060051 4.269145309970796 0.9308231531489018 -0.3263471471779811 1
-1.1365693434362765 -3.752510012653996 3.880409910989423 -1.355338716613478 1
-2.3432360434899757 -2.5066551596130435 -3.8478715206559815 -0.4027895766445192 1
-1.2276018287630457 2.7928280890111656 0.802247303141948 2.695456168206303 1
-3.9591344712028516 -0.4523079789309954 -1.184444853932145 0.1774398027218166 1
2.8185347473501046 -2.1218546291341607 3.4970922090237693 1.1960997619171496 1
-3.9293911622396824 -2.321030949696586 -2.0375428153148425 3.884639706717492 1
-3.7343658442480594 2.7699969181261683 0.627532720242035 3.041557903819921 1
-2.9677493192572606 -2.7418983699380517 2.7585868354817453 1.5449898900120929 1
2.831778104020743 2.7925697626424606 -1.8096172702011968 1.3781563577219536 1
0.8043649041036829 3.732609061057158 -3.4615814840133856 1.5284776594926694 1
-3.9616052692082886 4.18496976243299 0.2265247078330046 -1.5934596205865807 1
0.6387769517022519 -1.7773369874964513 -0.5192199260981506 -1.934404319595843 1
2.931352438485156 1.4347555231798914 -0.2707962165038611 -0.6655009023719695 1
4.378512972630563 -3.5325941978241095 -0.07031315751494749 -4.2577718041836805 1
0.7282667487005582 -0.24454660448441867 -3.523148232290774 3.185163489293221 1
1.3704370738893055 -2.323268513123138 -2.9178453904279618 -1.703986630623764 1
-4.219829429234346 0.3980911747156718 1.7606752716286724 -1.0353763046765163 1
-1.2176083908685351 3.5309994776865965 -0.8649932113279049 -4.1583751818599834 1
-0.36588964717220196 -0.7321130996679044 -0.588734744659788 0.6365519076127483 1
1.1961498671187045 0.24460949651905983 -0.5265040768353053 -1.0656218062698564 1
4.150900261567037 2.6010910310061934 -2.9433718553024018 -1.0150535181987375 1
-0.029740417896649274 -2.5997309919518594 -4.042607294773619 -1.9514149648450543 1
0.9358572698665526 2.23718229499336 -4.424693744297012 -3.0316421456511446 1
2.3027744813455278 4.4415360713940055 -3.9127356882814044 3.8560483279164313 1
-2.53351996793911 -0.66926399818512 0.2524881793937327 -2.436464352762314 1
-0.6853535747529961 -1.6321820608590176 1.0389393546195076 -2.1385798394894526 1
-1.2120028295903724 -0.19852820905899216 1.338532936125267 0.13423061455762486 1
0.37881368169307605 -2.1129277803588185 -0.9351214731518995 3.6421116390369606 1
-3.2907264493287727 -1.7830251204054308 1.6653808114224113 4.021182054972138 1
-3.271679155608524 -1.6406981698266931 -2.043977370563013 -1.045734323197776 1
1.6126441278398191 0.9120704030584945 1.529454512217904 1.1043483546908177 1
4.475029199066298 0.5482313082913677 -2.053613861378407 -3.644410203427708 1
0.4385357738386284 1.2811458613969995 2.9568875349889456 -1.448006636007562 1
2.0411043357021845 1.0423218556664575 -4.489443372211969 1.7316650235863236 1
0.7965005847576405 0.945038821411821 -1.5225765578191672 2.0865106531507447 1
-1.306930853718348 2.496437951656628 -3.418849979809395 -2.1846327983422285 1
0.9414298280995506 -1.716923056738705 3.713643328325581 1.01297695289907 1
-2.289321013102554 -3.8586061431452903 -0.8507481162025848 3.212656554646374 1
-1.3704374909958068 -4.384367334176368 1.5571632500672847 -2.886908784501272 1
-3.0092235602553314 -3.9567021082400005 -2.0624505433538354 3.424739899012237 1
-1.9965965950159519 -1.3650120509489003 3.929964162229953 1.8208886947198986 1
0.8210008025069088 2.4751181703249774 0.28862887185351715 3.696671967930052 1
1.1227902044614773 -3.0628716000989957 1.4430922042645675 3.9556756321904913 1
3.5438638790905816 2.075321394060319 1.8476495668920545 -2.5471324739514167 1
-0.020087826622188998 1.2927619745189474 3.3874255837439726 0.31584569690247055 1
0.08527584876680294 -2.986126577832481 -1.4243992960391534 -2.405958715425073 1
1.2731829528404857 4.393509866665442 -2.060984056205585 0.39109397554764325 1
2.432964268058323 -2.866669117924895 -4.0820248469553775 -1.220171979491108 1
-3.4220788131736524 3.873076586889684 -2.2033654248637293 -3.6249117452839528 1
3.6908768966606256 2.242661936493889 0.02417565375153341 -1.2980307958434887 1
2.344783863750673 -3.214117819086024 3.403634514834729 0.24045118578502767 1
2.8074977240168195 -2.7694863380207253 -3.187509818413014 -3.8029268236379865 1
-3.1072940141279597 -0.8362893913067733 0.6177944121162009 2.514725983501257 1
-4.496553950692761 3.1096603454742886 -0.8087304123661236 0.31261664328046435 1
-3.0498079199045343 2.1532566140339444 2.757420505921287 1.3650111732287007 1
0.7461973433107228 2.4323400267431503 0.9658329982164695 3.5426200224751137 1
0.8999385006391739 4.153207372615548 -3.0184686060480237 -2.9451484313943546 1
-1.0819944952360445 -0.026906849324503934 4.00322315755206 2.7655054298389623 1
-1.4549521592442307 2.1847566736577804 4.290847126245857 0.23249568221371286 2
-1.795537172039047 2.6890764711000137 -0.6751802068385141 4.082281031215856 2
-3.7264519860317256 -2.379027261013446 1.08774356053554 -0.7496388521556804 2
-0.5564799665445581 -3.3655873218413896 -0.590774433680643 -0.19087335527018412 2
-2.6727121729096486 3.073884676768216 -3.957116893705317 -3.0895362542735336 2
-1.1481079057516337 -2.5318644348810926 1.2127872533361173 1.7070882904642135 2
3.1151954020568873 0.6783719855323692 3.4559453067637342 0.6699140664033303 2
1.2034482956160344 3.5003568930850455 -3.1763631277749496 1.6968614634225214 2
1.925631530713964 -2.113985985739694 -3.0479508197515295 0.28678211936588704 2
-4.412625225001662 0.44517113576091405 -2.6849734551401276 -2.0130679052527 2
1.8677360276279664 2.751251486760207 3.3355344315669315 0.49000973152116956 2
-2.78409299221537 1.2079284842217217 2.2328637100430924 -3.131092420650736 2
3.9469764069845112 -2.176322541792196 -0.4867932364511597 -0.9681071613679689 2
-1.8676758633230943 -0.6692038916469712 4.290384417448033 2.1720212597329676 2
0.6406074143615778 4.410499979907635 2.9070895836452104 1.6248175721143916 2
0.7937965143416126 3.4910945726667615 -3.896010270026519 2.549808721738887 2
1.4059015113965836 -0.24499013300993833 2.029889916745428 1.7904463213873665 2
-1.7500632324614518 -1.348383797129732 -0.6506503771056457 -2.0479846932445103 2
2.49420863022507 -2.902418574118977 -0.051091006034623576 -0.845564755060795 2
-3.2585817744349885 -2.5825953213499355 -3.5464304675668052 2.453236199351495 2
1.5202209612793625 -1.1573554768609788 1.4573692222690675 -3.145340634791827 2
-2.641475892754524 -1.523660371127983 1.0172955612824304 4.048457599478649 2
-3.7653339382637534 -0.5711800187720518 0.2922940646731145 -4.096252597069352 2
2.8009438427987585 -0.4878678492837826 4.203464021276597 1.3413795686754266 2
-0.47420861406066284 -4.2522438287007365 -0.1764757937725877 4.080353631978854 2
-1.9892009513308841 -3.8234655010202188 -0.487936494249833 -2.5739280619246605 2
-4.070354605977608 3.2722702186599895 -4.467581711479514 2.65531558321915 2
1.9288583128094492 2.97393930338617 -3.1651910099406626 2.672578548691056 2
-3.3038478324522402 -1.2124218640947566 -3.768229011464425 1.2005259874433554 2
3.718957880842362 -0.599508981111538 -4.289061294089768 1.9872326724802742 2
3.8308663177531095 4.152312685183057 -4.373812236622523 3.5706335801425 2
-4.440527028093829 -0.6036247303795726 0.7925896205515529 2.6354204903456 2
0.7480136595922985 -1.3605518499921319 3.815632790894995 0.7055666520256962 2
-1.1157118388568348 -1.2976058145798142 0.45544715967175353 3.855023307810087 2
-2.4207041234428903 -4.265664800162765 1.7232732632689305 2.632150193951942 2
2.080655998814182 4.486641905365507 0.057832251891080766 4.44819827743445 2
-4.1549226285597785 3.231883952577474 0.5630751095192085 -3.2308199945367777 2
0.39874437873409063 -4.324320370591351 -4.1327486203552315 3.074458681345113 2
-3.880652322837098 0.2290453296974121 -3.67065904291541 0.7812031270802846 2
-3.5589581420208067 -1.8360231510576825 -0.008874309695801386 2.8311975037615777 2
-2.026490363893764 4.235451368055851 -1.1735365986118262 -3.0111008894838327 2
-0.27300163555647616 -1.9333704215657255 -2.8926533858155237 -3.4426412280073584 2
3.944178840079369 4.200540019528318 0.17379207536495733 -3.8594878477573884 2
1.9745989455228496 -3.2680887091120585 -0.7147234040315616 -2.4238562057163837 2
3.509090868986507 -0.5286573580077122 -3.2198544913653993 2.0780463018526523 2
2.575146403773552 1.9933985551677238 2.6867692627313264 2.169099862701537 2
1.3784766997548588 2.402758193678789 -0.9479031485722408 -0.23512320041540624 2
2.8064722989544033 -0.34504613384315963 1.971022712069314 1.2881118156474898 2
-0.13841452812334176 -3.6235237973919654 0.3092971518420804 -2.3436999827893352 2
-1.1622351019291424 3.4752086354515708 -2.2375336721959784 0.45230262190790926 2
-2.517551764924379 2.2402360726150956 2.596385300381437 -1.105516429473333 2
2.7596669863829995 -2.7308895318507447 0.565601376696683 4.4032139294132655 2
2.381423851746497 1.4161163647324058 -1.2938614492453209 2.6411123222784707 2
4.2791328999372675 -1.0053616531189165 0.7730615518617696 -1.0075141118973554 2
2.3107499659951922 3.095582599404051 0.09077468933557797 -3.8909096306848303 2
-1.0883462147321294 -2.4868073034124794 0.7734410429257338 2.9928224573578355 2
-1.1858183835667415 1.3754689238481825 -3.882433247565835 1.323025077920939 2
-2.1835138396923512 3.2264903942146743 -4.041363616048676 -3.4823506295534203 2
-1.8432766758757624 2.376311990950977 1.137081661863464 0.3121550430992748 2
-1.6106063761303155 0.03890172713729323 -2.7952457994167386 -1.4024782151320818 2
3.3676534834709684 -0.13142994239223116 -3.476676374138284 1.7196436062186604 3
1.1176966120771228 -1.4147276749760942 1.622570481206507 4.158975025506175 3
-0.28283847491173975 -3.9472738065597643 1.6941726373159633 3.7607915096310296 3
0.17789839606841884 -0.45761269833183127 2.724690231561931 0.7413835853548059 3
-1.8091542468723683 -2.944106037597424 0.3735079142103299 -3.6100117266092555 3
-1.4340265117512463 -1.8463452992209335 -2.946956895563246 0.9323666323843947 3
-1.2371607376185367 2.7787865486398102 -1.0876702321659426 -3.4384050964138186 3
3.560396041268038 3.7352999018031925 2.783539857906765 -1.1592491498958455 3
-0.7059994110921484 3.586027607837753 -3.859586041787871 -3.551778141012348 3
0.7836983344963013 4.469499899250956 -3.968756301364518 -2.5451148246708777 3
-3.381634443435446 2.3114840289991223 0.4827577100658519 0.029446031930389194 3
0.7944171291255534 0.13109418278257878 -2.6984302778686233 -3.3593687804487944 3
2.3239403513956813 2.999535517956669 -0.23996355038004424 1.0891579616885334 3
2.9797904496473753 -1.402929546478259 -0.09844264687718285 0.07227163980619367 3
-1.0739064840894663 0.8575661477685897 3.7795122287301735 3.0455704585931067 3
-4.114152493529686 2.8323474945102856 2.228023350141746 -0.933344800613665 3
0.7742079108457814 -0.508457506656564 0.6352861149304492 2.0394956458809945 3
1.243213871559695 4.098164197851371 -0.564364390982269 -4.075471773408087 3
2.7379003509348703 1.4053472255522945 1.4915081909930248 3.3264061574686674 3
-2.63211892987229 4.245624163080004 -1.706456435627846 2.6153378517925963 3
-1.015976278840272 3.6471267779961285 1.9462153408765632 1.294288503233657 3
0.00949161419888278 1.5516745421177762 -4.20787319062678 -4.36930191038307 3
3.4866267499427885 -3.9745282069516747 0.0776764620032907 0.309836754095835 3
-1.8472801954592413 -2.900757714478002 -3.500789472545229 4.247580288368477 3
-4.080909386405726 -1.4237254730644882 -2.3619770193511647 2.3538015256957943 3
3.7386066136427414 -2.225553491225853 -0.757989521531386 -0.4342330263029692 3
-3.4826596326997787 3.9766044309463364 2.8779563100501107 4.259440246122747 3
-0.06020108538752755 -0.25388081067430524 -4.119732465476635 2.1725216226658577 3
1.6906208051970344 2.853763448899195 1.355844496212184 0.34408851007250063 3
-2.457834235090412 -2.678824310138026 -1.041833945262957 -0.012722494434545317 3
-0.6795109730163716 3.128336538105255 -2.04789200547471 3.897169983649353 3
3.8440926301897633 -2.7863697305498416 -3.2953680741038363 -3.1241725577020545 3
1.7051328542154176 -0.4871818807962599 1.8756676642338712 -0.31189517927016963 3
3.402992517681387 -1.839500089442386 1.2133909462175578 1.0140406325898819 3
-2.0681653637577497 -4.302612945821224 1.9666286163085958 -3.216887674097751 3
3.3421579243551847 -3.0054619814746135 1.8277461839701274 -1.5297592656243064 3
-1.9932192192568063 -2.2830192350595007 1.727730329555286 -1.3442851638821605 3
3.7984696233069566 -3.7653465621217133 2.9265273265699205 3.1174182024116552 3
-1.4700739976063035 1.6239152832013555 1.2123652925989838 -2.097367127858422 3
-3.0099135959705356 0.6989265427744337 -0.8285614839810475 -1.2366849732135832 3
-0.6780862816572462 -4.381739266289834 -2.8617517075361474 -3.901562807527204 3
0.9594259917948327 -1.3777480603684746 1.0954595147134585 -0.43980776603058513 3
-2.596257944464874 4.276350258546609 -3.8959810102180112 1.1692917488079229 3
3.0508398945733024 -0.46161621983925216 0.8872561703373343 0.21655083350845206 3
-1.6087586192759287 -4.373119042955822 -3.5080795627460155 -0.30153898043592287 3
2.0526285796719597 -2.1030880515597965 0.048819842201591745 -3.4261959739058105 3
0.10520957316158519 1.1341716436088611 -2.2416838094145164 4.475157053312991 3
2.276153944275512 -3.076684433223601 4.270514231426986 3.5497948060443445 3
-3.6781504959466824 2.4666043445309582 -0.08607460786580323 2.0874522427568802 3
-4.036878616195572 -0.8404440662895823 -3.5449865149430386 -0.6573453977629674 3
-4.175788544384329 -2.62990037528244 1.775943601716404 -1.720476904188677 3
-2.795420685293876 3.059107395448838 3.0869534236556704 2.6541407981930556 3
2.1864755095706974 -2.2979140146517603 -1.9615658239879268 -4.102784779719924 3
0.7755128545787929 -0.04861068896866383 1.1371140166345584 -2.392492986888071 3
-3.6795447827949506 -1.2796418386045645 2.250446308148899 0.5498869681424513 3
2.2563088783946776 -3.3410921826047346 3.2993867289574714 -3.8263293709453197 3
-2.3408938773182006 -1.29218002384897 -0.5067503605284106 3.213675203941435 3
-4.463803958330555 2.4610816617785116 2.9062999983855615 3.002292114751117 3
-0.9441735317217474 1.248000317518359 -3.7977251432735657 -0.1918419443263657 3
0.23430851285472432 2.514311084641344 0.8620119001469555 0.3557235566664816 3
1.4296066541443246 -0.911185890058563 -4.396890144354965 2.426753488125457 4
-3.38704539735124 -0.6839445027341907 2.1806825685535793 -0.052381707349037576 4
-4.452411149843361 -3.7965068237649686 -3.1580823115007326 -2.956167516229021 4
2.9682756257754868 0.1509224949991268 -4.408302109267869 0.4517170219328378 4
2.6005040621102613 2.151998151898314 1.8236213380796604 1.5395964712884893 4
0.2501942192069252 2.0456592835659384 0.24756731439714708 -0.7178048295127789 4
3.994406212600611 4.035834821075188 1.8394758910499274 0.4573415713759509 4
-2.2101169102713705 3.675454917501054 0.7929061647600171 -3.647977009733835 4
-0.2607685878263497 -2.624550174063047 4.301108156265233 -4.319014091449051 4
-0.8086706946486076 0.7553800486871259 1.4300327732710587 1.9151333033842826 4
3.500994198978068 3.6303681080378882 -0.8722615744959216 1.9004128828178732 4
0.5379783771738138 2.7644533856300684 4.143672478044451 2.118139111096032 4
0.262038236366279 -3.64430642309606 2.6532107808463294 -2.551694048299218 4
-0.5783521448680601 1.7924973360603285 0.9672186391669533 -2.551612955105533 4
2.2909288707405056 1.6006817192270395 1.2614534393800425 3.1390266690741777 4
-4.481056361686851 1.6410372555259933 -1.0324551988188557 -2.5481646415451022 4
4.3201912333351355 -2.5829652443997415 3.6291418402438884 -2.083366301021489 4
1.9189529064761484 -2.7207979452104505 -1.81867998919025 4.365674481672268 4
2.398403605663306 3.922172605432932 4.02133677484879 3.091656224578274 4
-2.626189503547936 2.964065591604375 -3.386394555792227 2.550024088017805 4
-1.8067172818573207 3.4263449963307275 -0.7534976132322508 -0.6914721727094979 4
-4.214026012680412 2.2970763879121447 -1.9696653752262692 -1.9087213254984925 4
-2.561743803582676 -1.198017507221615 -2.681591767240853 -1.5462219941118445 4
-3.0806194701418264 2.7668792035551837 -3.994025889896931 -0.9112101166123261 4
-2.6905152623894515 -1.3087899839582162 0.07326420201656003 4.45167399729541 4
-1.209620159482725 -2.09229386250173 -2.769056551737921 1.729842708076116 4
-2.484696414378702 2.2284911533061456 -2.1224157677803217 -1.6931402577871237 4
0.6964444403932982 2.4647668128759985 3.8926006572470695 0.49786431971443335 4
-3.0873999375939363 0.40557997240679344 3.0828310139410053 4.195066602060753 4
-3.782653811400501 -3.614296540145347 0.46553229341021796 3.1584726133352894 4
-0.6122496386575083 0.830248612748262 3.8363397597441615 -0.6982368041048425 4
1.949781551070215 0.6145974076741256 -3.5014762183947674 -0.16191534147650266 4
-3.8065428891513586 -1.1079337105225422 -1.8293591984131372 3.2695070088290206 4
2.141346857960377 4.054960668908761 4.013001946600123 -4.085418962478871 4
3.6479394541534385 -0.0756872686462311 -0.31935674640848866 -2.563835347599224 4
3.919734767934557 -2.237550495904454 -0.17594043520228775 -3.7868540688787053 4
1.0522633267755122 2.365368387262648 -1.5836130435839437 -3.5101770936078456 4
-4.48489107981681 -3.760919186372612 -0.8068008768831838 -4.007362387102087 4
-1.6093898201121082 -2.552851764603544 1.5915811529024775 3.759001468406952 4
-2.9271825852654856 0.466563833519238 3.465069081878384 -0.003108099160381683 4
1.256658400824763 -0.13475477811951453 -3.5506441875696697 2.830897412090371 4
1.7960281174242354 -1.6364797605464005 0.34118599143002204 -2.790128534290099 4
-1.2062611581387426 -3.303034892406245 1.2753255624474051 2.666428649089065 4
-2.547503907593941 -0.11866926505101938 -1.682634820380361 2.0431036788909163 4
2.937646604062982 -0.2380339742452745 -1.4956612303161232 2.4446236064415103 4
3.448589238221954 3.93270425376069 0.7062058797898971 3.1390030896998917 4
2.4431212730938214 2.5111218145674035 -2.159303978488261 2.3778405090197126 4
-4.368205772095493 1.7357035379931625 -1.8973508321718224 -0.22194043173732902 4
-4.191116712556969 2.2938714517987537 3.400738865194967 1.6557868949467476 4
-0.6756298469620744 -3.7472325435644307 2.954325118668363 0.9891097693295253 4
3.8739498779256496 -2.8331353864608575 1.017038554879265 3.909553491628556 4
4.143464130487786 2.5566208900433454 -2.501810530796064 2.9508041410838834 4
3.804243513135207 1.1340593624288444 1.0926801899540037 3.2911369779858703 4
-1.333983570669838 1.79208817390323 4.328046876860729 -1.9620180360544017 4
-0.3556274156563326 2.1117107428172073 3.620656481335833 -2.7189938699487293 4
4.083759157781553 -3.9893161668746195 -0.9556139089480666 4.223295872638154 4
-3.0099931400717077 -0.6267760423757791 -2.961811466184077 -1.740879560212 4
-4.252963366221815 -1.2635745890941243 3.681280120370028 -1.062247408898743 4
-0.6913976070779406 -2.929241553597524 0.22574274854673326 -2.1420551858795323 4
-4.122105896001814 1.2158628806614131 0.013748069364691529 0.1680838663425781 4
