300 60
-3.8132253956343853 2.5192691301610317 2.634041495852218 -2.47610456964586 0
-0.5543169170319585 2.011186600478471 -0.20581135744333812 0.13861965297124812 0
4.301905607969424 0.34646283369390307 3.0393215826945186 -3.0237011371495495 0
0.010084172939441083 -3.851539799762146 -4.367532545273162 0.05989529093078616 0
-2.0840491790831592 -0.00105749256996035 -1.3027867489745937 -1.8705116172889258 0
1.6130699650884643 2.7336513249393795 2.4501338771092547 1.6512036424246999 0
-1.0715298016631545 -3.906572877846854 -3.74456567087944 0.43293026453730055 0
-1.906689606228058 3.686341749476523 2.680601571995357 3.6871590372768566 0
-2.5795318177807607 -0.43088434364085204 -4.498335728730544 2.7679508881722317 0
3.8808541772011953 -4.275906952046868 -4.110768651054697 1.6390852236951798 0
0.9049402571771028 4.05116550372281 0.8820639328551197 4.068146630159962 0
-2.4272740888113167 0.4364092731242737 1.186911830161768 -3.870548423243284 0
3.6821553739805815 -3.3014749881667487 1.533581848333485 -2.2057162501619496 0
0.21071322606389253 2.2536887319183134 2.987495941812683 -4.216841190804568 0
1.521119167955224 -0.2902242622951736 -1.5827775860560587 1.5879229828202188 0
-2.656358187319844 -0.08310699818036604 -3.099286798740147 1.3164480833013175 0
-1.148537795534469 -0.20338960633570435 1.7750232475037018 2.1039989846748157 0
-1.2069865279746632 3.0412619487833457 3.378016729359701 -0.7815049555321855 0
2.417827558675584 -1.6740479050860406 -3.2176532385788326 -2.1572016264796896 0
0.6536279937955859 -2.015558565023744 -0.9928313870161244 -4.008801868410305 0
-0.4244136070823964 -1.323194706500448 1.8769394677441307 -3.9329041700329 0
1.4165951650178243 -1.1668402531076831 -3.980621184943857 3.8924958349961942 0
-0.368163198977117 1.9739171025813738 2.7562129050675734 -2.216870578677324 0
-0.7830735379754887 3.657809422479048 -1.4246271737432967 2.9332772982109745 0
-2.8759354271758655 2.1700698562193788 1.073119181925172 -2.115741454112922 0
-0.6986336072117368 -0.661917845835519 -0.45882723654026825 3.2000362858520965 0
1.2094188177045488 0.20615580925510757 -4.493777826311563 4.431544798090351 0
-0.7660261940450113 -4.487158074935176 0.5934018058693187 -2.86181930888739 0
-3.6696388873792314 1.8845495435269146 2.701735251844648 -3.814243307753128 0
0.21911037088677487 1.7654441716527203 -0.8099992856711976 0.6581903694136241 0
4.099214907026333 1.6462246893787578 -2.2752508654621995 3.467095356938028 0
-4.0218417839433815 -1.7203258362258258 1.7720463471889267 -3.043546749929577 0
0.8333521859103565 -2.383916334682821 -3.126604484441205 -3.942601222378371 0
4.184738995825142 4.005434014135145 0.6434866270113726 -2.8145969088091864 0
3.1356079275391986 -0.24908403340437957 0.3868440848604272 2.875252303108946 0
3.0732904340855756 -3.3200042188687746 3.412665186915304 -3.4528469705679723 0
-1.7213970843194812 -0.3330324526102464 -1.5098631634996176 -0.7436185433189227 0
2.176624806151201 -0.12757294161993005 -1.0492427109888027 -0.7305393829122778 0
-3.268114930822942 -1.408171232660775 -0.36011266781899376 2.30895265927199 0
-1.580164472948013 -1.7962298611376424 -1.7503578967890037 -1.409181048658788 0
-3.010487395807913 -0.765884046840732 -0.9877973846875329 -3.1390338132977234 0
-0.46691408247548993 2.4741033823261542 1.173360898300436 -0.8977857928927907 0
2.6675163070429364 0.20151115201450698 3.7453731813877944 2.892742877500238 0
-0.354327334530508 2.5039224138950695 -2.4283808649927012 -2.3191742502791124 0
3.4856005666746133 1.574268928801089 2.540435323476129 0.5389825982479136 0
2.704311440986172 3.952002183589668 -4.408103648721677 1.1689474738792707 0
-4.134097715069828 3.3810455238307493 -0.945783788864634 2.5669238878046903 0
-2.010932347939792 -0.21811950518180168 2.2216233103508265 3.8009520768771 0
2.670848612387121 1.9551800904770698 1.7935737413793058 3.7168072815879496 0
-3.1756718525247627 1.428734330587309 -1.938106632050174 -1.4515587906905805 0
-3.876731369911481 -1.2863643448240896 -3.9671923921751198 3.3024249846455875 0
2.8154659514733567 -0.6506565027520448 -3.1120417089524137 0.4618756094157641 0
0.8986899378910173 2.053451548324204 0.08275849589946149 2.825415710508243 0
2.8910484747590353 2.344636079822548 -1.0080948023033904 -3.2160179508632494 0
-4.435710522489013 -0.7176884969471843 -1.052270586017224 -4.067550048450128 0
-0.33177403765667424 -4.000504471985496 -1.7867716813258565 1.170024409964205 0
0.3729791888569767 0.9699367629948045 -3.9857117033819245 4.407266038075333 0
2.9560787549651284 3.9762834137230367 0.3257018004009078 -1.7993533212276622 0
-3.3466693139754042 -2.426123930308025 3.00408519105734 -3.2628133685721794 0
1.4324255736350482 -3.307734100649263 -1.6023242523355004 3.9343500717467217 0
-2.483292267483126 0.6737632883023419 -2.3406022587853528 2.096027344758085 1
-2.9742864879041178 2.5400713619140043 -3.771626557427789 0.29227172339928054 1
3.212780635005841 -4.1969321594743665 1.4229999557682635 -2.6124925918229898 1
0.2938032444930625 2.6725622169920795 -1.5513289060568143 0.45458169057847564 1
4.2762571304140415 -2.0316726612502087 0.8098646266194583 -3.1120419948720466 1
-2.97809042971155 3.3903083716347178 -0.8030281279323132 4.497597127505752 1
3.682642173847638 -2.7222039947955885 -1.598085511819039 2.5682045445686965 1
-0.526232315676242 1.9730892752310285 -2.6854746899663873 -0.3492543289177291 1
3.108106428875761 -2.985522251694801 0.16352598677199326 0.8641646093342621 1
1.4847206661428494 2.7705191336646253 1.9588767734711252 2.663193394872394 1
0.4474270872065471 -3.017550070988884 1.8014914380091271 2.7648046845891976 1
-4.18024075652673 -1.9661956393635562 3.473655295206558 -1.564926434363976 1
2.770837618081964 -4.0971036523937485 2.945783744078107 0.17980367043001277 1
-4.426051454646192 -1.2454501705914847 -2.1651492039986597 -2.942336660388592 1
-3.927399428713033 -3.1546232700819266 2.380041059236563 1.229695456670226 1
-4.291286687105741 0.22247853091768688 -3.863417679828946 0.7870835287971739 1
1.7702631197047163 -0.6565185628764513 -4.099080424005315 -0.978695545201122 1
-3.2888658721978112 -1.517785101338349 0.6404511414485957 1.3517518918975981 1
0.8131126887570161 3.9659525405674927 -3.0793251977231804 -4.09647024706868 1
4.433019472553762 -2.3255737501153515 0.6842138782491748 2.869058304478159 1
-4.404780837554888 2.975762933944242 2.6695046793201787 -1.2630609761833953 1
3.8395164399305095 -0.372568682088276 0.6925600541299732 1.9682809172015667 1
2.4429811010731397 3.2957913067595204 3.3586955164067502 -0.07535442215099741 1
0.986533185011033 3.3536446482976836 3.3795010323622083 -1.6404400809396484 1
-4.284872764719022 -2.0556430176639253 -2.526730728790157 -1.852890467300071 1
-2.005023755751343 -3.4143081452445765 2.0679068040598594 3.466263719808041 1
3.6964210885941444 -4.226046600009392 -0.25936029896937973 1.763259600372129 1
1.5530492656990145 -3.8579428146851344 -3.2506762104411893 0.06686356682861883 1
-1.2529755559330096 -0.737104115901907 -0.5864297105433902 -0.6155616602546536 1
-2.8673613984836974 0.1891269295395871 -2.8075980376561835 1.1050293994789473 1
0.31492584835124104 -1.6466050625742348 1.5486507856212368 1.2269143347007514 1
2.1337925359706165 -3.058178304427474 2.1848068719742972 -0.3759902423487792 1
-2.7674260293613018 -1.3094008375895458 3.173395414488038 0.6409097960647974 1
-1.0946147991172264 -2.643427291494111 3.436290037057368 -0.808607221314395 1
3.7683828462804128 2.952842125922528 1.8012475732915867 -2.7287547233260234 1
-3.5381093016902274 -1.1746267590565438 -3.752397015478067 3.883521523910088 1
-2.4059601393122363 -0.44029257344511774 -1.1624602959915817 -4.088713341574177 1
-2.01314532410286 0.016262020065811233 1.0660816123008217 3.8993510283041646 1
3.8034283777016116 -1.0573997496314957 2.4210809890279363 4.385224017273186 1
1.3511549576576942 0.8605900171833671 3.9160523473486357 -0.40019868914348755 1
2.2675820502798683 -3.945012028471182 -2.394812274624583 -3.9128536467435624 1
2.2034130631362863 4.01648334455185 -2.050886500205782 1.1893692816152415 1
0.9320359652593783 -1.9117805209208978 3.698021933677838 -4.4846290976197 1
1.5513229658635779 1.9084390810325536 2.857360226059977 2.380183140332777 1
1.4080525788474185 -3.177627158758108 1.7188429072917 -3.3491055309460163 1
4.261280114427308 4.09845106638791 -4.020699846049987 2.1307879670067638 1
-0.6783702048392283 0.8427359646798493 1.2726831738143805 -1.1709173344636845 1
-4.143342835197951 4.397709011057447 -1.3904273991317426 -4.206209719330788 1
2.8687049336096893 1.2285210818670058 4.440908414177196 3.029779368750628 1
2.3497626979951733 -2.8077306427567246 4.267716866440968 2.862337268784641 1
-1.731108689164336 -2.282457201428512 -0.3703237852964333 3.106483168057073 1
0.8644420811263539 -3.672856330526049 -2.7147825376437384 1.5522719238842222 1
3.5604898669344776 -0.3395165208234512 -2.3650258935678368 -0.9677028027925507 1
-0.4966887154105917 -3.557598267840806 3.3451208896881073 -0.6754402056411636 1
1.6641363335410244 2.8520459490820333 3.5434443960161395 0.8960343901907597 1
1.1659515431609875 -2.3217965328228045 -1.8562847289638311 -2.1567873167440563 1
2.5687864942695873 -3.1888850995490947 -4.469633473079835 0.6488823773874752 1
2.9454869608163743 0.7263483355069719 3.0471261109799452 -2.477533748966566 1
-1.8956446957940742 0.11919059859365111 -0.18681217944950668 4.355064643133249 1
1.1596626275818234 -2.1726945126661876 -0.9595138237325606 3.9460214917074774 1
3.1221590441397664 -0.7087166226065398 2.9393164335885573 -0.04848677032859561 2
3.5310371152970887 3.019217050327813 1.21827746960115 -3.909752037798883 2
-3.6058723725633244 1.31628698503913 0.14789345422052924 2.339402213315381 2
-1.7055489015383176 2.286478772848574 -2.426700674449255 -4.036619685964423 2
0.3836849170295831 -0.381610128134547 -4.235389276605064 -3.0571583296642215 2
3.558301060833558 -3.984717961798491 -2.360097016846236 2.7486151866049164 2
0.5158586328118135 -1.5488001063299124 -0.36796914051495444 0.3200253971080087 2
-4.1825399731788355 2.2816666683262588 -1.6820904772186371 -1.8105450477640055 2
0.5556659046198882 3.5473080326059403 0.48136943088034667 2.2121011191448923 2
0.8843510481464778 -1.4666914851275883 -2.8737885040394264 -0.5881549506894136 2
4.36697689841592 -3.4585735445162515 1.2967825706147853 4.140844924940983 2
-4.026584316790903 2.0935971850687283 -2.0753668180304583 -0.9642236159164032 2
-1.1621259063946416 -1.2468142923431706 0.623720663842933 -3.222922004234116 2
3.3887894084061494 -1.5543571813615205 1.0042467454405544 4.27011522137604 2
3.5008973719569823 1.2958918130846009 -2.039217674191425 -0.17476597256619342 2
-1.538554105019141 -3.964206110287798 -3.441255616829413 0.16254226423917884 2
-2.2940158262349772 4.215718810951645 4.2441922651809785 0.3813863378715191 2
-0.8525912378944049 -3.05969884699205 -2.5784869293959156 -1.7031848397660196 2
-1.8178807571923188 3.596182009751923 1.1376669567988928 3.213210940311295 2
-3.015209560423481 2.5007405991055323 -0.41906077596118285 -0.08891890388138612 2
-3.2862183174279282 4.152543420941312 2.7841978838181705 -3.552356544366287 2
0.2718484748240608 -4.111470579622306 4.061210479440781 -0.3171144472815072 2
3.8785920996617973 -1.2759700998679029 -1.5151512756623018 2.506904052632397 2
2.08279151010096 0.2133721331977354 -2.191746385464788 -3.182070344104457 2
-3.666763771695385 -3.5454670378149724 -2.176904853715077 1.5527778281176368 2
-3.156975443780219 -3.0491999170483775 -3.5939881780590865 -0.43821834537773496 2
-4.02519786187947 -4.076881514703898 -2.3799661068227236 0.4111034919186516 2
4.035854664528467 -3.6783738900934715 -3.255476024004959 2.465696402420671 2
0.07516508299550628 -3.4323316166378146 3.8152130922483174 -1.6257670402658675 2
-2.566909339121605 2.367648655029754 -1.3096929039883007 0.8827671597508769 2
3.943213389255143 -0.27258574749104425 2.1493650484829248 -3.9755368505110837 2
-4.449222414729019 4.492874712575925 1.5730037569234736 2.828234201343874 2
-4.070041085826578 -0.9949688637251702 2.6326908821605897 -0.55258756237774 2
0.3515103061347232 3.5256009379879725 2.904933917675607 0.42369015500674634 2
2.908009004944876 0.9844797694016173 -2.819474201259844 -1.9283684489560668 2
-0.9125793812172093 3.0103084724604012 0.8346236256975283 0.4722732309319694 2
3.321525476751029 3.3471441661138694 2.7195144488597967 1.9340413430281151 2
1.9587279187201379 -3.619913904198744 -2.582458653038703 -0.9235230237138413 2
-1.8127851467904093 -0.1267014961127434 2.5026676274948594 -0.37693685176617775 2
0.04548030481207077 2.995860714637625 -2.474727669334196 3.933852902733089 2
-2.359469036673697 1.4813167999397203 -0.4583196497521972 -1.7214576523109386 2
-1.132200922845653 2.4793429790372095 0.10132443569608673 -1.7917347722778982 2
-2.738031036097912 -0.21035435946275494 -2.0665461624690824 1.4537860955870996 2
-3.5679727767293388 -2.5920884328031994 2.6570997770503144 -0.8205143702534518 2
3.9165721770984283 -1.6555760054295443 -3.051538508180885 -0.2178415089879009 2
3.5367930368099842 0.2187277873705914 -0.8855933199045016 -0.5785983075862584 2
-4.148701636722972 2.636835141004711 -2.3411160357631338 2.426376322138234 2
-4.032387943807594 2.942491755275906 -2.6799515051391385 -4.152181275525661 2
-4.420808003697484 1.5670019461200702 1.8010226813255819 2.182510257978592 2
-3.008574677284943 -1.414122856865279 -2.3511657963335333 -2.9393467175806633 2
4.074762553158134 -0.1238987418223213 0.7247815146560536 3.7766739082534255 2
1.4168374664567192 2.1666158663533603 -2.2141503250933123 0.3600377657704352 2
-3.5106482111650923 3.0491618229988013 -2.120596022055078 2.1748300307642294 2
3.7252794485029646 -3.1012141288553194 -0.29613248456970553 -1.0893928588639241 2
0.4161458600529603 -1.9484538913146674 1.4052651822735358 0.2827758665163167 2
2.1658205777381023 -4.245566464282506 -2.6896558421794046 -0.7540898175377818 2
0.11292303097248335 2.6353336982097497 4.1084415712460345 2.710216926615282 2
2.112632170132741 -3.5263455170972313 0.10897744079513949 1.4441692638041144 2
2.9964609786039818 -2.3594334289463403 -3.2186571801061294 -0.7812596428774478 2
2.7700886809514804 -0.025840513237987528 3.553347325338692 -2.806916921400563 2
-3.0525681137643534 2.1063660981030696 4.337292010492247 3.132999763134716 3
2.771216569252773 1.7901103498735398 1.675152884285949 -1.1373826382952514 3
4.1836170512426545 -2.1946999391464392 -3.6713020364711006 -1.847845708027457 3
-2.3781390570181644 -3.1749291736955993 2.168968270589552 -0.7054077182786161 3
0.3546558895559122 -0.90496059852856 2.7259743025945884 -2.557831712401575 3
-1.2900415615688394 -0.35725859161324913 2.9137151708178406 3.2410042500697465 3
-2.029119948638338 -4.461656601014462 1.999774472622199 -2.66387278186476 3
-0.25424380033729077 -2.0170393514266816 -2.493977031198317 -3.921350426235903 3
-0.451947519631007 3.8598760261043434 -4.038287879767884 2.1516266896535203 3
-2.8889513384875043 1.237352202061286 -0.07635023416104114 2.3536009669587843 3
1.2997340663619648 -1.968361347990312 -1.9552844537373075 -1.392598142238382 3
-0.26200802943838597 4.226504774681918 3.5523323663219433 4.47645060553062 3
-1.4178588713897358 1.9111066420696463 -3.5841965176915878 2.5132688279386413 3
3.061972401131786 -1.253780030547307 0.5053372005681249 -4.459060901997356 3
4.4092272064790725 1.1328231642986815 1.0489513077974766 -1.9806463125505982 3
0.008867435345301544 1.9341676575562543 -1.3449324007322838 4.223509985961819 3
-0.6855305952009682 1.9109405055923379 2.1841012209330395 -4.009304336724977 3
-2.0267785499885744 3.8448748291111956 1.628782174053836 -4.383039076189917 3
0.3776655414038349 -2.3251545577146993 3.4757447072162053 0.8701426490645328 3
-0.5652299841164794 3.5558688655880566 1.177391791187489 -4.351961220917629 3
2.763497871649016 -0.13977943165202977 -3.745927169352151 0.2353761788055574 3
-1.3346849093370308 -1.113773273079384 -1.064388525606795 2.8646592845228502 3
4.330758218361686 -3.490084933814704 -1.9442513653300764 -0.9030088501561594 3
3.501215060122882 3.218479860840293 -3.420011348018521 0.02583836934163708 3
-2.480504346564351 -1.3557713924881878 4.095194146366704 -2.1069281400408504 3
0.6260389805288991 2.7215343336622206 2.61748468114716 -3.0243949730704927 3
4.054008648043228 4.426278332247909 3.4731264575148693 0.11369866711951349 3
-1.9689146380599731 -2.7687278309323435 -3.3677265154391685 2.544269725063527 3
-0.11047362599260646 0.5180751084066144 3.4882804027620256 -3.194449482665757 3
1.4103421235394742 -3.5316798091709716 -3.4432567171928534 -2.2375038138741816 3
1.3172041741963798 3.7924117261050427 0.13453599118845438 4.050993126521408 3
3.736809610465872 3.993965993700678 3.2453926137129083 -1.5783662213733989 3
3.801056377786955 4.147000447343781 -4.164660161256255 0.861370760080575 3
-4.061767165952855 3.744163716320395 0.6728586640710361 -2.3261603207714785 3
-2.05908472897107 -1.6140083808046004 0.9320459445528988 4.3343487342331235 3
-0.37247183146833407 4.097523555068713 -3.2005174352392345 -1.6667786391196397 3
0.9458001239015691 -1.325761050131668 3.1314019581884702 -3.067426002448987 3
-1.1325811720250947 3.644356399408506 -3.341080836590182 -2.951803280162049 3
2.901128114123736 -3.262160517876217 2.427277954235916 -3.353129716577193 3
-2.2618632045854827 -1.152493190376843 -3.6798787404228173 1.142614150136434 3
-2.5493220873884437 0.571335774422559 2.4014715961853392 2.307117911896909 3
-2.487251160486174 0.6743204680229755 -0.6020738947784592 3.7494026866588013 3
3.9242215926556945 3.138083779802274 -3.142122400150063 -0.5263060255967402 3
-3.6066288322568876 -2.6378568146661503 -1.1764156027684343 0.4156742293259118 3
-0.785256819624005 1.3151481899332271 -2.760639643324729 -3.1758939756416087 3
-1.0209027344860342 -2.2354886849381206 4.350225014566556 -1.780864403247047 3
-1.398068665841358 -2.6638777212318803 -0.002682984613212147 3.7464151670919232 3
3.256800475704146 1.7752654110899586 -1.7761332263917209 -1.2006358173568432 3
-0.8007380783465147 1.8038828538897376 0.5683961354389035 -3.8874386239966956 3
0.17756385730853574 0.23635990042713273 -4.2896057982310625 1.1948272632498553 3
-1.193799523824421 -0.10603477284923601 -1.1620682060891432 -3.784488963512382 3
4.369646175258324 2.560183805814732 -1.9202603532320426 1.7411078421219213 3
2.9493026338656927 -3.3806533371823644 2.336459782269263 0.04856526981901654 3
0.038465847761885885 -1.197891536381436 -2.5131226275164433 3.055464367914814 3
-3.6998372634521024 -0.9425067638728672 -2.6307628537484318 2.312239948699779 3
-3.8323109274096754 -2.3938225698127735 -3.120984203803452 3.913678203744966 3
2.6888644012644853 1.6759572861956942 2.460337038198555 0.011157849310740486 3
1.7869197451193402 -3.785779107622677 -0.592458341942693 0.6567817340603295 3
-3.0241595017149634 -4.3057427033621956 1.4500289426019268 0.5209439606644849 3
-3.6223692578097375 -3.5890307781469524 1.7623545826596945 -3.710870575702623 3
4.1413022245899 3.545561371242007 -0.7454731765055582 2.2813397639868245 4
-2.6617141930191295 -2.215683407631426 -0.5548321079084395 4.235978507942325 4
4.1479006422221385 0.6299788241297263 0.3058633302320455 -1.7014236199143067 4
-1.1832903657925684 -0.3011013767240409 3.528758312873906 -0.7000242100412323 4
-2.050110461899254 0.7521955199045581 0.4156714847044237 1.2723675796316396 4
2.0274464015080444 0.1390343016438037 3.2040734697536126 -2.6150518274314365 4
2.885997010846777 -3.481105184451202 3.3642048554857578 0.663585188920458 4
0.9328767647212075 4.40642067574918 -1.2020001386822026 -1.4827937665852806 4
-3.1582885511919914 -0.044675402438009826 4.336027174617085 4.023718596442445 4
1.171307559975693 -1.462235218093808 0.4104301065613537 -1.3826813597598422 4
4.181555873272323 -0.13130633077090337 4.26490646868415 -4.3529313057261465 4
-0.19171182314041657 3.623973339837354 -4.059672718942713 -0.12053786798867483 4
-4.356806298800041 3.3199664307899495 0.7829199818989765 -4.4410695873211035 4
-3.3383393929102194 -1.0874842359624328 -2.812546049408885 -3.7241583960197655 4
-0.10389446612116104 -0.21097172775907302 -2.251779016316239 -2.8541085078709507 4
-4.145322976486939 -1.6460358534514246 -3.3814466790067628 -3.3348687733812685 4
-1.288847786693887 4.1056139417754975 -1.157470699766003 -3.3413632077027158 4
3.752868374807318 0.7591377077693809 2.4607968800599656 -0.8749548571945271 4
3.900309344435829 3.27341163010018 -3.448573884131477 1.3621485184579438 4
-1.1184956899512666 -3.4472983404989646 2.593656431641902 -1.2631154730342264 4
0.9642379221014867 -1.592915047215975 -4.444788517253003 1.3515120595878942 4
-4.4123174737953255 4.330614169120835 2.2859092802541556 3.503620790748702 4
4.223484859040992 0.3312580120116799 1.9183628948808118 0.8716035316389978 4
1.063671319975121 1.5198012158493277 -1.412241343525801 -2.305494597242345 4
3.838848381396457 -0.2924218977365012 -3.9161286565766464 2.8737326640559573 4
0.7459035880915983 -2.4611430914660684 0.5427349307674347 -1.9089339537059085 4
-2.3184158174546994 0.19900975250331465 -3.3781516484135223 -1.9047465228845217 4
-2.437155437307884 -4.227724931129453 2.3200514748526113 -2.557884387687411 4
-1.1843283646678762 2.249506297228974 -4.031075824172393 -1.079570293054394 4
-2.0063683548403612 3.264335446392727 -1.4777111327988632 1.7733565385761723 4
1.8225214625988333 1.3798719823324432 0.5040072093297077 -0.24560435070493958 4
3.5323482681282297 -3.835700723250544 4.284670030316478 3.097095981971222 4
-2.8911114044551485 3.6834320021344964 -3.3466312908713336 -2.2644480687914728 4
3.6633363913781163 -3.795594696913594 -0.7257243381678021 -3.8562893921209285 4
2.46808397299699 -4.361108261067984 2.3232776681239122 2.4135644426261673 4
-3.2828800196830863 -3.5121548367566073 -1.8681779379790195 3.6481987678297894 4
-1.8540397996345557 -1.005584214207511 0.4723566513837897 -2.4874772544990247 4
3.697864778437755 -0.5724196850434022 1.0934462016992812 1.5531246781475743 4
-3.385358303457694 -2.048861275643397 1.9579380107948285 4.242092538072109 4
-4.442608547088456 -4.2475553739342935 3.722792948302879 -0.780512567593747 4
-0.6203851068921457 0.10969441372598587 -0.6135691462417238 -4.288926325801531 4
-2.2503457504881 -1.0809682497678672 -0.7425090270250466 -2.905662082646517 4
-3.569679245776146 1.4293940559701575 -3.4184854790664896 2.8426119514317456 4
-0.9665498657910851 -3.0462696047280686 -4.303681562674488 -3.33848115976189 4
-0.023457318424022544 -2.624626442223542 1.4792814715335267 0.6046652025080818 4
-1.8708364983034262 -3.3824661042472397 -0.6387392801907716 2.7682383414087126 4
2.526574420482905 -1.9861629455189609 -2.3568635275163388 -2.6404245582520107 4
4.10108990314843 -0.8511128019282946 0.12314538347174175 -3.5401206330167545 4
-3.103249574860987 1.846916720940839 1.7017045905153498 3.9151088620410652 4
2.1020233343279777 3.431876814210428 2.8028167481410624 3.4308774644411297 4
-3.3163877166314246 2.608973631698912 -3.843441701591092 -0.6836909460487779 4
3.237831787154855 -1.7593353432370509 3.626461184497377 3.0722736006211733 4
-0.4096603654990749 1.0767776313772 0.844128100305284 1.3897642655194775 4
-2.290381710139459 3.342203276684325 -2.1058962656383615 -2.1129085047025034 4
1.792748294199781 3.210147412823985 -3.8995950519720264 3.617373850615088 4
-0.45076455073293487 0.17098526639480727 -1.8991020557764904 4.432514171178527 4
-2.751709994728954 -1.673780565637232 -4.438551449282221 2.692110343317706 4
2.065609435679288 4.131070003509479 0.23221053198967279 -4.121808527704567 4
-3.131074184211629 -4.044208250401179 1.468709346972926 1.822120204712054 4
-3.892925932923374 -0.5807540806022897 1.796545883458676 1.7633775705589882 4
