300 60
2.4993216951643813 -2.3621290196857894 3.899902406518044 -2.974656864138193 0
2.9185067939523166 4.1917427823869975 -3.278848272853626 0.8495739321435479 0
4.25341002514404 -0.41895677324419034 1.206964148014729 -3.8418050851955763 0
0.9813821648515014 2.4797386314436203 -3.5170763636610505 -2.60924046637099 0
1.2745201028316226 1.9981640656525244 -0.669271447486112 -0.13320275619271138 0
-4.184671283087064 -1.8139547619973855 2.2357168997285877 3.492930161043012 0
-3.973387573061327 3.2135484832847903 -1.9859761571242243 -0.15170687890898504 0
-1.1443137491267326 1.6186315642028726 -0.2918078777652193 -4.295097422208035 0
-2.193480456060329 -1.3717690636275723 -1.9879848186111233 -3.9531729051870066 0
-4.415285069271276 -1.2749959556552724 0.2989099189421034 -1.1458031402032338 0
4.041847635103894 -2.5389089178148 2.864656399595891 2.482087828941143 0
-1.6254777025767186 3.7599514740052866 0.43184180237389147 2.974973710778232 0
-4.212867002040947 -3.9142391666173695 -1.4149523623165594 -4.420732569917602 0
1.1684609919704068 3.364320989515848 -1.3649830455030492 1.4267215762781902 0
-4.421558409265936 2.219195132945438 -1.557731227071169 3.6793372854802433 0
2.8155705390236108 -3.8185429844495995 -0.9477656053881686 2.4687614991732327 0
1.4080980113726205 0.08335980075166372 -2.8439090124621385 -2.3557254254645965 0
-0.18104947653255166 4.100167304379597 -3.1836451935962544 1.6720851631082208 0
-4.499891697874634 -2.277191691072753 2.2115810397509335 2.605187879813943 0
1.9100941012042516 -1.578761551919582 4.492038163582719 -0.06850745190924379 0
-2.0070327925457145 1.759009072981271 1.6115404173527204 -0.6029188477699357 0
3.7669657333135387 -2.299718680218087 -2.2935071990938845 1.4367697431731754 0
-0.37722764450912694 -2.223065854606442 -2.0111334168762687 1.6461807695318953 0
-1.0860003766524047 0.9408494576853994 3.7962710426930277 1.602639706599266 0
2.4514088371250224 -3.8887425288502695 -3.2961118516998202 -2.010375794578214 0
1.6747657126858209 0.43434087656242737 3.6571562683379817 2.0389311115315367 0
-3.258125525175685 -3.611221027155734 4.090346426530926 1.6135045876789325 0
-2.289968052078099 -3.1339200367397466 -0.2585137372735625 -2.595631147322523 0
3.8339503154119607 1.620945140441779 -0.0004625860467367682 -3.3552784600087393 0
-2.3610697030828502 0.6199672730090438 3.853689924214133 -3.408415864648498 0
0.5096884629096238 -3.8453651020408697 -1.6273798405854611 -2.0536759286176056 0
3.057376593744638 -0.8521245657168175 -1.478980149254165 -2.7870486066377267 0
-3.196161098583074 -2.781719472000657 -2.2882835551339773 -3.523860818868342 0
-0.08423876641355232 1.9082193682477797 3.603096905180467 -3.1609832416853667 0
4.364446119309073 3.3730785156154 -2.9697257276293736 1.100704623163185 0
-0.008624844891954142 -3.53898005405662 -0.9124093399034807 2.3626018489290264 0
3.718915262906787 -1.2157563520234351 0.3729736023747199 -3.5525189014145773 0
-2.4607091079051444 3.3518867611088563 -2.696302747135972 -2.453493117966746 0
-3.2727748341668583 -2.3725785586246175 -2.6386751189632554 -0.026447607115457905 0
0.8585932081714128 0.5753034817084355 -1.846534780167116 0.9366835747968558 0
4.1304125878496745 -0.42084600098760105 2.130514239618403 -2.213577447807164 0
-3.3393773287931356 2.34510909090651 0.5573375522696957 3.5950602124838236 0
-2.685293323972963 -2.9184312310813656 -3.9523169222432095 -4.227278003297328 0
-0.5659378861427004 -1.437652774369687 -0.7345487287237028 -2.0194207391426153 0
4.2052779770451245 -3.212765306211856 -2.3168880399570617 -2.2102042324014755 0
3.1010267952550623 1.5246552598259662 1.2775650962685015 -3.968618119832392 0
-3.5162558272840894 -3.705718139736534 0.21184648005329187 4.042924596329268 0
4.198158371496513 -2.7513226330829417 -0.5143185734077418 -3.345431010595715 0
-3.7628994598348937 -2.0755377424812274 3.992260928028223 0.3178009221238829 0
1.3511746621182004 0.4209952081019449 -2.1897923484078072 -2.6692421416808934 0
1.7705235946792586 4.167882699326358 -2.1087844300654655 -1.345223966623998 0
-2.0005062324172145 -2.397361843368298 -3.761597255947037 1.0388071700685997 0
3.1110484903123026 -2.48208776437697 2.360022153097098 2.6082142547815934 0
1.7001566960282037 -3.1185482671946456 2.1094374366070605 -3.939828304827379 0
-2.6676167745997783 -3.891609957567807 0.41842803297295517 -4.160681525429813 0
2.245371258914772 -2.8792854412378612 3.494383916795421 -0.12431475021992044 0
-3.3816536077506867 -2.4767345348208325 2.7928962000652766 -1.7618153155314253 0
-1.9848640171623824 -4.195604420605898 1.6979108894927326 3.7683161657830038 0
-2.2104073346276167 1.5196923577914878 -1.4553977443684496 -1.6791089322978494 0
2.3392717255866726 -2.4658702716004486 0.839434347195847 -4.402766281372905 0
1.00664630392987 3.7103047588675713 1.1528234744932035 -0.9578932047706272 1
0.37449565452012246 -1.134494193814236 4.450154590285543 -4.13892136612854 1
-4.381194369915904 2.9638592506918937 -4.2133152576280795 1.414435982026029 1
2.849053749422202 -3.782518940194022 -3.166852736262247 1.685366471073541 1
-2.9549223209055167 3.043341289988999 -0.12978444156425228 -1.3982123180571824 1
0.5774425097562997 -1.351960077590717 -0.24151431854628302 -3.846756676459921 1
-3.194973334300799 -3.6133283167467596 -2.2975398390784947 0.1628711118644084 1
0.5416327648447263 1.890593010567574 2.2373037172222245 -2.2557999066299774 1
4.0578392936353085 2.232461989135687 -0.22117335318650055 2.7682421966878485 1
-1.1497858881829377 2.3262957503838333 4.19345556112548 1.2514974965887742 1
-3.860338387838327 1.0966083205588057 0.7989122173699447 0.08301007149598039 1
1.9864262756083029 -4.123722427908934 -0.6912589345694184 1.8938373453956956 1
-0.9428236356273078 -3.0479505889032747 -3.103620803446561 3.551510012248039 1
-2.015252235201073 -2.461470090181699 3.0377178973402255 -0.7514283782862764 1
-1.7578446272542618 -3.2738995699024387 3.092487295298443 -3.7538955074109994 1
1.7482505183869685 -4.024204182148277 2.7662384155359967 1.7095876113259683 1
0.732944707320369 -2.88244684230977 -2.576465018403163 2.19444186337132 1
0.06022215503206663 -1.9663304681841587 -1.4257829250137732 -1.206759061442846 1
-1.169308101156365 0.040760216773834124 -3.233495341196808 3.2241067974498137 1
-3.399019098379404 -3.3240222086451245 2.1446775339475233 -3.18609468358897 1
3.0997283083894764 -0.9702130792673762 1.4442782102153058 -0.3538238919003228 1
-2.973937692070052 2.710611615784507 -0.35629142861129026 -2.388668821961707 1
3.691157670553941 2.9661972937788197 1.195364425932493 0.6718179519391808 1
1.9264583343020092 -3.60569111410464 1.1598443357319819 -3.3529303554973007 1
3.7197111962418976 0.7018141154918976 -1.43263794503855 0.5299614707439053 1
3.602479065755025 0.572131546821522 0.8364641892347173 3.6869785926219714 1
-4.411391032802803 4.44815426516933 3.150642846098027 -1.2692602833800564 1
-3.3084194725613587 1.7337263196718569 -3.8936375969200645 0.5021077281130305 1
-1.4914057285743951 -2.878166181516813 -1.0636750379309143 2.3492175966736437 1
-3.234621013454209 1.5232266957550253 -0.6417902219403939 0.35121328472755065 1
-1.7653115445206575 1.022890805083815 -1.0790486223399927 3.394813483585493 1
3.920394467537253 -2.6738559640053605 2.3905410422220292 3.642213565706375 1
-3.4235086845979925 -0.9702840337837046 -1.7980101675361655 2.284144422192703 1
1.7508530397811441 4.0047032982061745 -3.824803451688681 -2.1168766363316203 1
-3.0295575503581857 -0.3715802484664986 0.13713692782985487 4.218088782711586 1
-1.9902280382423025 -2.6585993340379934 3.351149538577693 2.573922972988205 1
-1.724975729995212 2.660486133702788 2.4002249121415713 -3.978950538576833 1
-3.664385712840306 3.3211726032786006 -0.2709805622030218 -2.2400662362361805 1
3.0034384297804557 1.636141978881311 3.8668288030966593 2.1225922060520017 1
-1.8376716825564219 -3.0049218300843865 0.25017213274161954 0.7472730550844459 1
3.770471615443348 -3.8571737965323347 -0.7840793064308417 2.6564089589422126 1
-0.22978736019441548 -1.2579352220780367 1.4402490681029474 0.6709430474396526 1
-3.0624202574480135 4.211241833667146 -3.2870460573247033 -2.2631016220851152 1
-2.529436693257514 1.9060236574447469 -1.1711235079735012 -1.3620251347285994 1
3.4116794432697883 1.5201341378710724 -3.566016969195319 4.093344038859872 1
-3.208315064683229 2.635991828371477 -0.8210580188807756 0.9919218010380552 1
-2.5603857256342137 4.103550276191303 3.7885657120586465 -0.2346717977700974 1
-3.7542779089142764 1.269270761851073 -1.6617118560392243 4.207416257290772 1
1.021016208654161 -0.17935365564570305 3.5072493386735193 2.549236661284143 1
-3.013262130152038 -2.232133603113819 3.40861046247818 -0.1035879137540402 1
2.0737559930389007 4.1283061326236705 3.3352369403295885 3.66151659494556 1
3.8322188340619165 2.1365990895246183 -0.6328395654816269 -2.68176261716724 1
-2.3968632616080905 2.3805249947699973 -1.940999173517295 -0.00992234146531068 1
-1.8241900239268598 -1.967778519755025 4.103086954657602 -2.8707498207171205 1
2.406613546068059 1.6720883910887636 4.100207941103657 -3.8451242381457766 1
-2.0421543589395306 -3.0282022905108255 4.044131361304829 -2.8275098120694704 1
-3.573752704452721 -0.09556595444668325 -0.8564778932184353 -3.8858141117777114 1
2.9977619874670416 -1.5906899116376687 -0.808987045719308 2.114539223904441 1
0.8634605922510994 -2.8652275786419876 -1.3490097444267013 2.4321204322391865 1
-1.6043452934634264 1.7578234765691807 -0.45059027429027476 2.05047702812978 1
0.014064941669340913 3.3357705017596246 0.3495759266635289 0.127571369370982 2
2.953445372249927 -1.820216337368711 3.775861137965965 -3.4293001615450724 2
-4.238153131861594 1.2886226005372032 1.6389384610895645 1.1231483267925633 2
3.322700308779825 3.1548371061672102 -4.1975560412650985 -3.678011789730858 2
-4.366919382214121 -3.1366717737673664 1.6046282557971456 -2.713035895533351 2
-2.8588325093980163 -1.9627044999008143 -0.7644169551992114 3.7835316868251843 2
-1.6430830792703575 -3.765078572661679 -0.9011054045308269 4.440653379252548 2
-1.2044832042686076 3.635763473624297 -3.173554608123323 0.9111755648751247 2
-3.395505813837082 2.5413910138748257 -2.7849325456859932 -1.0180776221343635 2
-3.9883242996121773 -3.9307375732616165 0.9934189044574506 -1.9903882823353345 2
-0.6394429825586325 4.199035064392882 1.4474924383339132 -3.4393305969778867 2
-2.5492416509313096 4.032656564645641 0.7039609040580969 1.1851838090643245 2
-4.112310347148637 3.4935389099713627 -1.47896553918162 -3.7538683550855705 2
0.5878907090018437 2.9001762891102336 0.09614780449897342 -4.060970763210156 2
-0.16366602382463913 -2.237291277065522 -2.668217535604229 -4.333834818021631 2
3.0969375289273944 -1.4313954804297069 0.7487956811894203 0.787954887264788 2
2.0732143649110424 4.0961136746372695 -2.5028684230497555 -0.927606987380483 2
3.734435383597111 0.0864379453098657 4.423514467897407 2.773236140967641 2
-2.3363193930778894 2.621805855417075 -0.8339623388099006 0.3911980555211979 2
-4.090206189108556 3.5997188522293158 -1.0989937009608544 0.28624340819486904 2
0.5914049131524314 -4.354568674802207 2.0006955552803714 3.7409879560135995 2
0.17918457375132746 -0.05621209617071554 -2.955120804661073 -1.1168222801657806 2
-2.5838822657501237 1.063053791698439 2.5160288678829312 3.052485452180303 2
-4.485841572591017 -2.394536209200029 1.1015112906781004 0.07280372675454427 2
0.24265287024420423 -2.707713726582937 -3.7994117190730257 -1.6768424923383218 2
-2.3066772480631794 -0.5723708607947772 0.2181002283779575 0.10170825240949855 2
-3.99922012221562 -2.6262145751550525 -1.0506486741968233 -3.946175863470471 2
-3.8372298524135187 2.6858317736533275 2.5035012625874824 -3.3469612836992892 2
0.022426651024460176 -2.1461117374440524 -2.1211069545226526 2.5861421626192698 2
2.6710088034898622 -3.1042908992741944 -3.51976542500913 -0.7896295405005097 2
3.293799478483436 -0.3507909516880303 2.7361048579184426 4.234915233952446 2
0.5557071715071535 -1.6897836075789765 1.8092890051982926 -4.3789435160492545 2
-2.3122820874353867 -2.0098392543669084 -3.1056629902355555 3.0810311930335006 2
-1.2606889484229682 0.6297510437921866 -1.8514806174218548 3.82901670482435 2
-4.223279174522206 -1.0282084690592441 3.7727342870742833 3.0591050252042846 2
-1.4291356137890876 1.168557327295366 -2.283655035294865 0.25231609276990186 2
3.3173889639952994 2.453754958592152 4.497158597807451 -1.774404519577508 2
4.422338829208025 -0.7566078549957455 4.422360577067138 -4.270416260536496 2
-2.568188289799795 3.7969792913880953 -2.185516254492409 -3.3003825075702373 2
2.8303882257422623 3.7250818912805443 -3.3115784968276447 0.6565147407654736 2
-2.6036970671798554 -0.27718579349423966 2.9209819959588095 -1.5171545409078309 2
-1.5883481251635398 -0.438519088880836 -3.145348127293049 2.2407839838938055 2
2.046825457135815 2.023941969378164 -4.384341667495137 -0.11266367343361594 2
1.2354279785257272 -1.4471863078499208 -3.807355330902865 -3.679964545857493 2
-2.4825327688668613 -0.29060313244182523 -3.23289580761752 2.9058382159210203 2
2.2384958754679958 -2.8491818211037594 3.563895343664944 4.132884700766039 2
-4.282569385963527 -3.5547345745490437 -3.0437388054334624 -4.32142243367925 2
-3.339403312398524 -0.3194481651151434 4.060633730466588 -3.168584743777934 2
-1.2932520025353416 3.7751366061748026 0.4806590211833497 -3.5810018456300874 2
-2.626757726736144 -1.0732207687174382 0.9106090320778579 -2.0668344571809882 2
-4.307420939281703 -3.9614021066774043 -3.711364896887109 -2.8264069046584073 2
3.0399689024612115 1.8195244372783153 1.9323602216082771 2.1468617468249693 2
-3.660581941511926 2.6220840808393238 -0.25241908603770613 -2.803025436115961 2
-0.9325390864952893 -3.1923470126142846 1.008111229009186 3.532603371633078 2
4.36434544802585 -3.429013579099167 1.9999324637209606 3.855831142321277 2
-3.2309616762010425 3.1852748289491557 4.391416796373408 -3.2765410080008324 2
2.047863996065259 -3.8778360744244544 -0.5654109764794903 3.74034272897031 2
1.0928702625306446 -0.603090671952203 0.46308445164029155 -2.279148953206752 2
3.4864285057719524 1.062089210818982 0.3801473849019923 1.0975996681410312 2
1.4472943335345971 -0.22995008422005558 3.015412568013796 3.7277078814835845 2
-4.4539056936130255 -1.04095571234393 1.40100874876899 0.46457535019450136 3
-1.832890443288567 0.44588338835252095 -2.522459771051248 -1.9000894067861138 3
-0.17573213089330098 3.5046466215142207 3.329730486164503 -2.3565801258245185 3
-3.172103917023947 -3.869808791102658 0.7221450114850556 1.163158342202542 3
-0.18755580843663333 -3.377095801822773 2.525234158434783 0.01580235073077163 3
1.9897595602287415 -2.55986165853348 -4.056670155510025 -3.733869060528812 3
-2.3134017107419416 1.01032867273666 2.954520744281078 2.969580402882511 3
2.5988118257978297 1.6362141609057057 -3.7316289775600433 -0.4387685367816123 3
0.2870555457449173 -0.5492509162547282 -3.583987112560445 -0.6047483800121521 3
4.40262249977821 1.1054898093437633 -0.5009918566427373 -1.319485211320678 3
3.7682248599863737 -3.155650431123094 -0.4103879124469133 2.6976696688913715 3
2.6556246529156313 2.1339455094036754 -4.314221606285596 3.114165687423075 3
-3.1137776225086364 3.819632924691853 0.40897831383310934 -2.7687279583803557 3
4.447185525204334 -2.54915169420475 -0.020788161846118203 1.0168038704825002 3
-2.744618150902233 -4.068177969583531 0.1961299336012684 0.7967125989331473 3
-0.09222789293059075 2.7020622282488023 0.32254491949028286 -1.5786639203146242 3
1.4178568473461493 -3.3120657889703913 0.3133481448087978 1.1787022638051723 3
4.000894010778463 -1.4354089047946887 1.2685300559326107 -2.8740530928642993 3
-0.19581558548532707 -1.0958055881301783 -2.8184332647443755 -3.8231452491250106 3
0.11590150289624834 0.8016328719760418 -1.14537633297734 1.1054432673316241 3
1.0943565198465786 3.2254956053205626 3.7395617195284148 1.9947025606347233 3
4.0515541002297075 2.749757156453977 -0.7421371609198278 3.025115101417922 3
3.3754494937885693 -1.3969101870751042 -4.476674089177743 2.0341392699805017 3
-1.6296921362388108 3.4348881168728176 2.3316562119386006 -2.4606541458362834 3
3.832055681436135 -1.0858555988790566 0.42625683513741475 4.273847948965989 3
-2.330026104954891 -2.2058822200838475 -4.450320074785474 -4.085778710724877 3
1.6060182242619723 1.638464212175439 1.8264768355816638 4.227006863422984 3
2.395287134792981 -0.2963146414790818 3.22006022646855 -1.3250032542419732 3
1.5471942476288976 3.2392820029505573 1.1242651659279126 -0.2002547991337923 3
-2.7851242037626736 -4.290515191117031 2.70923796754691 -0.5109858190058614 3
3.0338359434534734 -2.0005845032588043 1.23781006490879 2.7202318893251483 3
4.269851072214346 2.323955101280674 3.127834766210163 -0.13637771974895618 3
-0.5529241503014677 -4.14855706699436 -3.6708271327810014 0.9207344259429189 3
2.5213227278718255 -1.2874576938922293 3.9327935178777444 1.4429113114345113 3
0.6271549777203608 4.4332270672794625 -4.260188492318059 2.196954201336574 3
0.8213088627517013 0.22409533960371641 3.5174426507257897 -2.825616402654977 3
-1.5618665168709702 1.0715845610990982 0.9210639505674161 -1.2858934796597092 3
4.447138333924297 0.57653595542017 3.133869783151707 -4.172687266256908 3
3.265363292633502 3.3038224728917247 0.31293774104596694 -1.8978141419379146 3
4.362451228438796 -1.8785949428930597 4.497374371038348 -4.354772695936727 3
-2.8609871605804984 -1.667104774638149 -2.230594883897801 -0.045866623625142044 3
-4.278450106180312 -2.5282173671047445 -3.398505547261541 -0.6380539918428216 3
0.7636985951821881 1.685938906177741 -3.2521188168589323 2.1838706095804166 3
1.326211663258702 3.197208912108974 3.8472700605848416 -3.687154798688474 3
1.8099638918267766 2.9831432004267775 3.5455731452587167 2.3482281639970934 3
-4.374609588591767 -3.461601575323175 -1.6055431003882847 2.1804201201082023 3
-2.8028002806263914 3.4232565625067584 3.9671192531896624 3.545766512185173 3
-1.858648806611702 -2.5510834367125246 -0.5689286742422506 0.4865811592921605 3
-3.7024446607764507 -0.12881605064830692 -1.2043219120901922 -2.912781891949109 3
-3.3246080591789777 1.3175087910966088 -0.7253510402443114 -0.6873755027452562 3
-2.061572830504979 1.1716350272295084 -1.9667652770603337 0.34377603639038645 3
2.8158381798305228 0.7269022232288439 2.2786029507650296 -2.3224465917581405 3
-4.444920451927759 -2.684728345790416 -1.0002720878205187 2.9680658103007653 3
-1.7941598351273358 2.986642078470038 2.5159536045646727 2.3125669936861666 3
-2.612707017346294 4.384452305561996 -1.9742931447854253 3.596231039254118 3
0.0895466007486887 2.9075847274318463 -1.732399044742965 -1.176575279492972 3
-0.5346353491600492 4.317348945762813 4.06990314895133 3.3156940978460567 3
0.6075499862880968 -1.8514440423250385 0.878139937797869 2.4391549587453047 3
3.2244476588719397 1.8481587120999827 -3.865562516521251 4.360731908932035 3
1.923522881782389 -2.32728862259825 -2.2624584236407586 -3.846763098329655 3
-2.522694805703402 -1.3896049613610488 2.417731090180237 2.0513446522001626 4
0.6731963974784547 -3.3556137145599516 -3.3086721897412064 -0.24748320409822433 4
2.306309912381109 -0.604857597669787 -1.8130302921523982 3.2363672845530855 4
2.2631584925472694 1.5783653122252392 1.0708024900225248 -1.2204797292173986 4
4.489780176710429 -1.1167424305780576 0.32404916270255224 1.829367417131689 4
-3.596427453050395 3.3495684612865855 -4.440428186114814 3.471588061853151 4
-3.311690665882648 -0.4999475205925006 3.6778778638969185 4.014703756286217 4
-0.32201475991745143 -2.320791237279437 -4.137349891863919 -1.7062037982967109 4
4.493486126328618 3.7199718705665052 -3.631633679907978 2.7015848321606293 4
1.4175411835258944 1.4381990171919266 -3.2986694755604447 -2.447235617953135 4
0.36836238221106854 -2.205802760208791 4.411459602181621 1.404516885594801 4
-2.5291501054678247 1.823956411324378 -3.73031382049865 3.373072281591541 4
-3.951466718753342 0.09574350234768059 -2.1993375189069866 -2.167491562313855 4
3.513591696077585 2.6917134145266775 -1.2017694979851288 -3.902627550703191 4
-4.344350302112825 -2.5885014266338255 4.266602665007692 0.5617719137700776 4
-1.4228410394108881 -4.131955544784189 1.4023340277102836 -2.7669490588314214 4
0.644000908044381 -3.9470499975525324 -4.428733417295221 -2.853953255959108 4
-4.369593055347824 -3.9899997725547647 -1.8746460813924166 -1.8045917308127217 4
0.047563209476618296 -0.31960910548446586 -1.8580225154662222 0.40215695043069666 4
-1.7501132343227193 1.3759746861587256 -3.9713362721455696 2.3927388182917366 4
-4.067198460238045 -3.399448423646291 -1.5465631159894784 -0.13632195509040834 4
3.8824313900623864 -1.2828610385345753 2.6854703322723457 -2.7006057092522084 4
-2.459220055434344 -2.5333124116692307 -2.3288300987985253 1.5013737109117995 4
3.9072688115724525 -0.3403290550760383 -1.4975080471778655 -4.2968431845806885 4
0.45664018412364926 -2.7148860850556154 1.5018832161245648 -1.115059333169453 4
-2.444077893616371 0.9487931020178533 -3.4584139752732863 -3.220633832538994 4
2.6393810509580526 0.2714140814583368 2.6382243691633116 0.694924595285887 4
-4.4691027951406594 -0.14389092125740077 0.9453075664370058 -1.0837310123407935 4
-0.9240094613376355 2.2905710153471315 4.247745157947823 3.9849787278608355 4
2.8344998678024065 -0.34374877953981686 3.6684561159196187 -2.8241807958261136 4
-0.807033591392057 1.3244531598375733 -2.8182227508919606 0.7239174612279398 4
3.909906027093945 -1.5486093772611629 2.6597923637461225 0.07266180168383352 4
0.9662123901413547 2.672574142849429 -2.5796640584949095 1.2039844221716196 4
2.813995428139574 -2.106175436657621 0.9647835899138087 -1.3581629809846998 4
0.08169810072031514 -1.2845194850956179 -3.3938453439348804 -1.3663248283899891 4
2.3947512659666734 1.598843094498907 -2.9437623035320866 -2.059946215963454 4
3.691165620404014 3.2725263150579287 -0.4482087084301506 -2.461004856200905 4
-2.4469811812089413 0.7694172473937108 -2.4464618217854666 0.3595188192674035 4
-3.5857892274959156 2.9863842074552633 -1.8864797410723932 2.1894165423574337 4
-1.6563871305871707 2.917351564249826 3.619846590173824 1.1267372414964139 4
2.8467893460813447 -1.134650627194115 1.9629404318428314 1.1195597478199935 4
1.458799553813281 4.472985749453426 -0.5309539511948544 -0.4657682395457994 4
0.36250126991776366 -0.32020049038629295 -0.7623550497683907 -1.9091501411390057 4
2.119446515159317 2.1457958893798184 -2.8511499667014215 0.8651022960850001 4
3.862541721390313 -0.8348416410102653 -1.3406813138315496 -2.6472435959669838 4
1.4704984624801118 3.7609009351093503 1.2675804089287217 -0.4209706446973246 4
0.6823569262009795 -2.3200891031813624 1.3274604643881145 -0.8582048727447075 4
-4.449563190907211 1.8657435554933743 4.0168396613834565 3.865852003605332 4
3.427414184689907 0.9225165263991265 -3.688645742238508 -3.1068189801347814 4
2.2955887028683657 3.5537900001860403 -0.10607706013632501 1.295009603269688 4
-1.6611349920921756 -4.346844365729065 -2.7077318390013643 -3.452341852911695 4
-2.550624470091521 0.28902516641189224 -2.372831274591413 -2.5874204466461284 4
-0.11263343600752096 -1.8941424649666216 0.5851968554559757 -2.6412073490307857 4
4.180315375836778 4.044894215566089 -3.6595170506857877 3.523384017593367 4
-3.547507372800557 -2.777013831795847 -2.252490872850628 2.1692770503402214 4
2.048312671424738 -3.1697608971530213 -2.1494424125990044 2.904492638188019 4
3.319114546297599 4.435919644690856 0.171315106973839 -3.8517098438150565 4
-1.2025279565542948 -2.5978252098438 2.1705973783784787 -0.5451694432332087 4
0.02837253838133713 3.9723977144898197 -3.508890505340663 3.982556671116035 4
1.8488204314273156 -2.9036814936308617 1.3308225917256236 1.3560994285356105 4
