300 60
2.4418857894007138 -4.3132324557653865 -2.990733233087495 3.8221434340405933 0
1.2028341143364787 2.2392349428475065 1.9560595622697377 -3.1066774965164985 0
-0.013436889276686181 -2.476830190222371 2.0127024523745396 -2.8223106675738805 0
-2.717434217163384 2.3447764097906285 2.966981087191289 -2.7302241299422105 0
-2.978002470937181 -3.7049416724339075 4.151706022005443 0.42837826334812135 0
1.668238365310175 4.080540115754429 -2.4942276023754584 -2.5854597853727026 0
-4.46446560304877 0.10973037047198952 1.1518916616579604 1.1994851623495681 0
2.8135886548690214 1.0127346014644933 -1.7704886644272437 2.8473097630811988 0
1.9957978568861958 -1.8731153864643015 -0.7284895469199508 2.8247245671059105 0
3.759967102616491 1.9311820505792152 -2.1130634649507205 4.35082924263138 0
0.3828993121013514 -3.2204695715862575 3.350747903939167 -0.4632786957154901 0
-1.1399331595367772 1.5672025355971075 -1.4815394113735492 -4.232645514149415 0
-0.5235014301930353 -0.5938740600003566 4.418430737846189 1.6285457234753031 0
1.0599028062238545 0.118244182989518 -2.797576322385659 -4.094590054525442 0
1.353574637383205 0.9093505806408995 -4.381744091737509 1.4562955496663605 0
2.747008771494718 0.19482437154270715 -3.5323888977312494 -1.7103812462578079 0
3.677839927278014 -1.6268751991030925 -1.7284729653557096 -3.4427499645164543 0
-3.6858658565618336 -1.7936994902741699 4.022382787155003 4.296514943120445 0
-3.474140743228052 2.9581319367690897 3.64031328841838 2.6656213451853183 0
-4.077933125496752 1.1365843348025328 -3.911135194189548 1.9533476339723193 0
0.4282754032731918 2.873582961030618 -0.3968060914823661 -3.136646583445487 0
-2.7094721428906894 3.2116527221195987 1.32048175610124 -4.236888853083622 0
-1.335126245111209 2.291829223768715 2.2816878525904687 3.5075965148113895 0
-1.8363446380828916 3.4554283160506762 -4.4065796465056 -1.5531494147402245 0
-1.5703952595097608 -3.014856920527664 2.956419823252401 -3.486621654356228 0
-0.9672368044807145 -3.6588566289721474 -4.277738358776595 2.8291817598503917 0
2.889950920532356 -3.1396318232169254 -2.259852552223514 -2.2572306393378083 0
-1.0429699617702037 3.9983464101492103 -3.0758687994578953 -2.015496462984996 0
4.38862927411685 -0.39325907614694333 -0.6416068898369885 -2.174203751359762 0
2.9351055945846585 -2.237632792136466 -1.1974766210503023 -1.356339660323031 0
0.8763448340779586 3.6254858429846464 -1.5026779760640663 -1.7696952200233813 0
0.3110215392163356 0.8118122668688063 -1.6638544246148084 -2.0679734034726622 0
-4.146464094971514 -1.2853641722891735 3.602651568771629 4.202767829644047 0
-3.7834821885963223 -1.7508607349146357 3.570286926074992 -1.1405215818300358 0
-1.523526192160812 2.4644726658953626 1.3345129464482142 -1.6970236608486995 0
-4.140367121790205 -0.634570394115255 2.789748917295328 2.7429560703793454 0
-1.6656581534158053 1.2284202876079016 2.6497591980330304 -3.4970834445177577 0
-1.3828756492797027 -4.11212379415505 2.8043832926996957 2.5159710473690264 0
3.419236570661244 2.3691652842931292 3.4657213958787514 -1.5982105335904153 0
3.402869784523725 -0.7424177054465974 -3.5355111143401414 -3.048752184587281 0
0.9501980795438109 0.1211996466745957 1.5550772531658206 1.9273490401910462 0
0.8805298316667628 -2.1400590498124474 -2.364892173175055 2.751456316319416 0
-1.792158219533635 -4.271401961549046 3.7646666765838366 4.361596615969229 0
-1.7724369541406872 -2.3213171213682537 4.473424305183896 0.14331564596649693 0
0.5182036979637977 0.5895631789935079 1.8007587775546596 -3.8109710230272413 0
-0.223809773264545 -1.8648182133944182 3.610273470764851 2.8222438240054593 0
-3.92174045374658 4.309372311818784 -1.26844458074479 4.281333633836769 0
-1.442629407259227 -0.04456232205791111 -1.02612512703424 -4.3541154720806015 0
4.293726533304136 -0.5330355758940013 -4.331929901730253 0.3972558902593958 0
-1.6355447506894392 0.17817287287842132 -0.5116831449005238 -4.268698672976296 0
0.7032278689422075 3.185403754504377 -1.1852593689713578 -0.7171154288018707 0
-3.88712453815845 -0.3192227299860072 -0.8513643487304167 4.48269898183823 0
2.5375420675723355 1.9674252934402525 -3.089921621022895 -0.5673698388556251 0
0.7741978204785827 -4.166150280890329 -2.0679061112115797 4.220670929396968 0
-1.3440924784518034 0.5687161604347051 0.8082813736424292 1.837677817267504 0
-1.8024311481789344 0.11100737946194328 1.3494300499140623 2.298663750190858 0
1.5612023275624847 -3.0672563995971585 3.467828439249052 -2.222525386841176 0
-4.045700968614021 -1.4596570164178848 -2.4480557413551987 0.9237753744987637 0
-3.527426044984927 -2.889874722860186 -2.37452255616351 2.0788767035470666 0
3.4724438655093515 -1.2117152590729576 1.4759902583349258 -2.3465257179038264 0
-2.5310758573841694 2.272465531967425 -2.8267674340234215 -1.6850185556079957 1
-3.5380837404578775 2.2014291669800454 -1.2030393026946071 0.8091611119101172 1
-0.2719323590355498 0.8843010415119825 2.333150459211543 -1.598842995521 1
-3.171418269432321 -2.8436866011616386 0.01819930594398267 0.7544795876785827 1
1.3056491382141768 -4.06234794362935 -2.100592056841273 1.9246198009109943 1
-2.262487429775075 0.3816766460520381 -0.38456003656202675 1.3520823515312925 1
-2.459039910569917 -1.0672961858583112 0.02401954667179751 -0.6174579112456499 1
3.800095082131916 3.8282118558099913 1.9598981497915415 -4.388752416859511 1
0.6007493211749996 0.3012379649010237 -3.777350624502053 0.6873565081396158 1
-4.366259778300947 4.3010933706180445 2.822595448258836 0.5538261028354661 1
0.6572601362986726 2.625812966489616 0.9323252654514266 -2.514772573052291 1
0.5540162424873204 3.3960171740844123 3.7758693835270174 -2.65049369631586 1
0.7577624567760798 1.879648437320597 1.6950470813726128 -1.1231116045831828 1
-3.163198937791873 -0.6439433492889322 -2.5962387589959257 2.8889220799083586 1
1.7450105970817051 -3.5584222992943215 -3.4688300572295243 2.457456248527893 1
-0.5435528600286856 -3.004180670659197 -0.1524553374755061 4.0473878068263165 1
0.06280766337642618 2.871322777225913 0.4473334466842329 0.21983588253296804 1
-3.689039387480053 2.7006187562473065 3.3622632939746926 1.3205323814226482 1
0.5861371856202408 0.8041294051254666 -1.5369230725355139 -4.40595612243821 1
-2.7170940850535796 -0.5749357019504913 -3.26614132583645 2.4328612114647212 1
-1.8368661400124637 -4.161980916524901 2.997599550348803 1.4821168956620587 1
-4.2238364366434835 -0.4220549981888989 0.6800058398447452 3.6760329481652616 1
2.2037766925506097 0.5156586561275726 1.9293763636890726 -0.16289983010431153 1
-1.0339776039106212 -2.9873448222064325 1.8665090091892234 1.2543562979862997 1
3.044351886333236 0.8914661771534336 -4.275544991036841 2.7276666502036155 1
2.5444333642047403 3.136582637052431 2.2171384561256713 -1.016375824181363 1
0.9284667827583134 2.529545555612539 0.7768888381476933 -2.3727884802410726 1
1.0416318843021237 -4.309513279450605 4.3976719071272585 0.7990409741905031 1
2.254181494387419 -2.9156208004467548 -2.7082990393682906 4.411509683356451 1
-0.37337214386454287 0.11810436959020598 3.1779125435322015 -1.402910696427272 1
-0.1438119874185676 3.0994721508541283 1.4133693454814873 3.897543466373575 1
-2.9266749466009254 -4.368286124070751 0.5316871532605398 1.0539456967018412 1
3.1388766463010893 2.184071195694907 -0.27909715727019535 4.453467895990522 1
-0.3897221821184501 -0.7479143365556002 3.901263382937662 -4.2457012885061065 1
-3.4494344014773306 -1.4518878030959426 -0.4644635409941461 -1.4402167935665489 1
-3.6480686333071226 1.9424778547618278 -3.0981388929246774 -1.8391977570167315 1
-3.8062313602556523 -2.6464476746792474 1.9552517465808654 -0.11691424179177035 1
0.6639860830608194 -1.8555160031660878 -1.7253190243132286 3.779538284372653 1
1.4015406844313838 2.7321151296889763 1.761786008950729 -2.0095249457202646 1
-1.3390784730323213 -3.6590366075060965 2.6383850476150132 4.4877520085921985 1
2.819844753037237 2.563800464492522 1.8387038720304067 -0.22653786785958208 1
-0.9592279880713614 3.2803127442175795 2.6591701485565817 0.29255501195781586 1
-1.043723086958408 -2.1842740151549656 0.6716962052323109 4.1960698220118084 1
2.964617278445123 2.1274443345470706 3.9841873238629573 0.803387605301341 1
0.06840817249463449 1.2989395353727526 -2.4339741866630424 -0.041806177268915445 1
-2.581320911592167 3.561380538332023 -0.5791051542206211 -1.521265318414365 1
4.193516263570336 -1.646985939247907 0.9337506032096573 -3.6478225668323723 1
3.2899735640455483 -1.7074466375389292 -3.4581818052991515 4.227194989213442 1
-4.272624491113646 -4.057243580036443 4.07605254797358 -1.0799872692351347 1
-2.8383584578716103 -3.8786999254447134 4.388183593607109 1.9640758058296963 1
-2.1827211893591123 3.722235584136071 3.818085377302999 -1.513759668561529 1
-0.37935439223030565 -3.3280938946836462 3.0834497630352717 0.9443016521932555 1
2.789024988601608 -0.8687714356740057 3.0763258414086936 -3.7094676384623266 1
-4.280106195151523 3.211479383649773 -1.3455462466959345 -0.6372361609699991 1
-2.031346628861434 1.881953676647915 2.723834552052142 -2.321372206249487 1
-1.2980489145870302 2.6487815564388075 -4.470009504372818 -1.002092894033533 1
3.101569750294655 0.3433276542596261 3.7943381875469098 -3.1263851177303277 1
0.5317786476293251 -3.3974101670632213 2.249950136610987 4.027352571465017 1
-1.1012227328332778 -0.6412740378386159 -2.243006859909089 -3.083046664683593 1
0.10087781656918826 3.525863129421248 -1.4125019785517874 -1.8691151234796592 1
-1.7981044956538823 -0.9320230900939455 -2.0662814091766686 -0.22961139516476814 2
2.639459097248527 -0.789515303819394 0.5274341678045635 -4.442872715990004 2
-2.8361920500817885 3.062225844795515 3.091119273947111 -3.275694648689603 2
0.6234425973115963 -3.9595481500426235 2.3619783372778254 -3.7580678576631037 2
4.40025276776581 -2.4409590011823123 2.3738503802848556 -1.2294612569041785 2
1.0323154168215267 -1.1877598724808651 -2.3242872410056172 2.327629347352341 2
2.7249834271342177 1.1480566743506602 -3.9976276541704525 -0.46103746397767165 2
2.8909482857843427 -1.9057217508700526 3.6074307449947787 3.6655671229104705 2
-2.0268438156650816 0.9094670201925901 -0.28006836134725777 2.9794046908580265 2
3.9466277748840373 1.8656667840729355 1.5110228866909072 -2.1445735445212764 2
-2.1293715153891823 -3.3989767099649546 -1.2819743487262263 3.8485709901794243 2
-0.371481937291227 4.273312494570022 3.4389111426952343 4.1186519347833395 2
1.6251693700000023 -2.7607164094218506 -2.509242421558004 -3.1422857632662087 2
-4.079346955547445 4.073795430935615 -3.390991363735993 -0.19828840843670692 2
3.2278411392158386 2.951128581737141 -2.183200177320685 4.017976490195544 2
4.175104705544546 0.8904280416540736 -0.08151784099336001 1.9880209757146874 2
3.8782425226297637 -3.179080671491459 4.466090394665556 -0.5819601308504531 2
-3.4743572212077702 -1.15173988043549 -4.306821045471787 -4.364085774700788 2
2.399041139138161 -1.6097217168153648 -0.2547325607274332 1.2423567560940376 2
1.2423157321016405 -4.41701008497109 -3.5500721063182725 -2.5230818714967578 2
0.39118534627424406 -1.4602081780333482 2.1144372443359694 1.9181507877563824 2
3.582218779645638 3.9663633463490093 4.143486970447579 2.0819879295388777 2
-1.0429033576178754 -0.9349398689346273 3.0604177805493125 0.8483109470270487 2
3.5755195033741325 -3.9705986870833767 1.6379312809274182 1.8973366375358647 2
-0.8515864041338785 -3.3284201343217883 -2.919521857236767 -1.0629969619467117 2
-3.717275319678442 2.55567858263089 -0.9110170989475078 -1.0157194992248622 2
-1.758839801880419 0.7565028529974213 -2.8141193911325963 -0.6895380249822426 2
3.406195605839968 3.4271285455218647 2.1418056203981273 4.411081156738052 2
0.9085878652110875 1.3070497111562986 -3.880473206188326 3.1720126618173716 2
-3.990346174457044 -1.8226431272167036 2.5627461025091773 -0.18597168861736424 2
1.7259714681881992 -2.798734924299282 -1.8221415767586615 -0.15035831076164863 2
2.7270678304520803 0.13287374871041524 -0.9639805021091126 3.597250317824528 2
2.3155743628405325 -2.899901262446119 -1.9798873238211354 -3.648452051503735 2
-3.756417378340565 -0.16135227249427364 0.04058609558392967 -2.9000987795184874 2
0.2596849142591352 1.7667744462809731 -2.4171824781032445 1.7797542367637837 2
-2.6571454737282343 1.5423509696162707 3.4667170699440018 3.5677576176345047 2
2.639423927937785 -4.124359687347351 2.761367020776348 2.5833368371112058 2
4.170217551493418 4.278534454559995 2.803834330192272 -1.5789415752281661 2
0.4559470579963357 -3.9158371583405134 1.0875236270652433 -2.8656793245642223 2
-1.3928688912432827 -4.316130280696543 3.1738145267579982 4.120534997962116 2
2.707666288052544 -2.6286561168106375 -2.2266598566294267 -3.875097152518904 2
-3.210727401853362 1.7990458607632749 2.0650685038661316 3.7534966548143522 2
-3.9784517459095072 -2.190531898359031 3.09112438286624 -4.382382479641658 2
0.09298606093960482 4.4573290633823035 -0.6220700875278116 -0.9413676609289992 2
-3.181358886148785 -0.45436700161191224 -0.7072881767027981 -3.2378805342921555 2
0.9129633856452559 -3.6245475527410784 2.351146437179905 1.7321246860365294 2
-1.9013860751222227 1.9871991171666634 1.0064474150625915 3.86019103521369 2
0.45725457636853906 3.0471931354849855 1.9387654430622954 -1.5923392501205176 2
0.7229821632117889 -2.838854370513365 2.844402480963498 4.0232732663888795 2
1.0395190535268668 3.4825957962174936 -3.047898078931706 0.26080670281549456 2
0.15110350038397735 1.1352930221378106 2.514065119009773 -1.279562765801729 2
0.04553205800815041 3.6869631892789894 -1.1817525514733696 1.8105561231235878 2
-0.7802580999188673 0.3192184466255069 0.47777775450318505 1.1047103466215564 2
-1.4162118699192607 -3.333809005710659 -2.6525093092270584 1.288679029312275 2
1.465395762599899 3.9210300179608457 -0.03493402806278134 1.41244061487424 2
1.014562637361486 3.084646495047879 -1.8629207897452573 -3.2286300231886864 2
-2.5388240741744155 3.628545657569293 3.030715611452041 -3.4814876474099594 2
-4.412070205922828 -2.467685460029087 -3.4921497105423813 -0.36978654778612774 2
-3.311503854552118 3.6678865186444596 -0.7653204003245603 4.008838836422512 2
3.692075729937867 0.7295211642141441 -0.7907730453432962 -1.5677161757644695 2
-3.7125625272848515 -3.4480850438304165 -1.606814050314084 -2.257059520391969 3
2.4396412977706903 2.0951574191686984 2.1503329074973405 -4.238594373887553 3
-3.71584478760739 -1.2828312169210379 1.3351148486132245 -3.9147371674720026 3
2.458904595770354 -3.316755585494195 -2.338263675184054 -3.6859804342991516 3
0.3404919046857665 2.2925120960425422 2.348683903904115 -2.562057225777717 3
-2.0472644160797837 0.5986529631659546 1.6245892759822387 -0.22619313611341396 3
-0.20983526355004256 0.5095862328765549 3.877343302440101 -3.0782788297038106 3
-0.5333664832757902 1.7436362783572052 -0.16889650452635985 -3.6801620542777265 3
1.964134622876825 2.3074412210603863 -2.9118808127266944 -3.837348297343155 3
-4.1641019188979485 1.6095185720368321 -1.404060354377491 1.5929350653923087 3
-0.20501279182859045 -3.5984575109616106 -2.001249657868451 -1.7057954787866003 3
1.0277661034322132 3.041230580695765 -4.009850995355975 -1.776756514062023 3
2.105046338929501 -1.6059097555928346 3.1971739398335535 0.6106180278540779 3
-3.8893022002178967 -4.164027866421547 4.230676104231383 1.7273741522881747 3
0.5321277356443389 -3.0523257065830696 -3.3057206377905484 -3.0566950327249955 3
-2.0890063286811733 -2.3785923920760275 -0.9813999365831477 -2.9444059045215214 3
-4.325872845439554 -3.1348221804451875 -4.256972277011572 -2.438178165665332 3
-4.194877381806944 4.336513722790904 -0.882372440072834 0.14029854843929723 3
-1.2556322086134717 2.9291807570581523 -2.608620729227026 -3.0139867979221284 3
-0.7898633233429025 -2.221387683210541 1.709531867231362 -3.643296496124411 3
-2.369602111678556 2.4580403934904242 -1.3650307213335666 2.780665740440628 3
1.5413121461306847 1.856977966806003 -0.3632653095711774 1.1351187433725822 3
3.178398718713619 0.19844610152407105 -2.667178522336163 -3.6569213570216426 3
-0.5150731201069388 0.4837359712995334 4.279733705395248 -1.1939055449825728 3
1.36795363565499 2.5969848702771623 0.6865557114884375 -2.286611388408445 3
3.530425065234191 -1.7180535718885164 4.432128252702346 0.5964401544954709 3
-3.2795120495963763 2.2583398665976855 0.15107800974559926 3.4329057117526944 3
0.24149899383368212 2.562647226844267 -4.3927794393304955 2.07218888731368 3
-0.6306650742908494 3.0496192885217344 -1.6309828540855702 1.35002321256019 3
0.3361862288126658 -2.246184601648431 2.9278989807544127 -0.5918578914946672 3
-3.969953897033036 -3.672456435831171 -3.0884517998066228 -0.2037608613058426 3
-2.9322005117269825 -0.546710844615522 -1.5299291275667581 -2.3351273318370627 3
2.7984080256759523 3.6936191124570117 0.9716157908574389 -2.574228437925747 3
0.6848164081078892 -1.879610131976857 -0.14685072364462404 -0.5032928055369835 3
1.36607734603094 1.2412863068001125 -1.2168184288145651 -1.2322434245195661 3
0.032172657455975195 4.189974440596166 -2.5735544317634744 -1.1869241783809972 3
2.760220346494412 3.8566742076325546 -3.1121118385487234 1.8826809046916553 3
1.0254161399799415 4.3380352470879116 2.921123017063516 -1.9258310347719647 3
1.9348916026079355 -4.4220665572443805 1.84831432126768 3.99244661840679 3
-1.9066897710556996 3.072587917516391 -3.279232741425095 -0.07541812585102647 3
-0.5114062167538737 -2.942552488710567 1.4179377689293355 0.20183761735504802 3
-3.469255989963628 2.6809253641910766 -3.3263589524734027 -0.8717662696749828 3
1.3401463630105241 0.015713983322964475 -0.7884429393826307 -0.6226320969491056 3
-1.9292381259105134 1.2302624563685247 -3.428222040777001 -2.178278027519284 3
-1.1849228520279886 0.3558468901702674 -0.26073556464802283 3.4091706089060816 3
2.3586012178188827 3.0589873303894244 2.5106053513889357 2.6636711676267923 3
-3.5553832918048083 0.09568177511324172 -4.4602372013927205 3.1976314423227463 3
1.3093979646975815 -3.122398671726068 -2.729346599960584 3.791806125310025 3
-4.484163158060762 4.203411779070453 -3.458350109308214 -3.601374749211996 3
2.7707987993858305 -2.0333916957287563 -0.7654215222151873 2.971154932188332 3
-1.9881935363508667 -3.4138832272021964 1.4249933973950513 3.065058385135216 3
-0.17380561508228665 3.8907178088630623 -1.811437367480671 -1.8778145819075152 3
3.7343468319144173 -2.305124136217701 -2.5234738332150153 3.3579975096301014 3
-0.946275332257135 4.2321557720393015 4.43278721984939 -3.3756202565372044 3
-2.0194232975661475 3.9406449677977236 0.15049903487907756 -1.2956759183756166 3
2.421109413211558 3.462468192954545 2.6524099049235765 3.4868853611025585 3
3.339044777196003 -3.181761366958664 3.2662269364898844 3.1533199143733808 3
2.602699091326587 3.6830002110435878 -0.6103267359115371 2.3382705843894627 3
3.0435349367763456 1.908280677484461 -3.9581354537319076 -2.2764437649793408 3
-1.7335852331628203 -1.315939007061096 0.8605756162278451 -2.084973907542036 3
-2.3728194429859952 -3.69169524843097 3.9577801731145197 1.020634186320346 4
-2.7496964311016563 1.042270878304051 3.926356712631316 4.015557584601989 4
3.8887530800859835 1.7197555480479876 0.9072592886314713 3.9264407116273214 4
0.565623420338307 -2.12619784128712 -0.4915128111798105 -4.137129097968339 4
0.24432192796469876 2.7394462323817597 -4.011145123665991 -1.389892727682143 4
-1.844316954846012 -2.849953044964492 -2.7046612022649934 3.5417733701125123 4
-4.3224078644404145 2.1898910877529465 -3.3379691054711653 0.14924312797797612 4
-4.155359362327471 -0.5968829792353628 4.3832138322258185 4.42451642690466 4
2.988762851814738 -4.3788729735021805 -3.080027970239969 -0.7673278000345821 4
0.08401852362724782 -0.18406169872872447 1.6784579064697827 -1.290417849614614 4
-4.233105532820446 -4.397143258583403 1.411755416426944 -2.956225552266057 4
-1.5134039978895508 -3.9471202925523454 -0.13556438422124484 -2.204453381341596 4
0.8835615725082696 3.4732822817036095 3.217878660387305 -3.9785312953857286 4
-0.7907960217245338 -4.155550209880239 1.767451088394201 2.3485336368518657 4
-3.772418365882749 -3.7627691192833628 -3.314019055630048 -3.099808744854641 4
2.784306004393814 2.7062460259649814 2.8585433067591164 3.561704101344799 4
-4.34781169780763 3.2516489270755597 4.337570608017566 2.1918444270073123 4
3.7017020191720356 -0.8921098382835408 2.44840301608098 -2.287224562334921 4
-1.9179837149606302 3.0874039673745473 3.0798549369889825 -4.334168727256229 4
1.053400976796748 -3.234611458931452 -3.2103087343335357 -1.235952936938232 4
-2.441199476556757 3.0734817405767636 -0.9773540295054393 -0.5878162254232159 4
3.0992262615737833 -2.518686059574252 3.134531148779115 1.8973022270034712 4
2.800238757769458 0.32358180500204037 -0.4465320486168828 2.1244299853173056 4
0.9938560408418988 0.2148289481365352 -3.495200927398503 -2.0494066880689545 4
1.2566623364600638 -4.453592867694747 1.9577727905430886 3.901039281223346 4
-4.277350949259424 1.7102374678414112 0.7292436085918206 -2.300201500122421 4
-2.9556628239400795 1.745376063197908 1.659164820614156 3.728883227026945 4
-1.9326093919036849 -4.004046712964804 -1.7560339631396586 -0.22099562736320533 4
0.7400061232740845 -1.8376314609096407 -3.2489502030590574 3.078364144507905 4
-1.5946547798222581 4.2029044906949675 0.6126924352120311 -4.213019540888691 4
-2.7455880169522193 -1.3734314536894736 -2.767817403325187 3.9582742036939322 4
-3.563873414003618 -0.8839633277295995 1.3510263065058044 -4.227316329795848 4
-3.6643711942143797 0.043594258155293164 3.537898813548192 -4.377696344482011 4
2.183316668502667 -4.452385417475554 -4.3901038560037575 -4.462843888821066 4
-3.688549480394813 -3.994344171792537 -4.118611727634424 -1.0234898029072594 4
3.458930970297901 4.370272709875655 -1.6795941698608177 -1.5043045679910803 4
0.1815721706474882 -2.7142431342048385 -0.4703829535147298 4.343891192818285 4
3.900134844747172 1.3913838300792323 3.0111041020567515 2.8071016530671877 4
2.6261257244407834 0.10094110750241059 1.7864550638274181 -0.12021058288212672 4
2.5939070314129826 -1.486829414926195 0.5636634289927783 -4.182298259987444 4
-3.480721790243493 3.6433257903254224 -2.359511413515891 -3.335310997080558 4
-4.461984778424337 -3.8384650745391564 1.686504330472821 -2.5638024499482346 4
-3.309377724401739 3.9793492734723004 2.9298058343573534 -2.368535283736157 4
-1.7736328238163983 -2.5801825393772715 3.766453414024256 4.353319282768675 4
-2.1990370273602684 -3.636719398850581 -0.06773308019535984 3.3894656218083776 4
-0.8838190530081298 2.079248763201295 -2.7023515382093977 -3.7208465232688495 4
1.3338894171743179 -2.2423897724893287 2.06161979586371 -3.536860922986828 4
-2.4530497744335467 -0.03765457493578206 2.819785316028884 2.4548118788813413 4
3.282884701046808 1.2065737781056183 -3.977404734766924 -3.234250223382966 4
2.2904322741743828 -0.5658912785904138 1.2329460267193282 -1.087590768785255 4
-0.8980911878149637 2.006246825507289 -1.943684859499819 -1.2375838476219252 4
-1.1486827852891686 0.473382273593704 -1.9415233548670887 3.4673118101514238 4
-3.775827443785277 0.8484801039318062 3.9533966737363055 2.009648919050308 4
-1.9717067976011353 2.182028276829607 0.18475531257160793 2.127197223981399 4
-1.810555230125852 2.3178301575404543 3.2951910406954834 -3.864306316002419 4
-2.4627587578304397 -4.460331195692376 -3.3835667877362914 -3.5097235641873685 4
-3.2419774711152374 -1.8381266798385667 -2.423053671382407 3.354007377516759 4
-2.73965565374319 0.4399383405860242 2.555018766263179 -2.089334749025163 4
-2.610070469189587 2.506429532508319 2.2965984685707443 4.161374034908026 4
-0.13788087261951765 1.2540635345095512 2.079394165704154 0.7759401532571154 4
