300 60
3.360864625126346 4.216865965388388 2.111232350110708 -4.4040723626052065 0
3.3227508619252797 0.27770122400039077 -0.643061262022046 2.5638464920757285 0
-2.405445048204384 -4.397410761503131 3.7606509738103506 0.20233080463481434 0
-0.6257806353675854 -0.8788377596637166 1.6971011763477333 4.067414751790863 0
0.20407204217312658 -0.19447383777837812 0.5213069750733538 0.8442005587292438 0
0.498208264400974 0.3904741578828631 -0.5908801535693543 -1.8379744526134585 0
2.3480601804263608 1.9113711667388213 1.7790329775243543 -0.30595657115778585 0
1.0771388649309563 -0.6651740657142704 -4.16172143888381 -2.390364678171914 0
-1.8983247478372105 4.264697170804016 4.258219003654486 2.1597159518283693 0
-1.4960335904039668 -2.5307904526215483 0.6913297412292868 -1.9505368297418135 0
-3.9077245099150972 4.345834918980904 -3.769544975948542 1.4514582795670594 0
-3.3492985836747136 -1.6008228611623858 -1.452683726621324 3.4042293758917275 0
-3.8615143972482113 -2.4770705492875913 4.087742659629693 2.528010143467881 0
-0.9572857655075557 3.565305043925717 -0.9923682570753748 -1.3310901338843308 0
-1.3908454920191964 4.3627449355674415 -1.0598686764380219 2.3464695750469766 0
-4.241411559330341 -1.3348373735689192 0.29072633599173536 2.8359401708856495 0
-1.071369997165323 2.3774411822936408 -0.7011168720196301 -0.753775800450413 0
3.949235219796946 -1.622791831796751 2.2521020585798115 0.595701252442951 0
-0.6077166048862573 -2.068688325676812 -4.17614499676144 -1.1632876577957925 0
2.70950297693755 1.2441492551080922 -2.114845076454879 -3.8533769206022366 0
-3.881788798876585 0.932800287322001 -4.189052642645009 -0.23064589278197556 0
2.6601710258607896 -4.211926592167829 -3.251055147437015 -2.1509328929327216 0
-0.4009696010466026 2.6115528720445704 -2.7719808734548277 -0.4508724972802777 0
4.397368663023563 0.7556808915087004 3.9089565893487186 -1.0751757896914045 0
-4.149789321219103 -0.4821938323388767 -3.195799158538125 0.6246387063480109 0
-2.8064473623601716 1.1435008216972355 -3.9143202829591073 -4.348097823040622 0
-2.562139804745284 -3.1412690310825324 1.4491008801996133 0.934047549798875 0
0.3252987601161702 -3.596518851979056 0.9299700582782515 -1.2692423316611539 0
2.0804258878259647 3.956859354970573 -1.7277899745683323 2.910015813201621 0
3.989863660168816 -1.1273534548400144 0.5473071343878738 -1.3766306555381655 0
0.8617522128662323 1.4578444104702093 1.5637976001650642 1.8012867427767278 0
0.09522409727943304 -0.26196676520535445 1.5677857975393086 1.5574327281872453 0
-4.420149429733643 -3.888932367911677 3.179735754306579 0.24573494106548088 0
-0.5866539445477008 -0.6165573220767533 0.5844670355650655 2.586783483889352 0
-2.827046830322061 0.26734785031714114 1.0336667241175808 -0.5214839875326691 0
0.8917762764612546 1.9883202001882512 -3.0498770669188167 0.09508828225262811 0
-1.7424372902468983 -0.8604408170271114 1.5465876725572196 1.156936706828268 0
2.9050417844777385 0.784173161117675 2.62065528758988 2.798161828196847 0
1.8586398906491066 0.09524022013964195 -1.3332666478797321 1.8553860338636994 0
2.9705549489380587 1.9861021033183972 -3.988693698509964 0.9869510782031686 0
3.2963551459348266 -2.6693120506320853 -4.183402348610503 3.680590493227988 0
-1.813186338447373 -0.2177638014260347 -0.10080106806977351 3.61273399850582 0
-0.057559518706788104 0.9690851764600883 0.16667260021145092 0.7996993520487445 0
2.8704201932932762 0.24951454577920895 -1.9814866444794692 -1.2788475560674333 0
3.9528372242148446 2.010450734885464 0.5258062508539488 0.5482938440075171 0
-2.8911868589891916 1.0775287493631807 -0.11475684020961407 4.301396684440879 0
0.5605504556547012 2.3706415317343175 -1.2420470629230778 3.375765396142244 0
2.7598170169190324 -1.8123731770248 -0.042551231329353456 -0.11919185746014616 0
-3.2545376395551875 1.2185812276097734 4.117610164296772 -1.0388553587201637 0
-4.425224630106866 2.5972493804810046 3.041011443397144 1.667437178262532 0
0.018696533719396058 4.474067953828698 -1.6511169797412124 -2.6643547986103115 0
4.3563658263613245 -2.4562923607505214 4.041551395769395 3.06744461317151 0
3.149615611707487 2.8153578207435443 3.3739117108986587 -1.6195364031948707 0
-2.3747906677297537 1.4116796478501683 -3.9845704440907967 -2.714168655716374 0
4.294539013934333 2.0841166332216843 -0.9423904859758153 -1.5898645434403218 0
-3.6393447482920216 0.00545495349884384 -1.0852890373895683 3.4472048278499123 0
-0.3387592931578113 -4.493304995009344 -1.4537279347389722 -4.430787757481516 0
4.4004504641438 3.398579470575855 -2.23758733169373 0.5024157143394037 0
-2.5450996237540715 0.9483975118135523 2.2174238827053947 0.8741661332947465 0
-0.25242191517663826 -1.268019766860478 1.8768188005520643 2.7302755562881265 0
0.263632070774971 0.5834079961536432 3.278465297025323 2.399270618952117 1
3.001941011242714 -3.9346800976350993 0.9701516663851216 0.24845031721854938 1
0.9572996084167946 0.03251470446619875 2.1861589981386427 4.439741528534641 1
-3.057311764570007 -3.190990692993545 0.09667006905339381 2.210266897836048 1
1.2405677581942158 3.446155263251688 -3.507077582242309 -2.8959647129970776 1
-4.204207702344857 -0.6478028867869188 0.2780671331811978 4.4063476682053695 1
3.4010376593534613 -0.21143628463200403 1.4312695827878432 -3.093531774269697 1
-1.1918651620581653 -2.3341477332682943 -3.1697139411899915 -4.4502946999367285 1
-4.065914005527332 -2.9234989871176507 3.234344878714248 -0.7305562448480895 1
0.5109788939971449 0.2707693467561033 3.9389908553324537 -1.960376884257486 1
0.39799395555299555 -1.8085252624495516 -2.2153236336317743 2.7746568292597256 1
3.2888162809301607 3.122518891919426 -2.336951998324073 1.6751556339650375 1
-0.3086967003254064 2.2622237710722186 -3.3361294334294196 1.1204816512487001 1
2.552136054900104 -1.1871283632345873 4.498771252580802 1.9961523812118545 1
-2.904182094293893 -2.224165467140713 0.3396511974434263 -2.9061743978908368 1
-2.3661804640855357 -0.9729399433540111 -1.5802649837398248 -0.8861757885012554 1
-4.435142314390739 -1.9719823496705153 -1.3599997728867854 -1.6713443549768792 1
0.3336310525134668 -0.6924662668981875 -3.0122935695301045 4.17575650757739 1
0.28643692092637196 2.160696237875211 -2.3488372597690947 0.08095722584552967 1
3.880938954824591 -1.5660265278026468 -3.5153699431002603 -3.8657535698383474 1
-2.064838301892764 -0.2139847922579624 2.3537551637643483 -3.951776542075722 1
0.986545892073871 -2.8147460920447536 0.3205886892608577 -3.0902033510810316 1
-4.248041710593944 -2.664058049925197 -1.2976842380254676 1.9193421716967984 1
-2.2940589506007663 -0.573024938582437 3.121573474251237 0.5027094722131717 1
1.1783631792434164 -1.787187451623193 -4.182688696756532 -3.1003129057684338 1
4.279560419211623 3.3403350723038847 2.5630096011821006 0.6177323476887165 1
1.0865882825581745 -1.4590163317854759 -2.3835437697216735 1.8817902628943153 1
-2.9724155553301026 1.4375713612580086 0.7308945108036976 2.1461394378711427 1
1.9390416280132354 -3.905093548869548 0.09465197532899894 0.5851481773464504 1
2.476045893240923 3.497659300038676 -3.890643279439162 4.395826733641197 1
1.1900139561257483 1.8301726794249853 0.8067077190438792 1.5514338690098703 1
3.2709980075348692 4.038515188978155 -3.860604563661096 2.1920100480702147 1
-1.3331122028739069 -3.9671837567643182 3.121505148228746 1.8469883601264256 1
-1.701404177156459 -2.962341221474549 0.7524811115012706 -4.289870557029944 1
-1.1335613401669606 0.03573928739448373 -4.217214703073193 1.381097459679707 1
2.6144271269363943 4.0723371009280624 0.7441315677749607 1.1315858542184292 1
-1.8916124931005394 4.0681268496687455 0.7245762513738981 -1.6791484689554261 1
-2.843601614739452 -0.539447819399192 3.3103515812510853 0.31163460804602594 1
-2.857504685190414 -2.154141293893379 -4.081132857331507 2.0870143383340416 1
-4.345137919893555 -2.2834834516060116 2.356065959142276 3.947356541786665 1
-1.021392975452446 -0.025487536034180747 -3.122446386035065 -2.6994518895328827 1
-1.7681266617686062 -4.382630481590294 -2.9156800637156053 -0.5032568442030478 1
3.3916511527516593 -2.3751444004702917 2.6285697850507486 -0.31386691869233785 1
-2.5298867199463135 -4.462513210939936 1.8143500041592426 1.4166563959080465 1
-2.1597215798455256 -2.0250675090612997 -3.756279303745332 -1.008332361079344 1
0.6607931256183126 0.18365933685812474 0.24457833103428095 -2.1301168107146884 1
2.6930678023529215 2.505100596920141 0.5558506028073125 0.7725554598309635 1
3.870708619206055 0.23138935708050545 1.719473223715612 1.1766465823242003 1
3.914615335036684 2.8472846506447724 1.23864519866687 3.655376771272259 1
-2.797651921908312 1.7774562240766418 -3.757031698355499 2.5227229704529965 1
3.734744417308839 3.6274629537665755 -2.109797459097698 1.443847745583517 1
3.2553093181143313 1.3287275632171052 -1.3518301899076068 -1.7988491335632957 1
4.140383629970859 -2.249849082638918 0.4261169513953641 -1.9677045665392778 1
1.7763659714323743 -3.3873137713841666 3.1875041955590357 3.0329631987155627 1
1.4649076542202653 1.88676739142066 -0.9490134019303206 -4.241973497600329 1
1.5478594560949535 -0.01664652643715181 -4.342996308820213 -2.9758168183160754 1
-0.7973906483034 3.3001127512392925 1.2218090618216357 -0.6603494339603444 1
-0.27226174346158516 -1.6396041097590022 1.3779635195432625 2.452777401555452 1
-4.0757656710758905 1.4321085151574326 -0.5146685098168595 2.390419680826569 1
2.300110505256783 0.034857446724917196 3.5247743251774333 -3.2642818784916026 1
2.0652023305526463 1.2571983588118234 4.181396170087339 2.2031204134716016 2
0.019653616315940536 -2.805368215271485 1.2832776561580284 3.6071571496159853 2
-1.285095186087671 2.067501217206478 4.215832085034368 1.0045299715026705 2
2.2550783411580704 -4.021854382358332 -1.678187731530096 4.444960440075751 2
-0.6467773768758537 0.9816336839802599 -2.5450843967991013 0.9024283369869495 2
2.090527652362665 -0.9074915125056476 -0.9462747616820958 1.4479354933325321 2
0.39981548527000954 -1.0930999141191944 -3.378352621657605 2.5934226508270743 2
-1.4392650293880913 -1.563988555054706 -2.8743733875067656 -2.3926308840927764 2
2.8856364620675805 -3.803707779372536 -1.531127591611566 -3.774463611312864 2
-4.17270635989042 1.6656140489076317 2.2051277468194788 2.1499866050996213 2
-1.2330553429083102 3.9633330571689562 0.5255008176658265 -0.06808065980385891 2
-2.9653380955196647 -0.795005707082462 4.0588843434540145 -1.2296164049248104 2
-0.9128829405036958 0.09516111038199226 3.9106167739700037 1.0743006061864706 2
-3.0878164776610646 4.343995906018431 -1.1211264779805565 -2.962642418099594 2
1.194773170328654 3.8670197527021886 0.1526896774190042 -2.997257656779023 2
1.257349401871569 1.2230831743880364 3.710626929165286 -0.5241110547047928 2
0.9089912471028617 -2.2840585463377217 3.513206193219832 -0.5238857227256322 2
-1.9198786482386536 -2.998505260868644 1.162359968502653 -0.024253871671736205 2
1.8676782774355454 3.2052439626684035 3.878139092142218 -0.7428971932386884 2
-2.5249865285974624 -3.9412503268216152 0.6837835804271489 -3.263756285059792 2
-0.8688739381436479 4.191393916600938 -0.25534329882127726 0.28794486548750475 2
-3.1983502085166426 0.4992652271405318 0.832101733892726 3.002558450298611 2
2.489348294448811 -2.7458152100756577 3.143754590828804 -0.7769908600977263 2
-1.3613354453444788 -2.4959390799524943 4.281502667111276 4.005627716987556 2
-0.29764425174011844 3.9162410674405406 -1.9200872008624281 -2.6071399522660177 2
1.1809726352793597 -3.5051893806593877 4.2785743932252105 4.469363431139777 2
-1.4150452334797572 1.83377526685257 -2.9196890199438448 3.713149538909944 2
4.450755847626702 -1.2419864653646666 1.8851691583231858 4.475378558296146 2
0.1705970658842092 -2.4855276593608657 3.043371157969489 -0.41218736414486135 2
-1.3727697814426771 -3.3037283321275375 0.7832638302736487 -3.3710058067126667 2
-2.840110392754773 -1.8097981758741395 4.202405287006209 -1.6030380622525817 2
-4.062766012847753 -1.9998108853586691 -1.7143365805286948 1.529787374533317 2
-3.7520134538415126 -4.237678565118685 -3.014097816552881 -2.3789577543484497 2
4.181603237405455 -1.5624250371765598 1.450009083512712 0.7381394022152119 2
1.6965518329797344 -1.982561745066278 3.6152639414114294 1.6491278017670787 2
-0.5374861130199962 2.8735446037785364 -1.5700449498881752 4.008858979352207 2
2.6412053786900325 0.234249526752083 -3.113593093065564 -1.113431517388559 2
-1.3155160996725241 -1.5731593832573343 -0.03531675837635506 1.319869151816921 2
3.44766075677747 -3.4924044053146917 -4.347706296250067 3.0355503601400233 2
-1.0546874399071833 -4.1331620978372685 4.367940101534568 -0.6270609749208014 2
1.207576410048971 3.9796255279669115 -3.430818312862781 -2.3103768598207512 2
0.6201040143629817 -1.230968718336943 4.1830451118065675 0.5258596677180148 2
-1.6838677842043752 1.827683133609511 2.9074170644921313 -0.6546853478867078 2
-3.1723580040949493 1.98992632916601 0.5278064243283948 -2.250094153513037 2
-3.0334302120473344 -1.9857386859414006 0.6132332610061018 3.0647563270521303 2
4.249611996568644 -1.5195214764961409 0.8956614073028826 -3.0581715165532137 2
4.150212222864645 3.59282328848203 2.0594689979405323 -2.9767156424631285 2
-2.799903489845825 -4.183578141282362 -3.9616081738001006 -3.8338376864521972 2
-1.1334587778360086 1.7343491475047828 -1.036408154841811 -4.414707711293263 2
4.0544296181472665 -1.2793329811431782 -4.24744774844382 -2.7792886762137727 2
-1.1824009866806104 -3.2520681323113925 4.268742134193344 2.8799433344523813 2
2.3086131006227477 -0.28509695105004274 1.0391276794802846 0.7890694792593289 2
-0.16581422091047027 -2.8093097529270192 -1.7309006573581964 -3.499940511637937 2
-4.010200488299939 1.6787922051858408 2.922158067254984 3.632780322864933 2
-0.152796686495566 2.9461594966512967 3.002876445532293 -2.6113877469027167 2
-4.2500154016255784 2.9936470811862312 -3.3041012753369303 3.5963905719709404 2
3.0547694541946413 -2.004201401835706 -2.8681449748431653 3.65399801608128 2
-1.5262005943325727 2.0330915590157845 3.910750611631642 2.9289804293461352 2
2.143059956546619 2.6519331032822215 2.8356822481667887 -3.8276933568271723 2
-3.7441586730602365 -0.3940443099153831 -1.5449645814369242 1.0226098487895445 2
3.157009106548315 4.4028188610015775 1.1190918410348618 0.6859243350016409 3
2.012705188546451 2.773721628555785 0.33808573001105224 -1.5637481203215446 3
-3.4889828453765466 4.319044707176042 -1.3824196558045987 -3.835871432893285 3
-1.5711947985177246 -2.896966597706674 3.7007326409811654 2.949569593078733 3
1.5319384950960746 -4.440642811075577 -4.1318514882137425 3.590197687239332 3
-0.7040052429780205 1.7678362765963325 2.436653774050457 4.3678047231308526 3
-4.45905824045498 -1.5830983627479025 2.643868962100565 -1.8342383206193986 3
-3.2161954579177303 -3.4239268119583963 0.6017477138331865 3.934621234299396 3
3.9537511602586575 -3.829710588032312 1.410457996672262 0.28435071820118185 3
-0.22838070922228926 -1.4710559459151122 -1.9015627998070967 -3.0349259411684604 3
3.8956510476899964 0.7437395016427039 -0.3801112293216047 -1.1797934501234422 3
1.6174161527616917 -0.3390362874697287 -2.929095542843104 3.547286671304839 3
1.4925561736524111 -3.921555102897475 -2.220063678203221 -0.16276090838071078 3
0.2244468490567343 3.3201057343142377 -0.43878888099172386 3.5845028106939623 3
0.2601344373035591 -0.8868942025352556 -2.859143168095324 -1.101288142928478 3
-3.6903056468641124 1.3749884746545011 -3.6378280438837702 1.6676803258882824 3
1.6580157141064578 1.785502775158024 -2.1406702155961392 1.6195788522177863 3
-2.281155021297479 -0.8300330653826108 3.917957085513297 -3.5490217339047465 3
-0.20538040336341923 -1.9582488266119893 -4.028486454184607 0.7389037367626499 3
-0.9737751793672855 -3.983259165728663 -3.877878834079027 -3.948964214073522 3
-0.0055830242176379 -0.7409185152714947 -1.7018850542439676 3.0717584197205956 3
-0.877908976777753 -2.762109787244772 -0.988933328689446 3.559794625864881 3
-0.019740563485999285 1.332135242926465 -3.613755852761389 3.695042426890602 3
1.1980144140233775 3.1893325572407707 2.0596907170598358 -3.3553349910429917 3
-4.329994564456847 -2.689636682349482 1.9625275070491994 3.6635419561692504 3
0.7684032991990999 3.8621440084413026 3.1451728318241003 0.741894306302217 3
3.303666762990173 -0.44442240998253735 -1.9459120556524856 -0.363494141900227 3
4.411046738098904 -3.213978180368577 3.858220564455342 -0.50047636824073 3
-1.6838507777009757 -4.491649847939314 -0.3563544630213489 -2.921129020431317 3
-1.1757994904000089 -2.4045548803488113 -1.970203859381233 2.7242222220035934 3
-2.1616144694215813 4.175759326515536 -4.029294936522542 -0.7651602045680732 3
-1.3833806894369296 -4.456577334313151 3.4685765821475805 2.7054113778894124 3
1.3479776490219866 3.9723323445729273 -1.0509486127639704 -1.4503441533765487 3
0.0540387411739629 1.5764719538066396 1.1133829298351574 0.907284153343032 3
4.3099001659524845 -0.6468544021771478 3.690966915713921 0.34345140436821053 3
2.402586462946169 -3.8661707279899296 -2.613079966354567 -1.1208475670917188 3
1.0386497054848436 -1.0326054709056778 1.6194427305850767 -0.02526358628145242 3
3.5638453062611397 -1.7129582603350888 -2.364807370130178 2.600274828264548 3
-2.0625465022425535 -1.2326202099695633 1.3324091105480358 1.7712912250491155 3
-4.2203373534626785 -1.369214295598462 -3.4663924890450204 1.3259330712692783 3
-2.6957930607044855 2.842030066251552 1.1452880772967304 -3.299543797934789 3
-3.5899415887002046 -4.21653908491555 1.585628408537954 -2.7165333144999324 3
0.056367954837962864 0.9536539405462179 -2.900505096621066 3.853312809086617 3
-0.1659699690316323 -3.2375873154993333 -1.3983188419217538 -1.8988770842573275 3
0.29939113886883717 2.7478738001353777 -0.17556357852112248 1.7091912997877068 3
3.1595263409695944 3.515554364644605 -0.5290898969525174 -3.279810994118799 3
2.589000189553072 3.9961968897448794 2.33799370472338 2.9521592585774834 3
-1.5654026561825383 -2.92029482938732 -2.8751718774551263 3.8393221997913294 3
2.0032721876349857 1.0353018760668027 -4.105996762183323 4.014286449153584 3
-4.335059357799542 3.4274497099956673 3.1416813153006204 -2.7495732770426797 3
2.064305913699104 -1.1012329549799058 -1.0667111957703157 2.536846439208564 3
1.2995850989013067 -0.48051441584696153 3.3123297633700863 -4.175812874156422 3
-2.9290683472361962 -0.5792041744654568 -0.680547446473139 -1.9488257159166245 3
-0.7870203014211671 -4.336229442442924 -1.4752749661927864 -2.9797270952856354 3
-4.489393818442681 2.2599660507256436 1.7607897532183285 -4.4263612773421075 3
2.4300495189999998 1.7083341195553903 -0.30286264069976254 0.07519001098938338 3
-2.8223184726275807 1.6121989736568778 1.81962759716168 0.5616450851460016 3
-4.21350763422984 3.4368644641650494 0.5404528778510359 1.3092326121091977 3
-4.260869688107649 0.8286651376330101 0.27875126054130395 -2.8515837238590693 3
-4.175791177586248 1.0630666373958448 -4.049294635437647 0.576705984805787 3
-4.295011170641149 1.5183094650521798 0.47911832689515066 -1.6634091128562976 4
0.700546954157383 -0.21113419216829976 -2.9388645688760917 -4.340697910933908 4
-1.8351183131625721 -0.3659864572209205 -4.081230780866855 -4.272930467805422 4
2.8961734231430496 -1.1539800650835295 -2.015770331477099 2.6990402956854602 4
-3.1122959580502436 1.6477586967078233 -0.10940657614719107 0.22971391135056352 4
0.9207413913268865 0.42010849728870703 -1.9193411060771859 1.5724136040866366 4
-0.014632582364086488 -2.678917671435501 1.5572606201539583 -4.006179511919497 4
2.34628879905994 1.3861694406892866 0.1357724135647892 -2.0420446269228876 4
3.3533019882150303 1.0627019773420905 0.427593519994903 -1.6366040656238847 4
1.514452375711447 -1.1299606530661137 2.9111566903402295 0.8354020772856807 4
-1.2764824446417933 -0.5560681003602673 2.512573373636033 -3.340481228856767 4
0.3070819944145259 4.473929365018007 4.343247666326946 3.6162537400611345 4
-1.5825348693883663 -2.876529010095523 -0.06055788375584015 -3.138107262320646 4
-3.2742310551601457 2.498777507230752 -2.508831458334778 -3.5968276889984794 4
-3.4567226223977596 -3.664038398528387 -2.4520346547460194 -0.7693106536517936 4
4.469853290533925 3.6020951682350706 -3.3936099285804926 2.64921544666434 4
2.6165014485479476 -2.2758039371731424 4.410347073096908 -1.16713591440366 4
-2.826657770910651 1.601190083292766 0.550623269903545 -2.750857850598644 4
-3.9813399795331854 -0.25737728946838534 -0.9750568417482358 2.3217769463815094 4
3.759738623870386 1.1189209195412113 1.2366995827417453 -2.373561564030034 4
-1.338676214583131 3.1351109704130082 3.9559128381341395 -1.3731274429982125 4
-3.5707778550197142 1.246411703017674 2.7115719561567646 -0.3702906781344364 4
1.2297570029936966 3.4932984839631835 -1.1409660887038608 0.8950199951251266 4
3.4877702567801743 -2.4379596506610266 -0.2162183862509962 -3.521012472476696 4
-0.764349259950169 -1.364522857630117 0.20504051704598636 2.5756234731535397 4
3.0103355179459084 -0.0055932741681432585 0.9027215826219401 2.4282680950879456 4
1.9351364402400908 -3.516067905430783 -1.952630166404994 0.5016274361005172 4
-1.4529826317447305 2.435468737540304 -2.772443473803608 3.342029675498363 4
-4.460304409806767 -1.7146668286738693 -3.0376286962995964 -2.00332755239402 4
-3.2890846197043078 2.252758711671965 -0.18820855349517607 -2.9671687625087246 4
-3.968791304790459 -3.2302383085050046 -0.23756225600699477 2.995115514847602 4
0.1032841357923927 1.4909698287232755 -1.8122319502258466 -3.448342747357871 4
-2.1527675921596643 2.604819756155331 -1.1682433646181616 -3.137153905611231 4
3.933776208859475 2.677158916086127 2.4969967761288543 3.167843744254893 4
-3.6785238170782244 1.9156609169732484 0.1992820627714852 4.168050140223925 4
-1.4310679900636953 1.4538620981225898 -3.322940068106624 0.7478879502814076 4
0.16558876905491382 1.7453020824737373 -1.087608142024939 1.6494800240192582 4
-2.7447458411609467 2.4798804723186754 4.020127215506761 -0.8861838231941684 4
2.535300783565607 3.5698614026236677 0.32010397377288047 -0.7171307632004487 4
4.327301872014532 -0.08598422778770964 -3.6369330101773816 -1.235795211438765 4
-0.331550331320264 -0.15960080846191882 3.8657145736060023 1.9146030068795863 4
-1.9795417338911183 0.966915961160078 -3.7139128192335886 3.658756165301433 4
2.8958690016509623 -4.421373830817823 2.555402980273899 0.4700690530817202 4
-2.291557851247845 0.906238186225593 4.458331347905924 3.104499746720242 4
1.0804520274853675 -0.2493632098874048 -3.3159789496220826 -2.569707430338129 4
0.02589431926958774 2.26603964855867 4.172990320891604 -4.298873176079458 4
2.9177941955976427 -1.6336816561643177 0.5102594804252443 -1.6836925440253743 4
0.4226341041803625 -0.6308572531160939 1.0194576166877185 2.063869742831618 4
-2.820295685078328 -1.9309944166532245 -1.4967121944267143 -2.053843160739724 4
4.447603135087016 -1.4934563930710434 1.6215677515262825 -1.8323096808477888 4
-4.0276456235665945 0.5439011450958352 -0.4282889982822713 2.6161491488022603 4
2.4951368989361873 -2.0550681857599766 -2.0941760134654688 -3.4746661251136715 4
-3.8531104631403656 -0.24468829818843663 0.8404221008783015 -2.4701425296257313 4
3.3406565305122617 2.15991153148652 1.6880536268804416 -0.12081085088350973 4
-1.30479101484489 3.5342006458833604 1.723864693182659 -3.81181908486546 4
2.3292860873807313 -1.5877571210860717 0.456794172601801 2.7393494576841384 4
3.657622547742549 -0.574898574084008 2.181080702895645 -1.3996968085288848 4
-1.195542136769467 -1.620676000057066 1.354126044001978 3.010567843390012 4
3.6880856129462525 2.29771945595433 -1.1627228806971102 -3.8081765424441905 4
2.529752211401692 1.2689713871041506 -1.9115121805342818 -2.0260574852422537 4
