300 60
3.5357413629240146 -1.512181752289405 2.9158565602804396 -1.7009842342526469 0
2.891062107520486 -4.1247303684727505 -3.3390844756180016 -3.5926069706516177 0
-3.5310898805762885 0.8554685778561621 1.547751467996835 -3.2231211514619638 0
0.26835625973539445 -0.7307331429901112 3.8073270470719063 -2.2958039744037766 0
-1.481329356540037 1.1026748897648115 2.232588770659793 0.9993866258883154 0
-0.5567271650201333 2.122938957138212 -1.3960463832898848 1.1810744934427995 0
0.16232770799341878 0.7097274020354138 -4.338605341784974 2.380117253625671 0
1.3081958630603443 4.412018442360748 -2.952246656544985 1.0116585553643467 0
2.8787237722965724 -0.7811915866543727 -3.4415388911178812 0.6335648043282311 0
3.386408896859647 2.913834893134692 2.102903312830052 2.669241511979738 0
-4.009729429598808 1.9677351290777487 -3.2736687759674323 -0.2084248330036138 0
2.7195350618202783 2.1276597943029505 -0.8006693924399053 -0.9082029750495823 0
1.8821857570305056 0.3684316887227532 2.975984254451235 -2.810566723157471 0
-3.376582430574512 4.118825659227015 2.3536516559717855 2.1221535837851913 0
-0.8706933113857213 -2.547439557087959 -0.6981036251367428 -3.2665827118425055 0
1.9554826180798748 4.447866945797438 1.8403354952608115 3.375434420655881 0
-2.1994734995924845 1.5417848874535234 -2.9172231285387347 -3.4419446563788685 0
0.891053218252049 1.9559893099996175 -2.604561930483501 -0.5086981333855333 0
3.936145811804141 -1.3337120831426819 -0.35572643811353255 2.312395966212781 0
-2.217293122757436 -0.8777474186690429 -3.0219126199153377 3.5960428839365077 0
2.2185964546648647 2.016635106705195 0.1952543681084471 -1.9853861581379586 0
-0.8450298354744962 4.404418634520021 -4.295155617158306 0.7732420900235389 0
-0.4455064732935061 -1.1357240930968238 -2.6829937100813632 -0.5262140455217846 0
1.8866574555228188 -3.7578730201946238 4.147008199132992 -2.678246106109051 0
-0.914643730698451 2.4379286967709177 -0.7762874939130667 3.0936757665567027 0
2.382758851504204 -1.945265547980724 -4.255059854486714 1.5397949237399313 0
-2.794120286666575 -0.25874131738216477 -0.30947246598798284 -1.4147159435629262 0
-1.4867455994763883 2.1126153934228586 -0.0001865823375402087 -0.6109438295942593 0
-2.798035960186221 -1.520063332910211 0.5181488812273137 -3.5270700223366176 0
3.09805578740312 1.0352163089013846 -1.3047226671007646 3.8687895992575654 0
3.467376717636345 4.288977183669102 0.03493178713996703 1.2732895254353616 0
3.032177336164643 -2.872578365226546 -0.2643166670556395 4.211231653632247 0
1.065694576091295 -0.21502014053990248 -3.4524411419490812 -1.344833250070582 0
-0.8625901079454471 2.1769531879410824 1.621873179389915 2.568869481337935 0
2.9333996025226527 1.6490684743887747 -0.9206774174862575 2.166919996817752 0
-3.2465555505812485 1.8254255165857005 -1.145915252058662 -3.621605936525903 0
-3.9704643885227573 -2.766010727239057 -4.347252298617081 -3.224847877634853 0
3.8231438845967665 -0.8540778837240752 4.3836607430953585 -2.7716550040487404 0
-3.165376206591511 1.640584176071254 -4.427978216245004 0.6160111762305008 0
-3.028601243118434 1.3340271695985952 -0.1593243970093542 -1.8188067485118453 0
-2.2354727114656976 -4.1276204882918845 3.8754734540401343 1.8162671677765765 0
4.128503402843764 -3.9040156726791158 -0.7720658945834923 -4.286894685575281 0
0.11646167477074565 -1.4283306790207115 1.716605241335789 1.5565328740107836 0
1.4400883678085799 3.0998460340691034 -1.462091379702934 4.250901987650857 0
0.9347990103639509 0.7849232187816175 3.7905992636594785 0.022784008272537237 0
-3.4467026801882232 1.8940530189849922 3.119219354121036 3.1681735621242724 0
-2.6592906793938047 -0.08668986068556339 -1.1771680976536727 4.436991047826632 0
-4.170523226075903 -1.6613678197010613 -0.9960714539653488 2.346063458159833 0
3.267273663894077 0.5261995640175199 -0.3974943583908084 -3.467312399038529 0
0.4203704364883706 -1.18957806959299 0.5428518716207925 1.8638348373342524 0
2.9534101658905243 -2.012845865106249 1.007485005832414 -1.8102233097167844 0
-3.3690749250003837 0.5650297154340858 3.4943215746704115 2.6360685549604743 0
-2.0939489516345056 2.475314354757225 -0.9061325089473249 -2.0224121098393013 0
-2.8853428901441487 2.54931004203746 2.8879499211667867 -2.082438416420475 0
0.971966887508634 -4.1242601146180204 -2.1568302288385173 -2.087699257820905 0
0.5514761897244117 1.5132396134424786 0.9569734175514162 -2.028144676564171 0
3.9455334599992598 2.5740527293076694 3.224953098379632 -1.9471934384999905 0
2.2538742436875365 -0.026541217489020608 4.0219592926431975 -0.9764600242952629 0
-4.115407485124101 2.8518074680116907 1.9326408271137119 -2.9156897261254087 0
-4.3773863022734485 0.45037067143594467 -2.918237890580575 -2.140389420481745 0
0.6011709419254612 -3.483734986915682 -1.9392727359595927 1.5049599378542526 1
-3.935013841518622 0.6725180247032152 4.113599805537851 1.4536725403694637 1
-0.13063260788379238 -1.787201125783742 1.110057402832537 4.286382389313026 1
-4.141839977580344 1.2050472282670177 -1.6962020269267495 2.667028924941883 1
-3.380978851195107 -4.395547400261513 1.0769982859935885 1.1105191826175433 1
-2.010000701893218 -1.7860901391525488 -0.9650951332404712 4.296955914015245 1
-2.877141316469902 -3.8971983322667962 -1.6550341366811487 -2.0975608533207994 1
2.513105581734243 -0.8932637319451545 1.0686591734245345 -3.8264653607396 1
-2.2876663382392244 0.21394969070400993 -0.9257243270248019 0.9506574570712554 1
-2.205128754961065 3.1671761562398455 0.680115601411157 3.5247972113774555 1
-0.1484677971870504 1.1083495602246756 3.5802817769890236 -4.031356404589585 1
4.2576525439133945 -1.3072722341232703 1.9740109899861735 3.836548158615435 1
-2.4781892920136506 4.308424250638238 -1.8239075533051936 -3.492669125832873 1
0.7836697890073148 4.335132498637506 3.176554142726244 0.30125671251650377 1
4.217994722838997 1.8459354214924928 2.716464459598291 -0.47232894633762146 1
-4.325527719171021 1.015473505068891 3.676856841094079 3.664433847803972 1
-2.253967478641593 -3.335078634713762 -0.5415828489419062 3.1390070257988234 1
-1.2036497858727548 -2.6991584539720193 2.7691260103984146 0.8599879948157678 1
2.398332723081033 3.907630485745363 -1.5689559059053706 -2.296859422869205 1
-4.26237841746955 -2.1954275612308374 2.1458718589005437 2.3110465244386376 1
-2.1042175932525646 -3.219050579398979 -4.319654833347343 2.2761485508613224 1
4.063493797467002 -2.2714924266903296 -2.6474801779448818 -1.8739242744599292 1
-1.29432451642277 -4.059548207408218 2.5603298448952794 1.0765852639443958 1
-2.356823959106356 3.445422800064346 3.6735008255171757 3.754457308436618 1
4.179897144963068 1.4042504170305858 -3.119519929033981 -1.6013289441374117 1
-1.828250038522398 -3.9659762457179775 1.6229579219825698 2.208944869935835 1
3.2799283643907984 -3.1037319232132283 -1.5491270595445796 -2.10262653654335 1
-2.0740671898518634 0.4338418563984394 2.8093243914592203 -4.49969092200263 1
-2.229503039599138 3.10210277071161 3.3389229553335964 -0.8917425357289385 1
0.019933942918518355 -0.13779546085865169 -0.00767867439343084 3.9306436735965837 1
3.6473276782248734 3.737415471682831 0.34733210097361733 -0.26455746016852744 1
-2.3253506657542156 -4.331097969919811 1.7897564983949465 -0.8249595097037472 1
1.5326072655729508 -2.0649293245213807 0.7931529586617209 2.135196737109114 1
-4.3712419361372925 -3.6258264776671143 -3.28779373070138 1.7102405136942962 1
-0.7304606512292487 -3.415065956842076 -1.669290086487222 -2.0319560461227946 1
-2.636199022067576 2.205499192081856 -0.31758454024348237 -2.7149568031641422 1
-0.3988080399398446 -3.478413288708701 3.8517495285644032 3.7987047561651957 1
-2.5620870152533954 3.87218928750574 1.2583326680800662 -1.2596458316904633 1
-4.428947268531345 1.2768465548077832 -0.16410278480823193 0.1666326989092276 1
1.3019627487781822 1.6222615233911954 -3.922435505575249 -2.8025890197005454 1
0.7033811798372775 2.5607539320455786 1.0178641257798784 -2.317987926988118 1
2.8966246402472198 1.321464018071007 -3.6150920593103613 2.3586660060101154 1
-2.8832433224380045 2.0364570324437703 -3.233911319117527 -3.8094718384220463 1
-1.9375912101341517 3.0732889638773564 3.8890618516814146 -1.8444402422729727 1
0.6315043145131891 -3.7325914031965346 2.9030036821571974 -2.4926194113969666 1
3.698569767187533 -0.33789679916265125 1.4336678961604221 1.4130115922617676 1
3.986133311305423 -4.1355694610591005 3.1770124285642765 -3.6599460532962405 1
-3.5329052736027187 2.301476289363131 0.2925751205495226 1.8904817945424095 1
-4.124001741944504 -0.43593160640000417 -1.9868563822699192 0.5722747145434017 1
2.844772487642947 -0.7272203476401047 -3.4401062369209696 -0.8026017760954739 1
-2.7903678979019793 3.0906952692697995 1.086278548607302 0.6820019997642277 1
-3.5347831322227456 -1.907832704084632 -3.0510015002039768 -2.8312322784637063 1
-2.547280904373915 -0.3215949898447249 -0.7005829441088001 -4.088586595154044 1
-1.6236865173990451 3.681847580884323 3.8958022677525963 -4.005268417631005 1
2.5706463998811993 1.851756161010186 2.6993401671829975 4.2920621941026775 1
-3.240868946933286 1.0063920164586553 2.1930597510007304 -2.14057485496194 1
3.1634552428404468 3.813916186291232 2.2841755236551764 -0.4303627441071102 1
1.4598952838221215 -2.169184736080264 -1.5206637980073197 3.3556591031152756 1
-2.0088029289807796 1.2193019267327267 2.757552324702684 -1.9460144141704752 1
2.019654979718815 -1.749714714250247 -2.0143723124500874 -0.49224311639895224 1
1.6016632919455274 0.05844097674841231 -3.463969055269057 -1.1292260286516076 2
2.9644717781924896 1.649682533687161 -0.05781693853997161 1.6010608431699052 2
3.690910948091303 -3.420543413786257 -3.8928751152456953 -3.056095474510836 2
3.057598196778231 4.034428701346289 -1.0860897740498323 -0.2765355532488558 2
0.6625883872152455 -4.462694753602288 4.12604986406884 3.5220745380208185 2
-4.198389442909743 -0.7878058722738284 1.1669339758328867 2.7723715420927895 2
-0.37550477642250946 -0.20113364712698212 -4.342816466168479 -0.8314925258088467 2
1.6327876902345624 2.294022911016901 3.8404478164593114 0.7762630473687229 2
2.8870624775542217 -1.3832176185650447 -4.017842693662597 1.1747963549327545 2
1.0345510346331812 -0.9641938825635753 -1.263377660071995 0.10087594374720277 2
2.0281108822635714 0.5712537582631161 -2.1713232937215996 -3.2485405408060837 2
0.8530068221557 -1.0103704441757535 -1.2216904123890977 -3.6202613986320573 2
1.210143023571792 3.3101322879218826 -1.0221322374327986 3.854738372877062 2
1.3652439825893374 -3.342653822140802 0.45029864718051094 -2.5450890766632828 2
-3.7013554836491807 1.5971974031010872 2.152803253527629 2.1183565570006944 2
-1.299653134310931 -1.6674628819878161 2.6802847266387193 1.6299965007282315 2
3.5104827593123247 3.2752383983644835 4.310792707061979 -2.9125906937691775 2
2.7509608953855382 -1.2840906450385985 -0.7614863281753883 -0.03658558945210999 2
1.2670312997482451 0.8894929262411563 -2.6699814141489613 -1.0525977284244088 2
-2.3801187973803204 0.8072663630127874 3.9811383695993907 0.7416009181852121 2
4.473059692192948 -4.027728267034613 2.627278988906223 -1.9564680052140702 2
-2.3623160950195743 -1.5211190976769458 1.0914468798502965 -2.455183754112621 2
2.708407712142586 -0.5068850341866249 -2.5410986508903446 4.217875524020899 2
-3.9354883825106453 -1.6356889461078796 -1.8326681706021737 -2.467389068837343 2
2.9746736691323843 2.146025266912923 -1.9796279420150749 -4.255382468805179 2
-1.990485854504235 2.0574013770532376 0.608774311436722 -3.0300382224909215 2
-1.6227590396152367 -3.12712755274479 -0.8327761439367094 2.1409703910135978 2
4.363905535705996 -2.145329573397789 3.2677122446471545 -2.446493967846985 2
0.9776448840521725 3.7582642022807793 0.1305508151016631 -3.776983690602356 2
1.2869132211881609 -0.6589842275051565 -3.36048770757015 -1.0583594945738182 2
-0.9250561803356923 -4.059840641696305 1.3937788276431406 -1.7836920315555065 2
-3.768780575871951 -0.4438756060183867 -3.735325936134763 -0.5877627169606701 2
3.800874149659889 -2.399674922672437 0.05405501807780966 3.408354330534168 2
3.319733134295122 2.7560430585231384 -1.6235776434145222 -1.6194591372958578 2
-2.9326137706604296 -1.688602825400149 -3.924601739211447 -0.8449403681819607 2
-0.6444247480692289 3.233463211914922 -2.844965235846928 0.7337846202229572 2
1.207403422115736 2.923147034313703 -0.430583130400354 -2.5784515756619375 2
-0.026531187287413327 0.7421466621765322 -4.348695487271224 4.424305461389874 2
-0.41478989532968114 -2.175554941646242 4.286664342336737 -3.413457903543012 2
1.0650296543329938 0.6787576884284551 3.3897575804909716 4.396571142486296 2
3.30671959317952 3.821189358865264 -2.241845421108227 3.0478132070410533 2
0.667370265443227 1.7467430831316415 0.19903251314526982 0.22580338607263473 2
-0.9702289353277929 1.5879658809563753 -3.7038994280223454 -0.4128960133041497 2
4.483908545982142 3.9634399336676513 4.4216818994643114 -3.304052202011129 2
-3.228866429896678 3.9435148753246017 3.2156921026150287 3.4385421715208775 2
-4.152081802781434 -4.273337999297727 -3.729398666736344 1.9487164782728077 2
-2.899810960672598 -1.7545687026499355 -4.400629827477298 -1.2025516425833178 2
4.362725650061828 3.9911530304711498 3.3640950608947877 3.4615668635874908 2
2.375600111219445 1.1078107414815244 4.263053491534489 -0.38339755655009233 2
4.219952220357416 0.6571464196712011 -1.9648351452144257 0.07712535584049174 2
-2.5810240874804267 -3.298916142514744 -0.599277873846337 1.4808329920526657 2
2.3738348201748902 0.24586474117673818 3.9287639414962383 -0.4618596694651337 2
2.8565514109737467 2.64465950234141 3.4225700174445537 2.811548203318771 2
1.5315930338178307 2.490823627652799 -2.781196898626603 1.4473478358231298 2
1.6933035789748705 -0.6411171380199895 3.1227356992616095 1.3739286675124458 2
2.9713048914362634 3.743010574576779 2.9961730848091186 -0.37132483811554373 2
2.4969761469203258 -3.7273530824487233 -0.23054173063575623 2.3407799093279005 2
4.047115326974305 -0.20586869090600957 0.9708548835817593 3.304572843009501 2
3.4694121304799435 -3.7354017254689547 -0.5572681782706653 3.0576715507406655 2
3.944088685241584 -1.6662876764489434 1.224433985513664 -1.7677596824718376 2
-0.7104421637197933 1.6680463946275919 1.9491977600227872 3.175876918907867 3
-3.6826717773680198 -2.6278645969271475 -1.8913854252242626 -2.946990315324915 3
0.7471000284768402 -1.0327354933865216 0.8235462830608341 4.249823450571612 3
-3.542404399201452 -4.409235214651368 -0.6416523980360147 -3.7674463131478944 3
3.5652601834614495 1.5122284397113945 -2.9236822190973797 2.170444130772855 3
-1.5846143882494124 3.4746015240136674 -3.83351596786636 -0.8333949053209315 3
4.205000740963863 -3.76612980003735 -0.5177864272427638 3.6954758654252124 3
-2.1556772796507326 0.26704395516989043 -4.002389707079432 -4.212454321347361 3
3.7858338362660935 -2.4024926343989677 3.64691004981715 -0.26269012626529253 3
3.9181572103895688 3.6101518814721847 -3.236557927888317 2.487919269000244 3
-1.4561449469619412 -2.472880525275899 -1.6797994117103126 1.2325078539210144 3
-2.84979461435346 -4.0052025784241465 0.699209752119781 -2.84957160601016 3
4.1047195446862 -3.178692956922164 3.219024843164084 -0.6765835520777689 3
4.119959626151591 -1.4478518898470016 2.244787851356051 3.844544681754044 3
-3.9661916528366294 2.8730820528486514 -1.647406421496122 2.859143686942743 3
2.7306226439115817 -0.33008016841416077 1.0137515315528263 -2.210866381675892 3
2.4511916462847725 2.239372943735265 1.8009759472211244 -3.3352916677818802 3
-0.4437706039827324 -1.9496570445972132 -0.8233042057388651 -3.6332858153354826 3
-3.2175944765399858 3.690754269333752 -3.135248648728881 -1.764526630903933 3
-3.788048271397608 2.030947454605068 2.095601461443389 -3.283919678590494 3
-3.8008587946465573 1.5295989022517116 4.05329212895093 -1.0446164229914796 3
-3.9573575512601833 -3.498714209700712 -2.093132975623891 -2.395769676347495 3
-0.221913027537035 -3.771378934341113 -1.486960769952503 -1.8871631579938615 3
-4.212422910255593 1.2565557740428703 -3.4577441980847325 -2.7533135798878563 3
3.556568452875071 -0.15090654134469028 3.3242871408961627 1.2418607375697523 3
3.0389446668681255 1.8808864197949935 -2.180299877284603 3.5734491623175995 3
3.8972693662007303 4.269202408443813 1.8460234920463003 -1.2171965385891697 3
0.7934120201363491 4.0146780218033875 4.337951830597259 -2.1439412173876455 3
1.848106634747837 -0.3179333568613474 -0.60265385500437 0.09818358935386784 3
3.735230050996289 0.7163558495633824 3.7121268057148837 0.42000059787919886 3
-2.3472039149304553 -0.9944913319385768 2.235142613513907 -3.4329865321454838 3
-0.7009568919301633 -3.0234554156214215 3.3071727229719943 4.243312094345088 3
-4.2750018273434245 -4.026497840338916 3.493959379274362 -2.6304749993437815 3
1.6052986810607042 -2.2151199868548503 3.942280937552203 -1.6705800561718123 3
-3.131505207979922 -2.7217526981550666 -4.017625163672603 -4.015812836140789 3
2.864549697552861 3.525853415369833 4.271235948407719 -0.44015333745266705 3
-0.4111265649149092 2.167581753957087 3.7673395132289698 -4.1716767987163115 3
0.6752833544161603 -0.10336364002716236 2.320805321016032 -3.2674459279829664 3
1.2995959531387706 4.0347790025860055 -1.735493639849976 -0.4616282085019847 3
2.7219870441386838 -0.8061393658585421 2.982654774964868 3.3629424720840864 3
-2.237310387647778 -4.476386232647009 1.932296558861289 -1.582371664954242 3
-1.8784975775653785 4.312833041980728 2.915189818969179 -2.5742412898078535 3
-0.6850355690589843 0.36075466446102966 0.7686874246776535 -4.234500689531889 3
-3.9269728567329922 -3.2201010486485644 3.406271071024398 1.2258151431194313 3
4.370354167502872 0.32154588485289015 -2.3168611757407414 -1.29480315956495 3
-2.5095664131044595 1.2774365381052146 -0.04035710806494319 2.6169279030619426 3
2.041636285670136 0.03702088391833225 -0.11406604147566657 1.4481842114228463 3
-1.5405518443973962 1.9997878674272083 -4.4355236759901935 -2.072835676384692 3
-3.3281821675547376 1.9844385069123223 1.6669277883941427 4.461033967356865 3
-0.4702822027923719 0.1490986980206922 0.44731014109772127 -2.4624191718834734 3
1.1412489308233653 3.236343211378785 1.476818759837371 3.6914813269591145 3
-1.6625069066430624 1.7650403753571648 2.4987070193296472 -3.317970281004672 3
-3.4507198601656914 -0.5529097940882695 -1.3578520584074552 -1.2167951420122878 3
1.954596518264664 3.509300481339112 3.910504261314885 -1.033018432872784 3
0.5143851094450925 1.2004445872782579 0.11709569501366135 -1.2194776097969409 3
0.2901664630777704 -1.3881674546174776 4.336533899388101 -2.7701307374208994 3
3.111916981772714 0.6682859521687444 -3.1631384094083774 -1.401961407986684 3
-2.151458784563107 2.6740048172400828 -3.9017168813971943 2.1781492849791144 3
3.0105960084425303 -0.4240347159800236 -3.844809884055527 2.7735433599378716 3
1.6165274298821202 -3.6605915133138005 4.089912953992531 0.18642649732624628 3
2.0031326675856547 -1.4717331446842672 3.1131056471315373 1.2739909373810756 4
-4.2971179175356635 1.8460346492052713 -1.8393443626461878 2.668867351060891 4
0.4342442292276202 2.954412247091948 4.179829712535266 3.507047887672597 4
-3.463050591584121 4.438865276726025 -1.5555139439836023 -0.07439083704771388 4
-1.5073149244338893 -3.29448415091982 -4.149409119832756 1.8015162925636337 4
-4.118630073661357 -1.6123104127124093 -2.157482997130537 -0.832048042341493 4
-2.6110030078897264 0.6688813642652253 -1.3286725730973605 -3.6364902495480096 4
4.125483478723781 -2.548819964215574 -3.553793672494424 1.9861161513622325 4
-1.5378945085999125 -2.10494854016505 -0.02068747580148944 1.3842895642470094 4
-2.0604350658779462 1.6838422828952408 0.8567138811313273 -0.7842357126074768 4
3.5390294011478844 0.7582635091305806 -3.36100358936378 -2.56416216972532 4
-0.8939084717244657 -0.6682392147080048 -2.5914990638212227 2.5258934790397283 4
0.47687818816083094 -1.750778270131988 3.132684923533772 4.298723347693705 4
-2.180758014646809 3.6892684114643135 1.0312029098147042 0.7656215362610151 4
0.10354489408036782 -3.4237199211870624 0.3761884592959791 2.964711271192696 4
0.6352739105738698 -2.2503204526629523 3.0819965032553602 -2.1772432590904653 4
-4.451444608993192 0.6489253192664419 -3.216722492345246 4.003428160575675 4
-1.2762054460212773 1.6495449199316141 1.5994872515690992 3.0063263206708744 4
1.025951723656598 -2.9365470087546317 2.629003910338175 0.5438629287049603 4
-1.7877607962729778 1.942824062669249 -4.397183251225647 -1.6054563416802021 4
-0.6238332030443539 -3.287495539462169 -3.3407376039227707 0.2243672397138794 4
-2.9343989264297456 2.031084609868081 0.7797274394966739 -2.7231649907334505 4
1.1200710569050711 0.49865074629001616 0.17469684799859853 2.4203167868899884 4
-3.997944921358692 -1.0036685873886886 -3.8644343379667156 -1.4023430048542198 4
-0.488400067754716 0.759128498948661 -1.570071160192875 1.2977755619965081 4
1.7647855104879375 1.9609700112170962 2.1353626247367323 -0.983501407029749 4
0.8279215463945206 -2.063498901996584 3.592902741256684 2.7870231657431104 4
-0.8252190395566397 2.480741650743554 -3.5536295016745925 -3.9769459828955687 4
-0.30980074617354014 -0.8646139916050612 -0.9141565925009607 -4.3461240948504285 4
3.190770378833134 4.45586987755881 1.2394256641131947 1.3771777666934986 4
-0.7184137253430473 1.2077440683645297 2.6638757911704416 0.8194594720498102 4
3.7016587368044895 -3.1097652808225322 -0.6715106426852118 -1.2801273970059528 4
-1.87927221450188 1.3253402046779401 -1.8957283360762665 -4.217746664232226 4
-2.8946661152820043 -1.9790708545673117 -3.542638435594275 0.24136113761987277 4
3.925826587753484 -1.6659676383466788 -2.673643448010213 -2.0071286869307294 4
-3.6354716034623866 -0.006029989691347604 -3.8204845483973475 0.6048483684367012 4
-3.815827081956967 -2.2411942864596486 0.220516058996842 3.5028627878621585 4
4.0965475098090085 3.073749879639613 -1.2824633338603222 1.130253340397459 4
-3.1614237298836176 -2.2842137565898106 -0.07658585093789627 -1.6500907629926418 4
-4.007163444064837 -2.7014604495602 3.9683088685508094 -0.22542049031989164 4
2.7811964825665525 3.7340792597867947 -2.1133429084212727 2.9415993677783376 4
1.1247394702072686 -3.7308537337186403 -3.720298093943989 -2.775761824870492 4
0.011669372141464351 1.5072613798408478 3.752033077475672 -2.8689566478438913 4
-3.5409314496655484 0.7399366482039587 -0.7791788372205879 3.2679152872863737 4
2.3007106793024117 -1.0294455218843024 3.346220407139933 -1.1304665527270337 4
2.930599974652989 -2.9720500570517925 0.7070897908832591 3.826312303835948 4
-2.124896895876978 2.7446237383200205 1.5974807520622623 0.0886604231071666 4
1.6608745797575646 2.5379786624314633 0.9176804888339111 -4.36172993804152 4
-2.8921981908075955 4.080673240209547 -3.989878261436419 0.8148719105504335 4
-2.9074228921517395 1.7724931949338978 1.1843891568408789 0.9287656574590846 4
-1.7231509081985692 0.08243032936504169 -1.764229501643429 0.46578405879244 4
3.7304477757496435 2.4997759198604106 0.034036811969083924 -2.0112124078165805 4
2.241286495969916 -3.502442764477353 4.026759965758173 -3.6558756494317777 4
3.719056222720274 3.627694128081 4.397015247632313 -4.254174856835781 4
4.3570360332158655 -3.482865175988661 -2.2256558784282086 -2.570252135669551 4
-1.0547760490369638 -2.0253443599859344 -3.3966328969255715 -1.638329224342913 4
3.1383893852617573 3.592275715749657 -1.5229718056855104 -3.9394811392702023 4
0.04673577590559319 -2.508457929704792 1.4103973178272153 -4.4775741072271575 4
-4.065734175600076 3.428676180007053 1.5242850755747455 4.109578735667055 4
4.035728149382764 2.292089059821439 3.628287264292518 4.121354605386027 4
