300 60
-1.8480149758160125 0.275280800447647 0.17775231544513004 -4.0555076782575545 0
-2.7763129174725463 -3.8888967762783775 1.1377974629340706 3.558079591128187 0
2.58286913999922 1.4070016959826992 0.7743629756374035 2.5339804110868984 0
1.2376880643927224 0.6804260437773058 -1.3714642439730549 -4.223931894251732 0
-4.148433754300202 -1.2796775596480596 3.08052209569623 -3.976632490294596 0
4.011148681365668 -3.959597877161532 3.095306928733801 -3.802609922193862 0
3.2763789319158994 3.3956147353322725 -3.309903086199378 3.8076786029491627 0
-4.039257009415917 1.3717675391908934 -0.07029715636823985 -0.249648142118729 0
0.46576231771387755 0.8776192791514592 3.059821238632299 1.6240456433392048 0
-0.14824238120998112 -1.9531065522870792 2.668375532035631 2.6877607155576144 0
-1.8204685352840553 0.55358014793725 1.2234949727473965 -0.21087364348523907 0
-0.9355730755767613 2.5983063871100964 0.12454250410930345 -1.01015014174592 0
-0.7336405318871074 -3.204864713022049 0.6374388105838178 -2.6764863490396933 0
-3.1418397502139066 -4.002827848057586 4.093334363694738 -2.0816212986816165 0
1.9623347433328115 -1.869143809462753 -2.004730613527045 2.631393739651739 0
-2.7110351501969125 2.982275300794689 -1.3718495511321476 -1.4763982804222988 0
0.6119200775216791 -3.758942257087673 -4.139636398023142 3.6730359393795524 0
0.4049871653764834 -3.069371298894521 -1.8414803895607181 -0.4355321206050611 0
1.5908614713266438 -3.4337496160883116 -0.3655753497553945 2.2270513127988103 0
-0.4950354049193807 3.4918419074147913 -3.8637173181061675 2.4557649273509603 0
2.6754095699577913 -3.8881914456273625 -0.8091523245530372 2.173272222891333 0
4.147089808201003 1.4328485313841954 0.714858414875903 3.8430601384285774 0
1.9689847490199117 2.192190886206869 -4.05044019124016 0.9137906806191782 0
3.4896271669707324 -3.2944889918178633 -0.24885841413655208 2.095376655142496 0
2.492771225450222 3.0419236097579256 3.2600904341161088 2.437962514334524 0
2.963742875175854 -4.23758703132172 -3.804793729939704 -0.8369561846550845 0
-0.9866295785107393 -0.564732070487632 0.03866480016009888 -1.8290824413828672 0
0.18571557160198637 -0.0641459325088427 -0.6937029120444588 -3.2052361805478586 0
-3.3261364601224286 4.35945177895025 2.3004688326526033 1.6960450466065358 0
-3.908679102737232 0.7135566996966298 -1.240320228539959 4.291429268794728 0
0.7269734257805516 4.0890407900123185 2.205956627792701 2.8459704594925275 0
-2.7230060023769225 -3.7500713943263544 -1.5609801408458983 -4.4399255874027 0
3.454777959599135 -4.358734263441507 -1.1589724329320386 1.9321517248307152 0
2.6603518261817194 2.41371395485481 -1.8044673331681764 3.064868180073541 0
3.3483940735785342 3.7449907775059974 -1.273835912164269 2.5579598652482325 0
-2.0356812637399413 -2.372569862556605 1.6031201251794744 -2.233767179121178 0
-1.7053214071915113 1.9407893302662662 1.6495636533013907 1.9394424433643027 0
-3.7553805967193696 1.5793779870398386 4.145800943756839 3.2741445978139843 0
3.226722019897744 1.7360719570485545 2.8548390165205118 -2.400081040032757 0
2.5657532213753655 -1.3204687339744243 0.8012369405050179 2.1163580735711034 0
-2.518271378606363 -2.29164848586225 3.8199840363566193 1.8820779359226258 0
2.0467126401680784 -3.9228500438801195 2.1781047130493145 1.1535537440005368 0
-0.4163628425201381 -0.11090403478306476 -1.2459743627003532 2.764737470655377 0
1.2678734650004533 -3.5444803287299513 0.6379115169515588 -1.3371345025903654 0
0.6624894402093378 4.143112146216399 -0.5963034356498003 -2.6086419742151836 0
0.14112522177785936 0.6284254130536215 1.224963203865943 -1.3380716198868317 0
4.392059954142837 2.9958384156215647 -1.4375679041968543 -2.6214171535066293 0
-0.016706861064034406 -3.7786379592237305 2.3326480343708713 2.5167533588834745 0
3.339422946584662 1.9177776808868194 -1.0534226801186288 -1.013502125574915 0
2.089008391811706 2.9125798831801375 3.1937423383347356 3.884230459931043 0
2.204812900951257 -0.7824363471372807 1.967294235236388 1.1321737580499103 0
0.1323480048805431 3.118873456053452 2.2889255989901858 2.7736257766574695 0
3.2297585116220686 -1.7054674745112766 1.2594797470056383 -0.5862291492715569 0
-3.42552245419302 0.18863533197450666 1.5721569900861636 -1.4625083456868015 0
-0.45944938532674406 3.5755854743862825 -3.004250733481439 -2.301904164218519 0
-0.062078952721260294 0.04029766192432016 -3.9888798961511265 -0.2201217320547828 0
-1.2138871554863453 2.5470550898292665 3.270486013993338 0.09040249932922029 0
4.0313071728770895 -3.3298648823362105 1.741015601949549 3.312290681535264 0
1.4500140617346364 -3.0264092235884905 4.390348047578647 2.774461981968616 0
-1.7195511203329685 4.199671388453225 3.690695806596801 4.0650419104748705 0
-0.15430792801098336 0.3667270067486377 4.151210943982899 -1.1286913726280545 1
1.9005582156193697 1.6868856965966883 -0.5765002991922668 0.6253847975888714 1
-4.167277671914657 3.4935350936027136 -0.3357613600995034 4.000585321630347 1
-2.8027421277018156 2.538249822252402 3.0295349724955343 -4.380606082924573 1
1.2953350977492455 -0.1314091250829258 -0.5294522507161817 0.23439163635055382 1
3.861404505892761 -2.0710672857435353 1.3609962188881317 4.260263728112241 1
2.82761087377171 1.7553786606370694 0.25787693815313273 -2.4673255125111346 1
-2.3802192729502893 4.079724226569322 2.407079702402794 -3.645175592896936 1
0.7689213768575344 0.7475982180781795 -2.8904626125428043 1.5243336372821177 1
-3.0851141180944985 -0.672835823220726 2.9036389874768345 -3.025528766136791 1
-2.3848027711088373 0.9045659395776264 -2.878907031651673 -4.471641291380079 1
-1.2545241974621661 -2.9801389648235075 0.21473193564778092 0.5060369465661301 1
-1.374781958844914 -2.5693468228280243 1.7386196629433477 -0.8333669665724508 1
2.6507546369687325 2.6253838628680826 -4.399693141018446 0.06227699113993623 1
-3.019136788220143 2.2532764366103613 4.320283119927347 -0.19999361976504793 1
-3.9969304303858797 -2.4077661695845185 -1.8338771419280206 0.6490300189032433 1
1.3508678834538206 1.9641758753237795 3.078867418520937 0.7984318012432824 1
-0.17955482849500903 -1.461467991083612 3.090516339016995 -0.8140412926006857 1
-0.9926433961044179 3.2291747446050305 -3.5718167618448033 0.5146260615101639 1
0.1024705001591969 3.3722101288424042 -0.9695173139481047 2.2869227655150652 1
4.0179469873909675 3.92160340264341 4.328416062156173 4.371367364009109 1
-0.06265861256607308 0.904664480020407 3.6777796709621713 -1.7013761803265754 1
-2.635469098738366 4.105694448406027 2.9466594734207763 2.7511685253901006 1
4.381294132632125 2.964409590181077 0.15003391640401775 2.320515873782469 1
0.34100513722621617 -3.7481614165258943 -0.5558096740860563 -3.170410430430453 1
-1.6750125989826332 -3.5449789569337753 -3.482977577687969 -1.4419238388802906 1
-2.655822187855169 -1.5703344331894793 -0.5399818172270462 -4.155707345876626 1
0.014480885296068391 3.404868784298227 -0.8472783715544617 0.8929249779902784 1
-2.150919509749839 0.27123095297572564 1.9625657225857087 -1.7313594695091954 1
3.094763779051924 -3.2709196223584507 0.3954798278034579 0.536286670646782 1
-0.8979839073963041 0.616367579002176 1.0146517092155047 1.0377215305697955 1
-2.825629086959498 -4.376556600362718 -0.03570673828378601 3.036791117973978 1
0.8351015017286677 -4.358562911191663 -3.4885135110992516 0.45403874342183637 1
0.7739435121490938 -0.8220338881584778 0.35788340093113813 -4.025445698495055 1
-2.4423845230916554 -2.791046359163506 -3.311487058401146 -2.780451742621106 1
3.719726279682533 0.8119833469674099 -3.966523494353485 4.005521440855391 1
-2.9592508744701806 1.930270299665787 1.283527007691955 -1.2547448287499106 1
-2.3539854702212706 3.7962462892445528 1.7659185590157362 -0.7913040031262616 1
1.9914648007460567 1.5923068117890198 1.9433733407435994 -0.6989025233845046 1
4.381295007087442 0.3577067684774148 3.390584224368666 3.0022044522123825 1
-0.024236300497496588 3.583146402046107 -0.5159160608203341 0.12368097737485495 1
4.153741660957203 -4.480154158629088 -2.776328824991896 -1.723561508469357 1
2.979916452037524 0.5153500600779165 0.5516718065338725 2.9938684597826732 1
3.915150260652326 1.9659711734725538 4.483451359379654 -0.02188513204189091 1
4.122763279760026 2.3323544117913704 -3.8992125209189448 4.261198529538816 1
-2.1249519669870756 -3.278236209590923 1.4691589351289922 -3.6394739174323556 1
3.6143050120580456 0.14465923124989088 -1.3961816200923791 -2.236663735477288 1
3.1449283998948623 -4.002325582724488 -1.0616841916904005 2.566581883480806 1
-0.6304320186935957 -2.649896386434608 0.5612312913588305 -1.5947641235559296 1
3.3353216929188108 1.746305924798879 -2.3175851504229295 0.32932914033622807 1
-3.938137189519235 1.0328675507160252 0.14957503635831704 -4.406944125189924 1
3.053562837657986 -4.195959245028085 0.22404828271274957 -1.4274927873490029 1
1.0135358931983474 3.8323538372360395 -4.210382976973004 -3.279005734876645 1
-3.1368528582985244 2.051427298179062 0.09449685352899684 -1.532194233562595 1
-3.1426138398850645 3.0595665614542478 4.063699451380327 -2.3821048955674304 1
-2.8564401544521854 -0.9800695202118406 3.3935084347622038 0.7372380726246963 1
-1.2581723090166141 -0.9185205330037554 2.5923667796023673 0.9433522791867963 1
4.411951699459849 -2.711316746372806 3.159372955689645 2.551311660722619 1
-1.1767202084653752 2.424548021861995 4.251488012863661 3.58435681071686 1
-0.4907658849950599 0.5064318448460373 -4.373062968764572 1.3421362946782653 1
2.374206583369117 4.498050452846551 2.9899964971047197 2.6511349326998865 2
2.861325869606307 -0.5493767244529144 1.182706689735559 2.53439818574002 2
-1.4222105452415996 -1.475894815600499 3.639170059018745 -4.324675659099896 2
3.4151668059507414 2.2640454488199704 4.354653351583518 -3.8524906198422384 2
-3.805915890008822 0.2362016846949032 4.446270531642916 -2.9916649466639242 2
1.5576068043402787 -0.11141164629938127 0.3229173745577476 4.475550899191401 2
0.21566356366599926 3.2298033468109306 0.5701386523512845 -2.516797495532698 2
-1.4791619319329457 -3.283601114803713 -0.7897375908566501 0.5595474598024074 2
0.9872746206867702 1.4419796180241704 -1.8455779493460098 -4.209024652380012 2
4.293288595075217 2.8999949145753243 -0.37430959693667143 3.284397089682247 2
2.5079149807417362 3.985670182266089 3.2513936938400314 -2.287468502803053 2
-0.9115501430747586 -1.7798569886768076 0.02929391063526765 0.06383786688388382 2
1.7398548803923395 0.5346049363961729 -0.5069858754533508 -4.470111962645616 2
0.14262047707331693 -2.495706915646668 0.00030439171209895033 -0.3987188854722161 2
1.3487393324800445 1.5963899071215577 -0.8404756341769135 0.6613025393529817 2
-1.0228686847855921 -2.147289892990494 2.5017359981357457 2.2531828025220384 2
4.488853052611957 -2.1202586698871726 -0.9181005117887309 0.49207848964520706 2
-3.0172343332209053 2.5487816987535847 0.09660612645127864 2.0598835403864126 2
-0.1779127843340228 4.079862569475781 -4.151015903908091 3.729060841961123 2
-1.2344570940445234 0.9273226086600899 -4.020198595976323 1.1811419766447568 2
-4.414396652323463 2.413615686714113 2.9027163273598644 -0.4910969426500047 2
4.192981465691608 1.6721839008766712 -1.7877287774678277 -0.268348118513279 2
3.0358284313343207 -3.5728021363463958 -1.483990665403564 -0.37950404307864605 2
2.5943555084170384 -0.624608053591302 3.715632940864885 1.491053223142528 2
-2.922678389660116 3.6033989990589386 -0.9407498312116707 -1.6392350306284014 2
1.4671745329356414 -2.5583762902488947 -0.6303932502130258 -4.482174374720167 2
-2.0947869044933034 -3.1024067934510744 4.113868849108908 1.0449504213367797 2
1.3777866594470332 1.8841579925311462 -2.0477492097060814 0.5484825008613541 2
-3.9415255192570617 4.284262915946764 -0.10465437998286353 -1.9363837569324138 2
-1.7842250529362067 1.411916479151809 -1.9956292212068014 0.6197114899065802 2
2.6589896914183853 3.3758454971988567 -2.1857968749786654 -1.6937006090931734 2
1.8535917289321984 1.4696129954161685 -4.254416404353936 -0.5590061739993698 2
-0.1882547751549467 -1.2691942595771053 3.0782759353040747 2.4953698393302313 2
4.089308776687511 0.9825345027504834 0.7669648125931555 2.8500759864592426 2
3.212777972330709 3.4238417432078583 -4.473598386374488 2.565345342132421 2
-2.887148062063299 -2.5483709479730283 3.9260470005455352 0.03238270389766007 2
-4.181718451970845 -3.145603243246691 0.4735982135607726 -4.395423969905112 2
-3.4615595259160674 3.6331633040716538 -2.3492184674738503 1.24669185047 2
4.321102179512476 0.08920679555462785 1.1683207774572755 1.2925881710312952 2
-0.4821431492438908 1.6622839749825578 1.0029973144529745 -2.345327636401631 2
-3.383458868691853 1.7897482121975434 -3.269607351044626 -2.3758165455572593 2
-0.5454369919617397 1.4020831725747016 -1.9710461453655106 -0.45993122396713115 2
2.6725534006981935 0.4355456711261403 2.101829357114531 1.3036087855776572 2
-1.7527393212124975 -1.5371049194512003 -3.693400158668482 -0.46419968177100535 2
-2.6064353328323904 2.5871256005096246 -4.241776635661493 2.4800440464312454 2
-0.8623598920816737 1.8887973966986005 -0.1845063488241091 -3.363670287577973 2
-1.911464537080134 -1.9248713739842618 -2.890593279927127 0.8170859395928617 2
-1.5001558996945037 0.0488337356601064 -4.059791372608881 -3.3507932417493693 2
3.796378367180897 1.9953448186463942 -2.6850194937945457 0.28623354931186806 2
-2.0973987720676366 -4.1630434637551375 -2.7203896645187164 -0.7736009511393084 2
-0.5195283380693432 -1.8921592136391994 -0.30063466967788244 -0.7776897088325577 2
2.4468420948414966 -0.8946177191704003 0.8936170984990914 2.49937202439308 2
-2.8239620486766603 3.494848201714745 1.0099803164655605 2.482541500833793 2
2.7840645159941872 -1.4206641987261164 -2.655065439172689 1.7828775808972852 2
-1.9107787101570635 1.0790322046367038 -4.011591429501341 -3.22788717677953 2
2.4409682211555594 1.8190074280131368 -3.9868235719481495 -3.420472918960768 2
3.412396504557143 0.7902336912812038 -1.3774384329751652 1.8755583530513746 2
-1.9581171655677014 0.9395795961242994 0.9494547205530735 0.6010927179094875 2
1.2991019176400802 -3.8363084668160456 -2.1079234875062203 2.0396297087116833 2
-3.6176891902481265 -0.7875271585477 -4.024484519455985 -3.779099461186235 2
-1.459771856021891 -1.3978654441214657 -1.3254652836683871 4.471203745922912 3
-0.06104970259965392 -1.6533438756154335 -1.7410810264444168 2.662823299095046 3
-2.7238488537043284 -0.5543085154876153 0.8693134495019257 2.053233888508471 3
-2.7916521863697863 1.6761359634571755 -4.084802544337144 -1.8274970922710383 3
-0.9350294902801002 -1.2092345686753934 0.27940770514394075 -4.347221584274044 3
0.8575043662672529 -3.2329020160507818 -2.5371905829660326 -0.48461995668180635 3
1.3416511494267773 -3.4473190194446692 0.257962757284551 -0.4487415818554068 3
2.8188908883713313 -0.23611567142254564 0.9196015432747183 3.2147811928098955 3
-3.8329435258235955 -0.5794247480377979 -0.46195381282352066 0.0629226804216042 3
-0.03767962698128913 -0.665708641903998 -4.133321062751238 1.8335988127267373 3
-3.5931134475348627 3.9342094278778745 1.1171326086796527 -2.826901873173 3
-0.42378085612714766 3.733021934701834 -1.451907505556071 -3.148265837614334 3
4.349919376403044 -0.7386476586794835 -3.470576700161831 -3.322442442241143 3
4.058156767539721 -0.9471602506336259 2.493509625790812 -4.409695021540189 3
-0.8753201430928885 -3.6449325435735376 2.8859278920775657 4.054802032661033 3
2.9021822624451934 -1.7909746506371058 0.6273909248411331 2.290539747782642 3
0.8972914107645142 0.86413181693765 2.4068401100028254 -3.8344132333521843 3
-0.14804167628430098 -4.249335226766974 2.557618787739446 -3.577552306032751 3
-1.833614879380056 3.6728023250333903 -2.6112096223329564 -2.8869989654359998 3
0.35048732432295904 -3.1855779263359407 -2.776645471728676 -1.573221890255478 3
-3.1355835460450336 -0.8522063335629825 2.9332906384880415 -1.5609537826464592 3
-3.314000767200491 2.763494368592118 3.5644553825941414 -0.820140022846346 3
-0.5522026273032764 -2.6823906216969107 0.6466557844834689 1.499610727481802 3
-2.6191581890439033 -4.211896573543464 2.918973163480749 -4.050033782940451 3
1.8137205369964358 1.8248712881355917 -3.6230350243055627 -4.311478524474868 3
2.4529325328357867 4.014344018589156 -0.21090895846244762 -0.8238750206501833 3
-0.10799650318785725 4.061507966971697 2.6298413249345196 1.1165969635426494 3
-2.5075121107482685 3.5795264987430624 0.5141284572553408 -0.24217219633765352 3
-3.7780925909558665 -4.4796012011824855 2.064761528275781 -1.7379600995052928 3
-3.7151455178711643 0.28140941702026256 4.27826275265303 -1.289666916690385 3
-1.6911320291903136 2.425670774812507 -3.1843823485762286 -1.6149015371657387 3
-0.730765853918677 0.4775924606753458 2.133513417158995 -2.9132834823008515 3
-0.4628694249147124 -4.1475494342450405 0.7715865427284408 -3.7160144327641094 3
-2.1537437743788495 -4.041382794073736 2.2866164335242942 -1.4412285868475583 3
-3.5750831238753493 3.0159570926384864 1.3074159075612513 -0.2712890415294038 3
2.5175118263905176 2.2981360063281993 -1.3581020572817701 0.2632581220574386 3
3.1650439583682255 -2.028801237101702 3.3504353666975195 -2.973251314921273 3
-1.1746994637618728 3.6809507752966297 -1.0369273375148402 4.126581572406199 3
-4.421513939605862 -1.7343280820345957 0.41318474204665734 2.857089820351749 3
-2.0200331878172815 0.934671488313001 -1.1450998546828695 3.5502434436296104 3
2.833621720683901 -2.3396871441928564 -2.5228483872438434 -3.3222294045503515 3
4.048958490239872 -1.5117879359481825 -2.2419102866289373 -3.4768155550090265 3
-0.03916678603637758 -3.785196227701483 -3.6682555520784397 0.8529950136626656 3
-1.6289329628072355 -1.240043567534551 1.7281756843035034 0.9017355077128769 3
1.6773234872877718 -1.6855729212909205 -0.22414031261576084 2.620698645863064 3
2.862597990652979 -2.607676809572591 0.5438335282256742 -1.6643654630678193 3
-0.8120942708805796 -2.3570780200859094 2.9218881578252076 1.940758354414072 3
0.20433781556184638 3.879215572454213 -4.433184081683076 -2.751409829454007 3
4.396728973805355 4.104895078551665 -1.4701139694822447 -3.8142525821375486 3
-1.0399980479655935 0.07031596999856649 -3.870978962667691 3.5422952269535557 3
0.07443504788110711 0.7115501814917818 -2.409344445288555 1.0669304083122473 3
-0.416946020536466 -2.393429938668833 -1.5632290210491409 -2.5858463136977856 3
1.209231865806914 -3.2460174027351023 -0.5310682277466359 -4.319519672890879 3
0.9170475471326214 -3.246874944901198 2.7182895463041503 -3.627896560996508 3
-3.603067629843614 1.804885739303609 -2.3363301092281046 2.940387314097663 3
-0.22930563722739528 4.116979328514644 -0.3163917721191438 -3.924387891675617 3
-0.6123616481221846 -3.991372766053954 -4.001771852685867 -1.2498843032463611 3
-4.347350625641943 -1.032993475785742 -2.855036892049805 1.1548957567717533 3
-4.376644292755527 0.2648724921004466 1.746585402450917 -4.447472879036434 3
0.48530718632808145 3.1887663335712633 3.521195192779537 1.7315616326380447 3
1.7571203885315594 1.3978820794105749 4.053946119171125 0.3590614480240968 4
4.137209332023579 -3.087369928817463 1.2647686139597787 0.2878135866234792 4
3.663787125081708 0.2438478404869584 -1.970176604357813 0.7929809367575597 4
-4.275942710575564 -0.7311743851805965 -3.256244662183072 -1.8224833716146294 4
1.2345338268529986 2.331441415770157 -2.130527508291896 2.779432180912121 4
-3.5909161396148632 4.376940183897606 4.481004061393042 -2.5592671901183692 4
-3.991034780870978 0.6156129937165619 1.8122924835333203 4.458241350835411 4
3.1374682338276543 2.352625736235636 4.020662074362092 3.1607707329271744 4
1.4986408063876135 -4.16762511184422 0.6026066764606902 -2.1475377130815816 4
3.281471499482975 -4.305689401564454 -1.1752009991357992 -2.1971590089874726 4
-4.379470378018128 2.859515116088622 3.7700426231278152 -1.1991010321291071 4
-2.2406737577829428 0.3666104812537955 -4.058344575796562 -0.6856488651695228 4
0.7619489438517688 1.7581545900100202 -0.6353427173330132 3.5777957467204393 4
0.649106597367593 -0.9278390555474562 -3.1758413829406282 0.013699329506938751 4
-2.303342878591498 2.512529229431891 -0.4336121340051805 -2.19873787996662 4
-0.0026240021022198023 -3.407938242679722 0.8881281877013468 0.9635260718511232 4
1.6274592565136938 -3.4838459925199476 -2.0930519139072805 -0.7214006765409041 4
-1.0280512567104951 1.0673882236758245 -0.8740867234301155 4.212781563291805 4
2.3180531428404 -0.043632930335915976 -0.2814860176792404 -3.0594030632574487 4
0.29727853596441633 1.5861364722427123 3.543250836365827 -0.05618625112427955 4
2.7092650212275937 -2.6127714834698477 2.6013250870350015 0.873327873791136 4
-2.1752717941115685 -2.1520587186589495 -2.880594376385693 -3.9754931530483653 4
0.4504805269280677 2.9063585157571987 3.3713368103779056 -1.0865482541630218 4
-2.8141004517795802 1.4411030838794583 -1.4441489277374018 -2.5206276552909075 4
-3.281579162849052 -2.4894594497800395 -2.735552766324585 -4.002662758911472 4
1.4852923819645518 -3.0924069797467357 1.904470686103011 1.2423751959330593 4
-3.5773565532634324 0.6738990256830013 -2.8867609559360803 -0.8006198508351468 4
-1.3268970824020725 3.094946211573872 -0.9453557103440857 2.575589182012875 4
-1.1126206757791484 -2.52232726346607 1.9724701969965255 -3.923826506937835 4
-0.12219789404334314 4.479071782020887 -3.8132585000233425 3.8696740878080673 4
-4.33642447840402 -3.8431036349427607 0.10687876860732592 1.6368714749900213 4
3.3788624026533847 -1.6047418500576245 0.9954062549886273 3.2142900994664863 4
-2.156937071983028 0.5386257749993671 4.329930241589875 4.11569679960213 4
0.22372934959231017 -0.08277451004176273 2.4198342869578653 -1.9829413403672653 4
-0.7352453193452658 0.8512490895095671 2.1326033489186655 3.4804660687323743 4
-0.3323549000686489 1.0673784112674647 -2.207358449139111 -4.341639100631182 4
-2.4440643144587044 -3.2996357546562836 1.355133979866542 -0.0588680022488125 4
2.1805033374935636 0.35007282507538284 2.9778518171639616 1.8933163171465033 4
0.9771403583292139 1.0054707989466931 2.1777188204678253 3.895193043125432 4
2.214379481373324 3.113415228422423 2.062549751926638 -2.5601540328287844 4
-3.8474041129526997 -0.6179095949628425 -0.5997357216677937 3.5263202476566784 4
-0.24445975581067303 1.1860596463284103 4.162356221709702 -4.326648119595062 4
0.9963946041021463 -1.2703591797153149 -0.8433176781875868 0.30247737461854496 4
-1.5611891450154456 -4.223459039286492 -0.7214397316725988 3.079243571589693 4
-1.3566228757456762 -4.301788606170786 -2.911739947226381 -4.173750364635992 4
2.0944150359562776 -3.085910712834579 -2.586253876365495 -2.508658090004506 4
-2.374997039442833 0.6057301849394542 -0.8723033119695978 -3.081522047035094 4
4.1807919421651185 0.09914196281595378 -3.4405070254459633 1.5895835566383718 4
1.452295507848557 -2.404382136567744 -0.04256529863449121 4.465947689248185 4
2.6639020005138163 3.6248713155544907 -0.43042778435833096 -3.080600240293594 4
1.1317380129312635 2.902731301148972 2.795094302078671 2.618466356975469 4
-3.376091458728705 3.291060382036699 3.418476736151131 3.813481170869844 4
-2.1979576567106562 -2.0212426285219394 0.5858586243236783 -2.0678021728464713 4
-1.029789990189999 3.49019590059867 -2.628292757368309 -2.5369557653103287 4
-1.2364792526177268 -4.47901651542429 -3.2661645004071476 3.8839228499714515 4
-4.151536804074621 -0.5326532431726667 2.2180247985799335 -2.2691761443660017 4
-1.392700301076446 3.815225281594508 -3.0932227022201473 -3.677303466360202 4
1.5608529434575373 -3.580694320927729 -1.65590863148702 -1.686969907552421 4
0.78096661586766 0.14024724612896333 -0.9669246836710196 1.6895091868818533 4
1.68866833278304 -1.704696766153718 4.1477221968536595 -0.40288337249797734 4
