300 60
1.3533681756563252 0.04908036361358603 -1.4553026893557977 -0.5598429010640825 0
3.4074132382939677 -2.86343797165619 -2.4729043288032853 3.966091983049772 0
3.1700976180713742 2.2512265749540963 -3.325443585001201 -3.34506143786839 0
1.4949150073679036 4.39105903448366 1.561523296586289 1.6512678023763334 0
-2.1872841965655287 -4.245246672547517 2.0211878507115135 -1.1494567342531814 0
1.221472039149015 3.125811487379636 -0.21641812588184928 -4.273412669222707 0
2.1255716260440964 -4.312735992688586 3.9476246815473153 1.0525273021428703 0
-3.495571824014705 -1.8204863232972617 0.35300975305985616 -3.743854165588184 0
1.6827317220585933 3.254634504014816 -3.4731890603269475 2.0957861342520663 0
-2.712290767345972 1.4147012754938029 -2.5338888318223307 -0.7140113306938125 0
1.796900660928856 -1.3284677811793837 -2.0078484803778522 4.232799246386104 0
2.609644930427759 2.826431443053436 3.009549417098623 3.8130745887942497 0
-2.7232084394808025 4.045097647763842 -2.1647253107637145 3.5569760666796455 0
-0.21059652613106428 1.4994031318340757 -3.833044108301363 3.0611176346648703 0
-2.598191664737398 2.767736914645307 -3.5812087666694192 -2.2385976954736995 0
-1.6228249149831075 -1.854576227683904 -4.371875433628639 2.86704571199159 0
-1.7827364011477902 2.9510046163057546 -2.171735705845478 1.4889213242200456 0
0.4728031996699129 -2.7749033556060674 -0.5436436919658904 0.07017652836955801 0
1.9283106662697642 1.2588332149887786 2.851734694591129 0.9993108767240912 0
0.2988344821196217 0.6527512202669212 1.5240573585833799 3.9380536086599593 0
-4.389007162653714 1.7571418047401868 -0.6718864088083811 4.263964053955154 0
0.31193289333447416 -3.7877875444492566 -2.219505732629603 -0.4578261173239231 0
-4.377262484302674 -1.9993226395794563 -1.0336831920598728 -3.734332857260779 0
4.47646754231682 -2.469594258420922 0.23294944745126456 3.912930232308126 0
-3.5548618210557796 -4.353292991482257 -1.0015963819224953 0.49986351001840224 0
-1.42535292932483 2.7737825286612443 -0.9186007251491994 -1.9119691857415022 0
-2.5441233938889 3.9114447107760695 -0.27733652412174614 -2.5151313161396565 0
4.396480884395324 -4.4008497463140905 0.2768771317068064 2.128066067361525 0
2.56412478526562 1.6682725693116993 4.321703528585754 0.6899285962421745 0
0.14079588894933526 -2.077981464786652 3.9189780249923363 -0.6421079798707671 0
1.4830332371451762 2.4941200751669452 2.1458669079705968 2.9407796972083835 0
-0.2190086524223075 4.390076176974168 1.7726672316161642 0.739895080487237 0
-0.033791491012266195 1.5436987896176588 -3.3594502829350543 -3.551263909498129 0
-0.6276664677017944 -2.1512003151376833 2.7351461768464613 -3.1290276119136275 0
3.997767257571537 1.6841817061465703 2.7508977238577526 -0.6222089087130487 0
1.4368985605086437 -4.181680026537329 -0.9637173471063658 -2.044257747389468 0
3.655788875852283 -0.7312921064421244 0.7481714131683197 -2.1447463120088046 0
-0.21650854254952223 -3.2792965358594524 -1.0875484040594476 3.0233354274803985 0
-1.2398142486886847 -1.5645268716177725 -2.7385622492550263 -3.0467838071299775 0
-3.1678394363293574 2.66297133811669 -3.3284334718323585 -2.37213538892755 0
0.2091790208261115 3.5475688146192708 2.5106618828482534 4.121978478807945 0
2.649741544533736 1.1641782052772474 2.250363687760904 4.248310877386658 0
-3.895857124656976 2.5854301181509514 1.039590478679643 0.9000192407295404 0
-1.0896657657951856 -0.2643985195157923 -0.38264650406986145 3.306037891900181 0
-3.788093943973831 -3.1192519125502285 3.680193583633546 -1.8742203669215605 0
-1.1053422798433683 -1.3387191913889172 -3.3318450621771882 2.78058294625214 0
-4.072454144435508 -2.364073323113761 -1.6987581897137418 0.8402192699298735 0
-2.731995476803626 -1.021944198762697 4.1667850615790485 -2.0892791506968194 0
3.0041171985775765 2.4745165191037697 -1.3994073720533238 3.1662120452623985 0
2.73180812723714 -2.776654906203662 -2.734292423585406 -0.7180601626560136 0
1.4285482053172038 0.3281858234534911 -1.4177503625402892 -2.8805445552809936 0
-0.21576172350445777 1.3265145133065008 -0.975606596844599 -0.2778063941620682 0
-0.10558601784835486 0.3541058917748686 0.24065807736550826 2.772156972324638 0
3.772015559641331 -0.39999335120446344 3.1640705058090735 2.371263543875779 0
1.2306822515359706 0.930236975298223 -2.0886336546881092 4.312497579646599 0
-2.192820711793668 2.3326079754327846 -4.107070835088054 3.806491388722578 0
0.369765356344781 -1.877013001536258 1.7884545128475944 2.4886620182852517 0
3.303839086302414 -4.395157808239295 -1.3459304478801606 0.9550760631010901 0
-1.8613117133587873 4.399947649253525 3.6991889908697004 1.6935789043832137 0
-0.13271371774454133 0.7561833792838236 -3.643202446488761 1.8996289245315596 0
-4.336523493065551 3.5154306694668636 -0.5786704285895189 -2.540793841111501 1
-3.408124021236808 1.225239666570621 4.348005168403239 -3.5377406886716107 1
3.4753906408384294 -3.143466526362879 1.7439557971432895 4.2591012421001695 1
-0.9474561523144148 0.4402986755220135 0.1522356548346796 3.6044287270042616 1
-0.24774678598533295 2.2172040056891635 0.16773027368544102 -1.1564917363534404 1
0.697569142203162 0.35223375592590267 -2.9526817005568224 4.2380181069036045 1
-0.7630480183445701 -2.1285691529663695 -0.22354459030233886 -3.4700605500396593 1
-4.135806144628453 2.8438891419292003 -0.8324615312676027 2.926569681026354 1
1.434426291054539 -2.3142875722173457 -0.4726143442090941 3.4902783185963266 1
1.4807481565915577 2.419933648651649 -2.6444102268787377 2.1946768408332082 1
0.26800677942895634 3.1131599198778424 2.6791404082300665 -4.164606344075054 1
-1.5623028929504283 -3.1613275195449817 -0.5743716669766386 -0.5082639763405952 1
2.5517187157779406 3.4355921047072826 0.7810438371254712 -1.114998110056207 1
2.8745158566778453 -0.0063269990043245405 -1.3359875655755973 2.9104556070664684 1
-0.6082778815408401 -1.54952324815142 -3.7397317924632594 -4.088469032917717 1
0.27634661325595267 4.222752967099978 -2.2593833032356683 -3.327355990040718 1
3.872052885042299 3.3580881532885853 4.486627877993719 -0.48798354705760005 1
-1.443490548803108 2.8189560454889566 -1.1447374724712351 -1.67197454530189 1
-1.080164989739964 -4.43057699414399 -1.4784707368288084 0.5301311372476378 1
-3.4753603634920056 1.7263771063688913 -3.7841839400458794 -2.638678473374654 1
2.170000668967577 -0.9672708413243051 1.0826907101986565 3.412797703854892 1
-1.8495131039822144 1.289124928475121 -1.3843854067091041 -1.320650594039845 1
3.6293781233940763 2.3950676823480768 -0.7758070045323566 0.6930358540909488 1
4.458445523560137 4.341957464228515 -1.1227963706472133 3.432603118148731 1
3.3758525457771276 4.009826331376081 3.1631914992561017 0.4860220230736052 1
1.8537917647612985 3.180911395274652 3.500889140387345 -0.6355983127666422 1
-1.4896214646268056 0.14549824401340083 -2.4428441668984924 -2.39013742672569 1
-1.067668191675594 3.3359880854544053 -1.1203692725858656 -0.9376752669591266 1
-1.9540245191852015 4.490675263952463 1.5119945214260548 -1.0269734749312351 1
1.577673917580373 3.9417203313668647 -2.7037773020569973 -4.182759439885317 1
1.8030108972627406 0.5674043123312692 -1.2410031884351365 -1.3428495568471948 1
1.0717897836417898 -4.131449213014062 1.6244030166592278 -0.21401409888575196 1
2.6784547998512385 0.3361015818048867 3.660273813600137 -0.5126507896084977 1
-1.6548158663690142 1.0458716634906273 -3.024071023785176 -4.487121527155882 1
4.472614616108627 -1.029844498432058 3.229852376535321 -2.7400220186595035 1
-0.48260571038170463 -3.3585466190885196 -2.5409520288264806 3.305443734270098 1
-1.051989906653147 3.729963877160814 0.10741524742016162 -0.009757031123292514 1
-1.6084999296425133 -0.12166082502658171 1.0108337755229577 -4.000582951595832 1
-2.8019970385279045 -1.915740501554872 -0.11594124452710952 -3.58239199270433 1
-0.5193536176459869 4.035082550875748 -1.622447317745541 1.7828916556001295 1
-3.6570506911200025 -2.5007667932225868 -1.7818434460096801 -0.3328096538156319 1
0.6338431283783951 4.244188238166517 -3.487540888019119 -4.335745275551536 1
-3.459265905003362 1.8617700343927392 4.086952967327175 -0.7845164739355812 1
2.3201537147622506 0.08834113639131425 2.304647525485456 0.9359110249280617 1
2.148728454132359 3.8661553147432177 -3.8937340631885746 -0.34087073456295536 1
-2.507059640557137 1.1540685878949117 -3.31462791917711 1.096294634955713 1
1.8000816861547548 -0.794684740864787 0.40935134533977646 0.31838187660760575 1
4.186943363935272 -3.400458021525192 -2.1102603648415226 -3.324332730320933 1
-4.072181942151528 -0.15426308639674557 3.3066187696731393 3.0862971661101555 1
-2.455013422189018 4.219290541445557 -2.2835887943373954 3.893920024815373 1
3.8959682169960224 -4.3022025425030215 0.2747775949477512 0.3327509042702673 1
-4.213240063184262 -1.489086851195307 0.02250109928303312 -2.695713342244294 1
2.0802673968891545 -3.9051467818563954 4.379325562658199 3.1107404071624014 1
-1.6449633273492141 -2.761149342221562 -0.7935825744942309 -2.0808077744326012 1
-1.854476302453366 0.194660059970309 3.8751963457406386 0.2797138559924123 1
-0.4965817960425605 -4.377650402613745 3.017562985453715 0.6399994413428176 1
0.900602412605602 -1.2163421581360678 0.6917144354201903 1.7422107129613347 1
-4.328905499993549 -4.413813545122332 1.4821967555957687 0.0035953010971847554 1
-3.221747361908852 3.4065834221402405 -0.6604234609181481 -4.347657053602066 1
2.019766023356671 0.15105002814852586 -1.9599246536978852 -0.5480766708738957 1
4.042883171754329 -2.48392850939423 -3.5771349691096512 1.2365146240733893 2
0.719881461841186 -3.8129311000200614 -1.9777552671143677 1.2959575300931219 2
2.5679463505521487 -0.057875143939558726 2.7728612750971378 0.036273719559862916 2
0.3778831843993887 2.069732801253516 -3.477739775132657 0.35719130246911646 2
-4.318711135551662 4.109780254164405 3.506454367901826 -2.5817404263821206 2
1.4996124885648663 -3.6961341042883804 -1.8228830936492704 -0.6340310533647504 2
1.565246744165036 2.363914599647006 -2.9137471979740646 -3.7256565712719025 2
2.0312651937041966 -2.711259792027339 -4.456231387348864 3.851417852459845 2
1.6194418502832275 3.744884453666283 -0.8884642371517196 -2.59255888724849 2
3.0291418763816322 0.5851733013672462 -1.5949147351538429 0.25580800194101294 2
-1.6599087723963235 -1.5765364586368649 -3.103475678603953 -2.1414625980362336 2
1.8930959689935842 2.9400560412697745 -0.3880469516871461 2.258887121195788 2
-3.139644743378099 -1.961587958904976 2.975500143243307 1.4888005917511933 2
1.4914563181781184 -1.2502368423514005 3.250720535332128 -4.160531494166657 2
-1.8809070225138296 3.3778878726256134 3.6990761921148905 3.4575062095455866 2
0.23961219164525127 1.7037717273365645 -0.6945919744276124 0.152436924903518 2
3.0830745712223298 -2.2832597757691713 3.723159886496874 0.169282765809871 2
-2.8865178604447363 -2.2709113000227568 -1.7557055810246185 -1.9055557321925432 2
-1.2080594758133056 3.5901880410980014 1.1575274119954355 0.026864260607692758 2
0.003090589325242865 4.00309565764502 -1.1292349087019016 -0.4720160548799591 2
0.8503172449802557 -2.5402333393111145 -3.816236977214627 -1.205440923207274 2
-1.174697569402035 1.8407614498363918 -0.3210476568377417 -0.047455192768515286 2
-3.537049276931993 0.3780164139267421 -2.1818439462350607 -3.3372189697719357 2
1.3023454524574132 3.7484003703777535 -1.4616370682484676 -0.6723756797585109 2
-2.7485117078702506 1.5154946107849532 2.5660450619394157 0.0834940314454099 2
1.9836051014075387 -1.8461122905301606 0.04049074355956239 1.7250816106072668 2
-2.748985942661138 0.12922154770976058 0.6183643200268835 2.6334924999707208 2
0.6953893448005516 0.9627179083588757 0.7910373461404803 0.779776121305436 2
1.1945965353608967 3.0945440906496833 0.2654493290831863 1.7327963692628021 2
-2.835580176851074 0.5361211790067613 3.1406088623797173 -0.15484574842545684 2
-4.138156501889293 -0.45127798243986783 1.9090027608180644 -3.248576286196106 2
-1.1527187940818133 1.8830947095195958 4.044951315971487 -1.2901998448519467 2
0.37586555173382497 2.888639814048712 2.032463603998949 4.20957850045133 2
3.422955277020785 -3.3766685853713407 -4.004517129431566 -0.5762562422804727 2
-1.547972027570085 1.7952418260481 -1.7517561185631834 2.0979750261221275 2
-0.3973011220512438 -1.7463944842086736 -1.496132710623511 -3.7111351530674606 2
2.4835071126315125 4.449291727880396 1.6711457319093328 -3.739276626894013 2
-3.7379197916450844 2.6433940007838754 4.330709239235357 3.7954727064090115 2
2.147546865702423 -3.468414611840383 3.455890935090115 4.414123318921117 2
-2.6754438422337907 0.6177079824429945 3.680436490779796 -4.41016876284935 2
1.3183066652787812 3.2076253437919524 -2.8350826194244103 1.6449192350997557 2
0.31663443084687537 -4.289613521701292 -2.8985043195391924 -2.2133045010268555 2
2.262971333080638 -1.7491536819085751 -2.5562821790264905 1.091024335653982 2
0.09597885009244711 2.7448972505743785 1.6138993520464537 -0.9609318340091678 2
-0.2807645493379891 3.8357959758269455 3.4065746281199343 -3.158426031824228 2
-2.910452238675926 -2.6800319186621726 3.746384092885873 0.28131271615070874 2
-2.902940553882249 -4.208425528186392 -0.4617771549927998 -4.468070735286208 2
-1.3108986387141768 -2.175044061063778 3.9116990708201875 3.7671714834142906 2
2.3609460512740794 -4.422893060269775 3.919445993796013 -1.8314028739913484 2
0.8186855146249453 0.9170453654119423 0.13885791150126148 4.226553917769287 2
-3.91743535827849 1.8423358295881034 3.647474894063632 2.638547554105308 2
0.6065458917041403 4.3857274950561305 -2.123954580117301 -4.173783610519756 2
-0.41869453647727195 -0.420626592834643 1.0182998629672144 -1.2836604309985922 2
-4.167681645598392 -4.195542203497922 0.013404721125786168 1.661984921657822 2
-0.3205003872486595 3.135282240864935 1.487016749838229 -0.3179939636028878 2
0.7805517773818413 -2.2776397518225444 -0.4902187786626069 1.788813726621231 2
4.120932703587115 3.8986869983922574 -2.9186655580886596 -0.6246656431613418 2
-0.46700907108270784 -0.46042441144393986 -0.7469714630943012 -1.2680065089263755 2
-1.8534428804400165 -4.421989917036689 0.5487823995031952 -0.9903580842398247 2
-4.136695428862259 3.1588391674065637 -4.023429426869346 -3.916265800651064 2
4.489660083174582 0.8378095222458518 3.998870321057319 -2.3261231832800546 3
-0.26760241331889423 2.60552739633271 -0.6134944011801007 -1.7552919914673515 3
-0.13441684367773776 -1.3100575503476204 0.9630194948421225 -3.4502519083221888 3
-4.05421617191531 4.426782716943975 -2.276379344367088 0.7680388044679972 3
4.137719608567467 -3.086455977121606 -3.9234201168233795 -0.4837893970955016 3
-2.0865855587945643 -1.382643620750164 2.8971266455482816 -4.1662877090082 3
0.5323481622471274 -3.686519487239602 -0.7610299142383838 -2.8656652813094374 3
2.0488484701084575 -4.394299936826835 2.6547260977660017 -3.522975569584547 3
-0.3247600933530076 -1.756860037107422 2.0851491969746467 -4.475188691649031 3
1.2966261031001336 4.404952138877329 1.3146186228263461 -0.21190864406080645 3
-3.197223826369471 1.1150220370987602 -1.4602870911748516 -3.2595791444086037 3
-0.5967692537672871 4.412233935885397 -2.5294089753565867 3.6489856039523207 3
3.2895530302130123 1.8969844322472227 -0.22565452263988905 -2.8114771241425833 3
1.4422364356188067 -2.1516851832267063 1.4728525361402605 -4.371523287521672 3
-2.6329611218278552 -0.4776049166192061 1.538379737100691 0.416054181006303 3
-1.084975518321891 -1.8213216428176453 0.3278891431462668 -3.1156851396211795 3
-3.0082191025459273 1.205176821921854 4.101918430981533 -4.045589187678143 3
-1.855453216658195 -0.10658745355096622 -4.253052470970646 0.5359541441435862 3
-2.5624016742918085 1.84629229253768 -1.2458055421429746 3.7114493590127817 3
-1.7828415658750627 -2.1441749558235905 4.289641469418767 -1.9342976606144568 3
2.3227640812721075 3.084433690153942 2.096403823564765 0.7274292198057172 3
0.916368813631093 -2.66753658212977 0.5133507750247551 1.6427143847651993 3
-2.448588914671802 -3.9588703635910174 -3.6678418900174874 -2.2355898740164317 3
-3.950603844042697 -0.3114250085162955 1.054385614884663 1.4713879057624537 3
0.8409897671412746 -4.146757995957949 -1.5052348414091496 -1.255463467938407 3
-2.398693975470431 -3.140977481059834 1.4511282984173595 -2.2655630570356036 3
2.69911666317419 -3.7049522340508427 -4.147068072076854 -0.9153097355319297 3
-3.915218895749036 -3.590996718910887 1.8666179310615179 -0.5797657076711269 3
0.12876747043356895 -4.168799141178961 0.7230890155447166 1.047907592085191 3
3.996783753262304 4.436295617875477 4.1755085743525395 1.090966029242649 3
-3.1098285589060675 -3.9751718991386236 -0.3080745536132893 -1.977857173863453 3
-0.05592042441305234 3.064399523566514 -1.0394627477335618 -1.961055408470491 3
-2.5674268287633257 -3.630271648086788 -3.734589662933545 4.416694626671181 3
-1.6030790738853544 2.8389269734850697 -1.5591930040810307 1.3030479833496678 3
-1.2607746396333765 -1.3834661882013788 1.4263306140934269 2.8720121139140797 3
2.629131762614546 1.1554676486855935 -2.389172731832139 -0.6348906723109136 3
-0.401147033371815 -2.0599408524435336 0.6017669046271444 0.9680960747683646 3
2.364579883749665 1.5599477679977718 -0.11797304880989201 3.7496108442628255 3
-0.04168183369231826 -0.3848016578398463 -3.4859887744606017 3.1607949630832977 3
-1.5798345753283762 0.5454279305243892 -1.5084497831765449 -3.4093264731497683 3
-0.0172118133518655 0.07041151238761778 -3.469517954086756 0.7872180749426049 3
0.6965283259065749 2.9854890033917463 -1.28005206368924 -2.273444536005162 3
0.884846880652763 0.256636130161532 4.354201646290754 1.6163612270446575 3
3.0744391872081036 -3.0938284090225987 2.6455279048318543 -3.2159334488403486 3
2.644479800138657 2.728388907735266 1.453667033446446 -0.9789450260035647 3
2.524948591150277 1.4592626204365144 1.5136213779636911 3.2650426337085445 3
-4.22757575823273 -1.141991566080096 -3.0202604085167466 3.8586425419572357 3
0.6414120642982677 -0.7313496200370879 1.126688955970732 -2.03664994055016 3
3.337546120219297 3.7128161594591855 -1.3436922425928124 -1.1222124442473642 3
-2.450792465785095 1.1186351003563124 0.8414896102312799 -0.16118039624344982 3
0.6650086941893445 0.7956472352265584 -4.005959909813718 -2.860596680723497 3
4.339252473509965 -3.606816012408372 2.620770169490042 3.2662890041088746 3
3.944419072920956 -2.626260916408703 0.7320079786866697 2.092053097343467 3
0.789411367072376 -1.52750642774531 -0.39504274145587137 -3.501788245771318 3
-2.802238248557125 -1.667111039410386 -1.0099116763128668 4.482607221544755 3
0.691205036426039 -1.5370394319350553 0.7842909987894633 -2.3163182919534844 3
0.9880436805932602 -1.430721925698733 -2.355575395552062 3.317045091007024 3
3.217961939310326 -4.18609763911382 1.0011182783236015 0.9410845599440035 3
3.0064308585649697 -4.34118932610532 -4.26460458559594 1.164233704731402 3
-1.7114119546393212 -4.453941972625347 -0.43685542006554157 -4.189410054924857 3
2.1850868159887478 -0.13538543459782637 -4.386127650766748 2.488734172948382 4
0.15538362537186245 -3.3737901786716575 -1.7164133293331367 4.046035201730137 4
2.4070913060732955 0.864343838202256 1.7728602410547007 0.14935541252942786 4
0.10907334525993717 4.079697934583334 -0.0588236240978075 -0.2340480697468752 4
-2.345426868281642 -1.8099461173682407 4.335535195190731 0.7012634823747923 4
4.072260393574631 3.080357544832209 -1.94745499613866 -3.898815390815816 4
2.519700121089107 -3.9174507479494007 1.4926000561639776 -2.3347009982801907 4
0.4496735755456528 -3.8354523033899657 -3.6283633678341958 -4.441378984553345 4
2.559508899129903 1.116609024072686 -4.272133122589903 -4.441877113981277 4
-2.1957490347282147 3.9326049774972223 2.96073558813167 4.209371998578702 4
-1.2297719062726138 -1.815612084363128 -0.7857863879325628 -2.9428743278358613 4
-4.364852906718539 0.8364536115916559 2.2796349510260874 1.3967902667991656 4
1.6775416364988611 -0.8965726597172298 1.1365441228477238 0.13435242797342917 4
-4.316730608655312 -0.5863919612092706 0.06766518205681427 -2.1730705957040857 4
1.6442090766572988 0.00960563691100691 1.0929928864634673 1.5613989443143084 4
-0.7475915747585751 3.2513123921120775 -1.96450979252007 4.363487379485583 4
2.7868861811466066 -0.6283671212148306 3.7881758931533454 0.05541498604417683 4
4.216284420337734 -4.186336846951475 2.091431670967274 2.770771603148817 4
4.096505536880477 -3.9231958369824778 -2.8952474098682086 0.7295619838854283 4
-1.71830186749072 -0.6616800722457047 -3.079836275822814 -0.6062681292404197 4
2.215402610439292 -3.4174364840996203 -0.08131738373606168 3.1228554872784224 4
-1.6308134200742312 3.1361267711516883 1.3223636895211666 0.5945951579686596 4
-4.361803534551707 3.8202129437716983 -0.005059636845893389 1.7150203985763395 4
-0.9773433772685157 1.540780789699081 -3.298127896871491 -3.684185967557977 4
1.5414204543555894 -3.517841923600976 -2.169308594960627 3.157761700357688 4
-1.956657902794908 -1.5093053019150786 1.607386444745406 -2.234737732615563 4
3.140312384487663 3.676073942673903 2.864585606010694 1.747828834191263 4
-2.5969172498000956 -0.633172576512158 -0.9652844149288723 -2.9114006203301415 4
0.3345725383305943 -4.225116096942958 -1.6742742623889222 0.7663661200473625 4
-1.6900313238823164 -3.114901853860335 -0.6661087520291666 1.2707564177393764 4
-0.1949655337812225 3.749494713080489 -2.781097005567614 3.71038784885457 4
-3.8537279111329514 4.039373749572666 3.4880780587312805 0.8169503492713411 4
2.7804889676060527 -1.277550083196609 -2.4939716151844706 1.7315755653088898 4
3.017859333553004 -2.328804354368711 1.257026517046775 4.02658715330055 4
-3.199078460940083 0.1801682404258259 0.39435391154998045 4.468908104945948 4
-3.8181359752560433 3.7593890975988886 -0.5375284391716157 0.4895443502257173 4
3.948104231905983 -2.8265130333804684 -3.0803597190788956 1.1458101384991526 4
-2.4679531381753943 2.2433162267065656 -4.331907358325318 3.9772889278862182 4
1.6870475829542215 -0.17052129663913407 2.372730235080069 4.337903341023636 4
4.309049084253486 1.476873072853198 -3.7515452861247547 -3.435631885608084 4
0.643040337407451 0.8598987526199646 2.1877370447722635 -3.1129397532186114 4
-2.3859528407266533 -2.413726211409214 3.4814389604904363 -1.8322894204367088 4
-1.566768649098071 -3.6233766216063947 0.5630347663807336 -4.426994597440139 4
3.585271197853644 -1.8977964967051255 2.4034651419344084 0.7709983386953362 4
1.6894202961498253 3.720806564654756 -0.9230337362134025 -2.189251267134751 4
-4.063395469816406 -3.517844970834809 -0.3864530667537387 -2.004703037023955 4
2.6818025633499216 1.8191489483669714 -0.9527846377234911 -2.591581239682772 4
-2.0751667736190504 3.281907864771928 -1.842812658537928 1.3685494644751284 4
0.5016219808254615 2.3177217241866073 -0.20804122865072017 -2.6996907123322478 4
-4.355647842215245 -3.787375007951699 2.8765261422196335 1.3926740099432144 4
1.6331800693772698 -3.7705477670834098 -4.196121603388022 3.592318336076728 4
2.7021228665829584 -3.9534677216828538 1.6195909004484066 -0.36327353430986353 4
-0.46363089643354016 -2.858218646795849 -4.112065710267316 -1.7541965174678726 4
-4.379221956351427 -1.1107222886814907 2.9149534455477397 -1.042188349501753 4
2.6145939181444584 -0.8190566762992495 3.4946859444993654 2.0727199669056096 4
1.1188812780028985 -3.1320342834150834 -1.6158619955702744 3.3076750551984335 4
2.379555080968688 -3.8199872250718094 -2.489873478407219 -0.12944494347650082 4
2.206963965397457 1.91048110967122 1.4950429067503725 -3.2022254328897204 4
1.100282946871061 2.8425322310680863 -3.4242569116520545 1.1479338047875145 4
-2.9852753071157685 3.335027138690535 2.462851792995729 2.467267949419711 4
