300 60
-2.4903802876181502 0.20847007260608497 0.8716187501227091 -4.276535371627091 0
0.45631310923062973 -4.089582448804743 -3.7693236307356734 0.008655827144533612 0
-1.253440481870046 -2.492271524778401 -0.862144322335569 3.2373649814270524 0
1.6985354563922084 -3.026417174991907 0.7611583755156065 -2.9354407099664077 0
-3.867076198750497 3.969097742212524 0.18847551291847142 -2.589781012055653 0
0.5731324221134275 -3.798068945490116 -4.4773145950216975 0.18354279668448537 0
2.0037646001235587 -3.073930438291502 -3.1679199941955876 1.840786747583118 0
-2.2474682393037897 -1.8586146950802225 -2.339221466690151 -2.4866208180607914 0
1.769496427877354 -0.3216232076386344 -2.0344838116528634 -0.038559285756346595 0
-2.5644407065709443 -0.4785636412830817 2.9336967009776633 -1.3439168208928907 0
-3.4120912361493883 3.759183069702525 -0.30682670169743065 2.785013107633587 0
0.5980169584727598 -0.25182615832265487 -0.3887639181975403 3.614902046859618 0
-1.6689021781750963 -4.111058432370365 2.892448589133151 -3.312049119437769 0
2.2720042526397575 0.3894213948418622 -2.5608663855315705 -0.23529296814052003 0
2.4047138314323058 2.6140388959420817 -2.912993018840231 -2.6250401188091503 0
-3.8500075856283287 1.4374425096706278 -3.786129586340396 -1.7286934910755059 0
-4.020305954901777 1.6652200745043066 -3.6913393637525362 1.9959393325576 0
-0.5098413418806164 -0.2880346735803502 4.476785205845207 -3.190401584520399 0
1.4495340128846355 1.7096996873395072 -3.881243799868331 0.7953173884838661 0
-2.1300346399899257 -4.396689596158426 4.0409211214378145 -3.2375599134479316 0
2.441650019622887 2.8452809365996448 -2.6511141717592968 -2.210565216311342 0
-3.2432255662653375 0.70206071017357 -1.3507858290092136 -1.9083833367403154 0
-1.4339315516022062 -2.4100606127784014 2.73988098346897 2.832250104549119 0
-2.712206217734058 -2.056583040401874 2.367131575646749 -1.8369192411841886 0
4.291674876096237 -2.5611391954677463 -4.298878809210226 1.2369654817150888 0
-1.292333246441134 -4.334400480324454 -4.333251538942426 -1.7166523959014932 0
1.0511124263551275 -2.42635150997024 -1.3605062606160807 -1.4268099797698333 0
2.181165624592646 0.7582518755539785 1.3934005940826029 -3.368282135254802 0
-0.7190680086921869 1.8832754897537591 2.7615536728665058 -4.178430665354728 0
4.248409733130325 2.790352058915504 0.9455750331807597 -3.804545309348928 0
-0.6241033830448232 4.119557398303057 3.0114703650129755 -2.6902355916034715 0
-4.070177090055937 2.0950362080251947 -0.7461315048278343 3.419370439536387 0
1.5809980435325517 0.24304651014740364 4.186079758596147 -3.3842783322314447 0
0.6028870668514218 2.0065072432242688 -0.3498236140064537 -2.7673926720264173 0
1.6434301514873657 2.6578141208936064 1.7239556371017184 -3.5898605850566088 0
-3.484390300183856 -2.7075363104576624 -2.915490982528315 0.19468966215357064 0
1.991873060754782 -0.9551940976545124 2.482924025263103 -3.3841447720104885 0
-1.4473313719396224 -3.1189888253554097 0.6565994858574474 3.8413270490114018 0
-3.5948338684990335 -0.8347760383043007 -2.4398053710827012 -3.5814518076721775 0
0.746239180198534 2.1664846886551294 -1.1275375888413688 1.9437617541832828 0
3.333247575981199 4.198735443624101 -1.7827544464598648 3.4631551672689507 0
-0.3999163018300488 -0.896193008354852 -0.4855577759965012 4.264614058309424 0
-1.8095433213292949 2.9552406006880654 -1.95093731522363 1.2206582171004372 0
3.6885705299168023 2.3952300772616555 2.690442144698025 -1.276032167236949 0
-3.885166941174675 0.9542386797823192 -3.4808522275748777 0.6405969096241778 0
3.952945191855407 -3.5807160802943927 -1.952788089970189 3.559698253916478 0
4.29785564795957 -1.2898014806295914 -1.4527293431966881 2.212041366223655 0
1.3876845150515429 -3.394928643478243 0.6637736041073505 4.077898395761385 0
4.152169740722237 1.3606328445445417 -2.4232723075829217 -1.2134231934073454 0
3.930100289048913 3.679445747469681 1.9643416207349982 1.2910035527714874 0
-0.5669296988928288 3.8993486344866097 -1.6922859768102811 0.04970147762685273 0
1.855955235981219 -2.095770323314327 0.4695241329628703 0.06369543483118667 0
-2.882102387256343 1.3999801937296281 -1.0252936227174412 -0.801591485471998 0
2.8982503464029326 3.67117980377068 3.7916067987612774 2.3209444157493193 0
1.1355814939781514 -3.03504716205547 3.401998841237593 -2.650382130716948 0
-1.9651842617914572 0.7938816565375751 3.66663465040507 3.191121561415883 0
-3.494255315658841 -2.0742994579166987 -1.0992305506973339 1.1289929178969522 0
-4.482140390587915 3.5690703664230314 0.8139265022445932 0.9822419702674812 0
3.8729471239690123 -1.4378944244634462 -0.2525701056315125 1.4547196454210245 0
-0.6967705422897694 1.531767268315849 -3.309996395617021 0.8505034125668514 0
1.0011473236825275 1.448307055154996 4.2509790446486955 2.558076212218975 1
0.06356523604473552 1.2147592945272363 -1.7077228980390604 -4.135284883061397 1
-3.5258287364081706 4.060806440181054 -0.808488006796007 -1.4404252908450461 1
-4.19911637106725 -3.6269193024369173 -3.093939780770446 1.938287392032715 1
3.122520913537735 1.0113187856220653 -4.196209179638073 2.0015806270772014 1
1.8013630857020035 0.4523411505256565 3.0076849775028425 1.0211691771305507 1
2.8026127383735293 1.2994386803903561 4.451587299362892 -2.3668056342821107 1
-2.722705329879337 2.4599039578640065 -3.5482053836165104 0.35672525853152204 1
-1.3985620112547423 3.153692103799279 -1.0915622044404278 -3.2536534995057194 1
-1.4283166937057392 4.245899715153582 2.9280318698707894 0.7353861975644231 1
-2.4891338350387713 1.2455993951530782 -2.808750106579182 -3.5654537099867056 1
-3.2637857274071544 -3.3354082836200325 -0.7169446459456248 4.430780398140963 1
1.3614815754548442 1.9567477134509241 1.169330642806242 -0.01011255133715483 1
-3.604608257508085 0.6977309772808838 0.5473074898891223 2.7906378597133656 1
-0.7692045481596271 -3.2833261748309934 0.13188780068159034 -0.22436751654857756 1
0.15852472876778567 -3.9174770825857386 0.6281216678888443 3.5051985043016445 1
3.5838722759356254 -3.6500644106195352 1.8919063642107026 -1.8528400318193823 1
3.2656822279955753 2.1462487242621684 -0.44366601397737093 0.5796665819608239 1
-3.4693962652111456 0.3841878682834956 -0.03084445637397404 3.6176182866494484 1
4.231356050657404 -2.2763048283624614 4.142792211564411 1.8148718667891535 1
0.660831869148089 0.6123161075359586 -2.0458021057764673 1.2169411068712925 1
-1.4265672474125624 -3.440460060262711 -2.29079490511108 3.091780711908847 1
0.4005327726406861 0.6107845913549518 1.422656916273942 -0.4623731378746406 1
3.730857882565523 1.1376056357272575 0.8829753708576977 -3.62764158933604 1
-0.039384790302719686 -2.8309992120705716 0.27410175420263727 1.1318116251733286 1
-1.0009878847706832 0.6543386124143138 -1.767393324427661 -4.145723790453187 1
2.0456270119611726 4.389601196986597 -2.522986302048596 -0.8111561670570893 1
-2.7739025825765586 1.5568560181736877 -0.2729714327649734 -1.3849157498247704 1
-0.7619956689925943 1.2285735789541181 -0.004349829577511399 -2.4589905482378143 1
-4.446266710932089 2.0996604214385592 3.343865356065205 4.441703278312933 1
2.9223040947942174 -4.0876941716159125 -4.273765564739469 3.648286388948717 1
-1.2929169218986571 -2.5161872275589294 2.977230974053549 2.7097918566459795 1
1.339598424699544 -3.722333883807133 -0.4411234888497383 -2.227062513277015 1
-1.4482764055791626 1.4271729873465973 3.610990926434434 -0.7941686085840954 1
2.9737326332218488 -2.7993720741935606 -1.9445827773647686 -3.6270570280627794 1
-4.368304179866763 -2.5085598125592963 0.6673620883431409 -2.389354441848148 1
2.5203900824192482 -4.463240761973301 -4.16294401647081 0.10091086851021436 1
1.7092873935121613 -2.6118682961401274 -4.097329147132607 -0.8716332428132607 1
2.9586735345172075 2.7712705844894896 1.7320175621823202 1.962353723730505 1
3.9735063471842413 -0.04756918060953941 -1.6870114430644176 -3.689008600755926 1
-0.16863940391293097 2.8631531921235616 1.2651888923937613 -0.1735336458202984 1
0.5382119600272662 2.990354345658606 -3.685975727237401 -4.1182406708564105 1
1.0007266350177644 -1.1564297305743423 -1.1399287632048685 4.02974424255024 1
2.608941915962403 0.7302574974347998 -2.5792319982521965 -0.09801622353426054 1
1.7861777670708303 -3.9623246193632746 -3.9103665428495042 -2.0808749626756566 1
-2.7966141271464156 -0.9163256991778245 -0.2893942970153339 -4.09853095342618 1
2.133474858999279 0.469952113894056 -3.140393026876954 1.2771959459070925 1
-2.333643892773315 3.6855831764960305 -3.015218085380893 0.5816946207428562 1
-4.273128225148509 -1.8839709337971158 0.6228166887794238 2.179228749835479 1
-2.694457722871817 -1.2171876838361257 -0.11414219617777499 -1.4183589970070338 1
3.461718948931199 1.6751163990702085 1.0609810257430148 -0.21238246347341372 1
-3.24234894440624 -2.812011283442493 3.103532214366735 0.4136563840015015 1
-4.140158761905642 -2.7807664008145254 1.6599733960393643 0.4077699020996757 1
-2.8891412386360784 -1.6913935764767982 -2.89758259931387 1.9953840540713053 1
1.1369676103728672 1.9560998508903475 4.368179487967354 -4.424650775958743 1
-3.3233536416527607 0.3707917673810016 -3.9929432097546105 1.2442100301411172 1
3.0207060195465343 -1.2261857529378115 -3.8100283931813212 -1.4067569609038757 1
0.543982342381889 0.20327602789707022 2.179498362427629 -0.1556239385856839 1
0.6153745999730381 3.6257475447913965 -1.4917956850112246 4.4266958851301395 1
-2.0116981832272014 0.010624384761906192 -1.0571521276027922 3.7774564033180065 1
-4.499959950835869 -4.12069987462218 -4.311364917523689 -1.670268267271823 2
-1.6600874250695465 0.8310003885689254 3.403796867405581 -2.2339646292118607 2
-4.251791557227307 -1.001392622976217 4.275638269726538 2.779914914518707 2
2.443356047414097 -4.450813364297665 2.85318340610481 1.9573832396765876 2
2.992258592453636 2.1973028967622596 -3.5943491096987414 2.272396020890601 2
2.0884761782439076 2.5424241130455854 0.27205790492190174 3.3099613375834016 2
3.8182859293721574 0.7127239707301196 0.7406683573655997 1.7776093072812365 2
-3.1276475766178535 1.921272606932007 0.04751831605067458 0.5700350891713927 2
-1.2663856539568807 3.5998111057304243 0.5288176325069436 -3.7076224555279818 2
3.065677274208998 1.8429642424424895 -3.1888704588253853 -4.029956818947838 2
-3.362167715164739 -1.0800316044446894 3.1058745277472286 3.118158722805553 2
-0.9214960825835206 3.2484193927105824 0.08525425549297794 -2.34181931905081 2
3.6775780520549954 -0.06924825130362633 1.3884567611322014 0.21322977388405007 2
0.49708623592590573 -4.107982275067212 -3.1932995182917634 -2.899058973746804 2
-2.984502865397598 1.3030342599327598 1.414334043171971 0.9749165573202837 2
-0.3049472819362423 -3.8839390677564873 1.47541291051555 2.2526879656942578 2
-3.568526669575511 -3.587804856931996 -0.8631951985643405 3.374566819154551 2
-1.566232862826436 0.8415191928943151 3.834958985644808 3.526478670263864 2
2.7506595588435854 2.1661560398961317 -4.152967703486612 -3.7610767561007172 2
-1.5049301103994956 -3.8428702668304844 -1.418617802336473 -3.143488452382818 2
-3.8702632289101113 -3.070684951540786 0.17394771699053302 0.5675185702136616 2
0.7265973278779553 -1.8208217281207786 1.724239628472473 -2.330854413309591 2
1.1300244725521136 -3.8196750908604464 2.9492977947024683 -1.5548807844109596 2
1.3364681860973033 -1.99196197770847 -1.519211013963353 3.2439011530131783 2
-3.1606461992754378 4.150777932919364 1.222721073868275 -1.9951284078757836 2
3.063222118519239 -3.4873881496230634 -3.4377462602364797 1.7854389174034118 2
-0.9092873648739034 -3.8584547591800886 0.26240867623514674 -1.5739724934492587 2
3.9263985123527108 2.8545642898356336 2.7370472270732353 -2.0780795090631528 2
0.7075544184264317 3.878474448727936 2.9289642298729075 -3.407842505530078 2
-0.16766943344428298 -3.5978122401639423 -2.0697914370039205 -2.775446370055728 2
-1.1805488206341832 4.1527521778779075 1.751715715924282 0.8906408592510088 2
-4.266859422040894 -0.7663377396917609 -1.1592846947813795 0.817922883265536 2
-2.288240074663854 -3.632193336380335 4.088074923106114 2.9114570967485784 2
1.0912946825713865 -3.2858790707365144 -2.5959339143653137 -3.015149927539161 2
-3.9648904108589234 -2.6573662698010243 -4.158984810057175 -4.222733059684196 2
-2.9704606501671966 2.552770869535479 -1.770017369060271 -0.5358840544179718 2
4.185897802799521 -3.3201840310421256 4.207112450406308 1.9112793939417736 2
-2.3401475676063286 -3.0164590345607696 -1.718865482190677 4.228930005518313 2
0.7320697703023878 -3.9045848208933935 -2.004467078880723 -0.7723142273704013 2
-2.244165620281035 4.114401268574052 -0.5471856868932399 2.9461457320198248 2
4.451065311361675 0.7901715146263251 0.2851718501567495 2.065928867281395 2
2.3159768323181207 3.1552960230196665 4.018961349584699 -4.266130946600322 2
-2.3704614822939063 1.9387934267048204 3.0145320782193554 -3.0652544160953816 2
-1.2751099742575032 3.4783293616450104 1.6117149817959548 0.002431455702412544 2
3.5552645229461124 3.0293599554447774 -2.064453115943868 1.5405963595012473 2
-4.123283202881613 -0.024469383679573742 2.960867597664595 0.8745461052673166 2
-1.783404765418981 -3.199977911128898 1.9373616506542026 -4.168460969713651 2
4.024026482462528 -3.581344750252747 3.9018523016516076 2.362570698743669 2
-1.9850739351018354 -2.095197242179346 3.717655990693367 0.11202333122827568 2
-1.9482869530015863 -4.125652563434761 -3.463095855677923 -0.839076147906816 2
-1.5529177318679115 4.4877168492036335 1.931697390661144 -3.6134762659125372 2
1.0188016335758814 -1.6993014442253016 3.912054941170757 3.662608877847566 2
0.11104803352233639 2.7501338664222064 -1.748105463304774 4.006017055237383 2
4.185134529887101 1.870512001877024 0.6345853565657336 -0.9956772143909457 2
0.1158165631795881 -2.627237312023771 -2.2311800449927484 -3.3506457611387113 2
-1.1486309071417806 1.461408414310275 2.0352030738294546 -2.4402160814839164 2
0.7999912513217783 2.49120327046556 3.3343181954082075 -1.5004080708974057 2
-3.877832605936015 2.7579300129096045 3.980289467475461 2.0934082253501063 2
0.24769754117782516 -1.177901405285442 -2.7008947690031926 -0.9409832721511595 2
-3.7315874245554874 2.181858369351507 3.880709328780244 2.4489160644223515 2
-0.7721330666763903 -2.194642416908671 0.006873144464453862 3.2901950869759125 3
4.055102596389732 3.3682361168463553 0.9243164059909159 0.5331665167395526 3
-0.7368551968627902 1.9799772265302669 1.4454629665007521 -2.7142723052025266 3
0.6345843605678334 -2.3774183834366993 -3.4765869973363452 -0.9678764148351059 3
-3.8883766298339406 0.2520157029215193 1.9532836493330414 -2.8244707924140986 3
-3.038412225120214 2.1673407279476513 4.433464967188106 2.3601744210523976 3
-3.283139785054924 -1.2292117724909604 -0.9057399985167949 1.794743783781764 3
-0.30728231188683264 3.4473305219253123 3.869933347054122 4.4948346690138905 3
1.703042020821441 -1.153843119735508 -3.568946808047824 -2.525007599656472 3
-2.0191895319066546 3.7779492754065758 1.6014907524635815 -2.318666001325888 3
-2.397276270572217 2.1396620839338043 -4.041398533228542 1.6203003746977114 3
-3.3772884180194414 -2.6170229663329394 -2.3908897481406006 -2.9916595215985873 3
-1.214186176376682 3.509104440169944 -1.2720004797227422 0.0008493886738368817 3
1.3756834106417966 4.054864491312886 -2.19848286217871 2.5840208934008273 3
-4.011402902260963 0.4616849441136275 -2.343183240981653 4.092029284544972 3
-1.614775149329219 0.35792401003573715 -3.7264913371241697 -1.9849590391032552 3
-1.6641301394957937 -0.7298777259330167 1.1671208706623724 -2.220931296391486 3
2.612729426972151 -3.8962318913340876 -1.7576318867446044 -3.160256207075162 3
2.6091599696078482 2.313644052176051 -0.6410243534764432 -0.039426854730146954 3
0.8408181215114121 -3.207812075991824 0.8253846534960471 2.292690776071674 3
2.1364277360251687 -2.042037227912074 -0.0067367770759295675 -0.5518633651414927 3
1.5199160841653727 -0.43129270096928796 2.4681040919966284 4.44511739324282 3
1.9771715087821924 1.7691789753488156 0.957619446070865 -2.36010490296139 3
-1.8492365408293936 -0.4914563437023166 -0.3955707401477826 -1.9383624327123363 3
-1.352195926124119 -3.8451603290709713 0.39735930375032336 -3.4977157197170827 3
-3.6331189607500622 -1.5472421534189076 -3.837061503885063 -1.369178984643692 3
-2.5450426148823793 -2.1530512121148346 4.170650930754912 -0.9672482518740877 3
-0.35909504852904217 1.4513364653016436 1.4866199297015719 0.02860241727476287 3
-0.508440995521307 -0.09881202739276651 -1.366586035652122 -1.6749465827014316 3
1.0622314386277794 4.425186317201536 -3.256497093167869 -3.477022091852428 3
-1.0485242761591205 3.7276116750775197 4.469343147608947 -3.6849453230204228 3
-2.7889276076235316 -2.3410066990372718 -3.7433985870157827 3.2316669593037255 3
2.3624378204211176 -1.3128378198856834 -1.9912018987371036 1.4603993730709923 3
-4.198630192507751 -3.3409645603184615 2.860840250442097 0.11945743721313751 3
1.8319150223313905 -0.4594585400916642 0.662893952500552 -1.5101655552158735 3
-0.4510894085592452 3.0549925814515864 -0.3480650540461786 1.7947916332463836 3
1.6319597524847735 -1.963460179590399 -0.3033210800857775 -0.3715682445714047 3
-3.9620832645098036 -1.8368782379638364 1.3668667819998186 -0.7187864168029436 3
2.0122786193937863 0.6306788407876939 -3.716481884531392 2.004182043383234 3
1.4078471294707033 4.326672135678457 0.8557787018822985 4.133481469400797 3
3.5113030900523845 2.9437046556454782 -2.484970583893605 -0.5580794684018325 3
-0.4816857530217601 -0.823031563366986 0.3883105602337513 2.104443957272961 3
1.9192056969702826 -1.3214573451782385 -0.8570532263972935 -3.875476350256176 3
3.055454980581848 -1.0261986570084662 1.5298002197830907 0.056883214499409585 3
-0.7536768729283149 2.1973624529827327 -3.528956924989998 -2.5304289400091653 3
2.6932622631009617 -3.576627127408778 3.433615774653292 -1.8938930760533232 3
-1.3089720892465628 4.101048534510516 -2.8992033564535564 1.0206048194294879 3
-1.7003115548182561 0.2824968094570933 -1.4998144573965324 0.8645065127576932 3
2.814036258980663 3.7166054671287103 -2.9201305694325477 3.4747424493690295 3
-2.274977507444605 -1.2931637853869673 2.91028776838389 1.1337098629887328 3
-1.9918689158257603 2.812863877794106 -0.15672413409511476 -2.5359841985443303 3
-1.1168227641974364 -3.4490402851475 -3.940558269133409 4.235236051254119 3
1.975263610404471 1.0493465672456002 3.4475645280421032 2.9555465609556935 3
-3.674074147740389 -3.679620069918691 0.7718422300121155 -1.89032742673088 3
4.464778774890803 1.9966128127340572 3.949944730360448 -0.8669107020329876 3
-0.7927029331729508 -3.1671161167309636 -3.2600118894850474 -1.5094186471471147 3
-1.5876399895202562 2.8324872305142272 0.7416863313046533 -2.0066239487970066 3
-0.38933245357142165 2.8550128395444423 -3.0966034529181803 -4.094136004155458 3
1.274996614346553 1.736143115126154 -3.4355490950005865 -1.8437646940542578 3
-2.313880095559731 -3.958978067424395 0.10480840711103545 -1.207218303034678 3
-3.626705521828204 2.1345196081706708 3.0372342969275 -4.0582219154596375 4
-0.3990627070666912 -3.120590136166921 -0.5585995817906952 3.823735227331076 4
-0.7010473637253658 0.9933207989738707 -1.4412876054635166 -3.5276192022902366 4
-1.5319872132889205 4.069864487245328 0.04066884735542686 1.7919057237382239 4
-1.9926997011593728 3.653548088576527 -1.8197371672264533 4.432717727917689 4
-4.018734896081972 2.336082829544855 1.6801826438880065 -1.2223402049886223 4
-4.1030091858944875 1.2713673681658801 -1.1353840570977758 -0.28675130503924773 4
-1.5237101921930816 2.604720150122621 3.420825428192237 0.10732411133949349 4
3.615918038710129 4.327634989597985 4.340013146628769 4.129017496716397 4
1.9069853974070563 -0.8893013731006458 -2.1855858026609836 -2.7990915618601075 4
3.4577266015230754 -2.488897152888331 -0.5013584328547775 1.2606380964706512 4
-1.8699913382984725 -2.3231587537537237 -3.560074814492272 4.4283737014798135 4
3.0245880037145607 4.334888167793251 -2.829751317156464 3.349088569202304 4
-3.6790039060890085 0.34150330731055245 -0.04508671570067613 3.4501459969771946 4
-3.122234797505136 -1.4045837228314062 3.918044582994474 4.119536157183696 4
-3.3620846343567328 -0.9717087813146663 1.8400927051063094 -0.8369963693674981 4
-1.508197477368074 0.07340242612523695 1.1181718706335602 -4.339992458230597 4
2.893812917277141 3.17879421960129 -2.307124629040695 1.0496632114780695 4
3.585490440907823 3.6614156187234244 2.5065558337683984 -3.5696352801856897 4
1.7804438349972451 -0.20120995215042392 -3.330276406788971 1.3202960044000647 4
2.8645057792238875 0.7115734185500814 -1.5988870312527799 -3.3313677228227023 4
-0.10263762718634839 3.6110179376414084 2.698668265675314 -2.8121028834372446 4
-1.9320015501269228 -3.0835156064109155 1.0155770963047543 3.8659981003899517 4
-3.8266026126925095 -0.1896565090610256 2.5932465864430183 3.7706572866072525 4
3.3965670837784003 -2.943419224185154 1.3782383149169943 -3.9585367525596884 4
0.8034911547550246 -3.5634425320358014 -1.7672594271537494 -0.6438496401428553 4
1.988191546368267 -0.9737768504344662 -0.9409536455238331 1.4201560847450079 4
0.8199528491700169 -3.57532043761343 0.6091439138832603 -3.424197000296428 4
-0.5718475634497517 -0.10061592923430618 -0.22106036813399466 -0.16058585130262026 4
-4.362953579134688 4.12614481186745 -1.0587936357318035 -1.3996876945897094 4
-0.8884123745227293 -2.5767167097137236 -0.2895852842367428 1.4418265813710205 4
1.9693489417013892 -1.2048806813891857 1.0442660597344349 2.8369401470851665 4
2.3313350612334327 -3.3321722912181864 3.5805341217426427 -0.38249802823102874 4
2.8676572289254247 -3.75221344783436 -1.0565564119530588 -1.8941431860222169 4
-4.456406190764862 -0.3665555154638189 1.9343950305357807 -2.7389606891970044 4
4.255996029047835 -0.3397707486086038 0.18363409802921193 -3.6274029230856084 4
-3.2240152668656425 1.1388912420843234 -1.0105896951575937 -1.3070436749278735 4
-4.151934177336827 -0.7330111401151093 1.6040185868184949 -2.8992377216554766 4
-4.314518885733978 0.47110902536754606 3.9837516769594585 -2.402585518853879 4
-3.458968690996178 -4.299313648419335 -3.5048108911557043 -4.336658786655084 4
-2.6197604675536033 0.901423788896047 2.148308585446778 -1.2931761138963438 4
1.9884426507573396 -1.5893043737233388 -3.3644709606362317 2.4024425898367974 4
3.0546002632633553 0.25411122763756366 -4.027934165774059 -3.3950685672493024 4
-1.9178458782633632 3.622909909462152 2.214908255421662 2.341652313505221 4
0.05299908187235358 3.466218214687652 0.36205735626558944 -1.7265422166128093 4
2.784574752072462 -0.7551884548101703 0.9150644011256225 1.055963496456195 4
2.44052656237955 -1.8152558098723137 -1.4540452599543614 -0.38313885285900384 4
-2.870026343067996 0.5554532660080068 -0.29566028699651004 -0.344896826124387 4
-3.281986782130825 0.01012786658078113 3.9477957377412287 -1.699587737368567 4
0.5457644724360388 -3.9897617725498815 0.7844250580186869 -0.5211570452791889 4
-1.286263222440098 0.8350803179796887 2.8912008668767895 0.3965375872077309 4
1.6373497572053917 3.3632060459958826 1.377787112311398 -0.2826977614283195 4
2.720633533876952 2.8299211320256794 2.044470034330295 2.6932885926606542 4
-3.5050346006641213 4.020029192427769 -2.3312859639419132 -2.464844783669752 4
4.405812151500847 2.091798810036866 -0.20344013838604946 0.8115487394450385 4
1.1126549636555527 1.7286075785775759 2.896052946468361 1.2090699057422116 4
4.3762278688043 -2.567591009223658 2.234371033280156 -3.6481515874691572 4
-4.1998678673675265 3.6957124266280044 2.294479440779201 1.7158881731730675 4
-1.4802347999978491 0.057883714470793435 -0.360709639242642 1.6090319567050964 4
4.459605816877672 4.45115879216901 1.9475951914700511 1.2502401034353674 4
