300 60
0.4393215353459228 1.9367042973517754 -2.928074531444948 -1.5481079918272829 0
0.9248703846447949 0.4039486469720718 1.623137994135014 -3.931131434952324 0
-0.6871068059498576 1.3130470175999052 0.965244366103869 -0.2011814741122553 0
-0.5617150986357674 3.525957007038718 -1.9440002091410902 -2.354280471683478 0
4.172964844509264 -1.0490263305680005 0.13061468968881063 -1.188651775166628 0
2.6255253427439813 0.2600542777761403 -0.3913209786361018 -1.4627035641218407 0
0.6124010498453908 3.8303697446339493 4.234443242363798 -3.299045114289564 0
-3.8606754762190176 -3.7158363026861334 -3.6287644213946324 -1.4094744408817554 0
-4.318034423037068 2.993578609931442 0.8192421078344213 1.4325882466502544 0
2.5034107585486542 3.3301093342213726 -0.9246892754876216 4.49350194529954 0
4.307565080094876 2.692427077950512 -1.3329630342626166 1.992660011639572 0
-0.3466857397236134 2.524762586578099 1.2382442507771358 2.817484769227146 0
-3.435530167179601 1.2592891919477145 4.28603097108438 3.508142908009862 0
-3.2098204133185826 4.002020253446255 2.3810577692193773 1.7842363003646153 0
0.19663489575064508 -0.7680425400852877 -1.4805164729169034 -3.1708297961396337 0
-2.118999491058357 2.46810320490795 -3.9362759724617122 -2.3228846621866364 0
-0.39464701005106306 0.6159055398178366 -0.6094666693683125 0.1979664626698422 0
-4.3308917960728035 1.0587194736828935 2.4577519864938444 4.128668307509336 0
1.0088615045017928 1.0524059718728123 -3.444115676536701 -3.536962738255876 0
3.9937327066316177 1.6363826919313507 0.8072525071219567 2.2085826655256366 0
-1.264428894835926 -0.5667124158059269 3.133353423122864 3.9224887219510967 0
1.7786807633453838 -3.9579707553365715 4.3508361803457785 -0.901784769979267 0
1.500900439011009 1.5357408265634347 -1.0769833482518418 -3.1697219097245486 0
-2.606556950335432 -3.33966332110632 1.6644099481520347 1.4108576259675336 0
-1.6611448416823453 -1.2266030615163965 3.2585633626608654 -3.6246780469112343 0
0.6317709337609168 -0.5525863788391169 -0.02000782957192393 0.7297373670485676 0
4.395364542533036 -3.5815967032677474 -2.3259866396407345 -2.9787713448375484 0
-2.6201091951464877 -3.0482143390350336 3.236227527776593 -3.973185699879971 0
1.3779749291885859 -2.220375577141961 -0.2644118647373441 -3.4574939882920326 0
-0.3032030442932434 -2.300169671985575 -0.3864711480176938 4.3196609370807835 0
-3.0692737471903224 -3.506623729521254 -0.6866428189007447 3.2141242575411058 0
1.4069663051874608 -3.256353437862476 -3.444159922351255 -2.058731309143223 0
-2.7307587448795188 -1.1814734640513231 -0.8658653339939895 -0.9016907399160233 0
2.888939068631416 -3.6260885178624487 1.5424513080313782 -1.397536853620431 0
3.041504167489235 -3.6351143289543324 1.9239018156901473 1.2526820930285325 0
4.288135185120562 -0.2821391851706858 -0.9075496927070422 -0.6141588511111267 0
4.2908497937130345 0.9436096777054137 1.0307492982928865 -3.869620288698198 0
2.153372214584715 -4.147309869711114 2.901660645201213 1.3807904500227322 0
-1.9547373368123138 -3.41823094908148 2.037082179760517 0.33230700974151395 0
-1.8347382223006956 -3.4314505294118036 -3.5057060010742975 -0.8546794803274507 0
-1.6381513854542158 -0.7716330493679703 -0.8516377543629954 -1.6106130896110478 0
-3.9226725328609406 1.7322490743301786 -4.230447075857255 2.1352881833682957 0
0.5994130878591764 -2.1114945815449913 -3.5119398774374937 0.9567731974057662 0
0.20923248120029703 -3.654535403174025 1.8289574682049419 1.2130769064032527 0
0.6835184600056134 3.8636657781859265 4.132280267801775 -3.5703166042337524 0
-1.6328794279380872 1.5066934196731352 3.304504431946792 -4.2372878863597805 0
-3.3138192383604705 1.9469448370670899 0.31425169434375566 -0.861807438546671 0
-1.89534516347519 -2.8512777419359487 0.21765474354382375 -1.2141011064599119 0
0.7786164132907484 -4.319032084312558 -2.7848977655393874 -4.327893922961792 0
2.9604602629562677 -4.457740714267077 0.16334832412056877 3.084991764163581 0
1.600348831166071 -2.0699282412705164 -1.1410563982968527 -2.4942256378651777 0
2.116746199103354 4.159696906056944 -3.7752119687534034 -3.7322016919316696 0
-2.261221708320378 0.6854160097605321 -2.5074319833650502 -3.5998734517060034 0
0.8283773814465512 0.6502671521178603 -2.1146427147196616 -3.9046548409474076 0
-2.4922653062344353 4.074741103652865 -3.909556195110669 3.206485616605037 0
-0.4758715924413538 3.1176780522401506 -3.040917653620501 0.5371416524110317 0
1.7953134778575388 -1.8230674423037971 2.4610999000412748 -0.3923139119484004 0
2.824180377322295 -0.9314483323771382 -3.1196800992658886 -2.703634720918971 0
3.4299287740004543 0.7314558537227283 -0.6031421434693734 0.25410680260682184 0
3.435618256693675 1.732784310699893 -1.355037371563186 2.533316402111952 0
2.0272885183767646 0.011919437340320305 2.259194839707586 3.8449062663580613 1
4.104752712509015 1.2959117930667365 -4.2394270587573555 3.5612216208918306 1
-0.6853045629763829 0.9575389271513192 -0.9668809038406406 3.4053524584199466 1
-4.327261215215998 -1.785826649929056 1.717062985408766 4.386138813665713 1
1.4415618374341652 -1.8893015351060034 2.333542065450013 -1.2190983660289205 1
1.0621388609895739 -0.6410816914881048 0.009568555512768917 -1.112497603250839 1
-3.280733421997948 -1.815459066395723 -1.2157934758088569 -2.1518595055704623 1
0.6296841963113838 0.817854851233559 -0.036267341638773654 1.6356595056242509 1
0.6689272396462093 1.3788073787142028 -2.003937558252808 0.21941829969497983 1
1.3689294300152 -0.6172340810942344 -3.4435773524649855 -3.0613924183122783 1
3.568919362659567 -1.191943169568931 -4.078742807590301 4.236582984935696 1
-0.5772156726093587 3.527310195141049 -4.46525683640765 -2.8927802874810933 1
2.755745901414772 1.8349972518632969 1.015800778052931 -3.7676736103202524 1
-3.59795801418929 3.775343523702062 3.437068527871491 1.9765814205805934 1
1.9281716959420028 4.489623059110799 4.19750974294104 0.06871992516688386 1
-3.1549652580780565 3.3131345163139283 -1.796366851573615 0.4455051551574428 1
-3.0375635879126266 1.0400360785545977 3.8773684556817587 0.18685293517674473 1
-3.3856201543550264 3.1320740639001095 -2.0951367132391323 3.3965891025670767 1
2.7658706285250965 0.6219066475313398 -1.1527312633878481 -4.487549850009008 1
-0.835350324966003 -3.8774970409037577 -2.2708347975691563 -1.6358984174064384 1
1.7768589583010728 -0.4181158558973803 3.2289972140871193 -0.37347149640199495 1
1.9985003952331313 3.2974409333576626 -0.4987144096982933 -1.4750796024010135 1
4.279693545025973 3.202230081533499 3.4261031074237165 4.005240992463523 1
-4.394573242334983 -1.260197419694725 4.4270129623916645 -1.1093285973511193 1
2.069915061816522 -2.9553329046470354 4.195327010644542 2.626916126678112 1
0.18932945583716354 -4.010958104946718 1.5812023287984012 -2.2959946852191053 1
-2.700031275932399 -4.333303849854474 -2.5518846515021116 -3.005569579308789 1
2.6432793302167856 -2.484677807456579 3.8048094920282884 -1.8533100385515051 1
-1.3918348737278756 3.852731641190318 -0.42215179096009403 -0.05437949411498866 1
1.839729617311795 -4.21344963421823 2.5035443590522872 3.098114653977217 1
-3.0177525915187853 1.0933056134978716 -3.248345689662485 -0.6578607581003367 1
0.6950572974375083 -2.3589646076294226 3.0856939905191143 2.8622997518025457 1
3.9079259813231437 1.025693603693064 -3.5782761739282525 -3.092549860188333 1
0.32069522722462473 0.8091897871911389 -1.7622117756053295 -3.8217683782499368 1
2.0710982656509267 -1.6924950406835833 -0.678032974434664 -3.531440653653763 1
-0.9160104400551731 -2.6114062592239007 0.6139583430286053 -2.280987541699595 1
-2.8242629470769747 3.999351509855402 0.8678975881466043 -3.4422692138672613 1
2.155957155443588 -0.08587072244189631 4.2829548157668 3.893050834716064 1
-2.453268348240091 -2.2107916640664635 -0.9738275529180078 -2.320392652865231 1
-3.9777375570851197 -0.590250369976913 -2.246416084317845 -0.1494581831784717 1
-1.6938370620530767 1.7670913993391353 -4.140064782893547 1.257345954676143 1
-1.100233446367672 -2.883566901963287 -0.8252738249422967 -1.103340846700014 1
-4.277891444478019 -3.8947533168307626 2.7842847434027855 1.88131914164961 1
1.6145349614871058 -0.4167283989955922 4.089004338534228 -1.3325738355387835 1
0.3292128999784998 3.570041637363079 3.57788488184465 2.4297046762508 1
4.4130505265703395 -2.5479271404137345 -1.2831781356475827 1.09498892807932 1
1.4677038279009071 -2.1300986093656444 -1.9028703811347398 3.369599253673581 1
-4.314141004808442 2.325407884525273 -3.4881541450891986 -2.588090748353631 1
-1.6198456425977894 -1.0488249524529183 -2.8527003712807097 -0.8727659783614021 1
0.7948540219824515 2.979436097125714 2.207096640289162 0.2421670414696231 1
1.1608365923203385 3.3538558990265575 -0.11091308815613199 -4.495086315927039 1
-2.038121686659278 2.6824215052130733 -0.6713844718045076 -3.928016026474574 1
-2.8292765012464303 4.075124912747501 -2.6257207309066457 3.8915454506444496 1
1.6873944874903377 -2.5604309059779737 -2.561416160910856 3.2250387477083624 1
4.026335314400319 2.0777022609314204 2.726040344052008 -3.0676838675198144 1
-2.2145252166447675 -2.580192203692662 0.9514076154325094 -3.45904315285488 1
0.16380642537596923 -4.2690355375092155 2.0509934253256032 1.2371604963498597 1
-2.6327693210300156 -0.6778307812364437 2.807447055219174 -0.18553905549730743 1
-1.13247017699197 -0.32782118071670374 3.733767790500446 -4.0558594789040425 1
-2.0013416433474127 0.7810591181235191 -1.8640029147568682 1.9354733771865034 1
3.274700453309083 -3.442213296341702 -0.7370170942679922 -2.9434378115595927 2
0.15641196438702754 -3.31138704289362 -3.535103291143086 2.8560520031545926 2
1.9517371307333433 -0.9354626747343563 -0.24171319380920187 3.4405530472719663 2
0.5887918067265807 -2.8504814740732924 2.099602208850534 -0.8124641493233078 2
-3.196370165909605 -0.10749347415940891 -1.138400872598847 0.1407451198612657 2
-1.2994853593503994 3.9638875072753175 3.5015395787075576 2.135507217427511 2
2.3879272842626875 2.237972578654926 -4.453623321578791 1.74742066232213 2
3.633477657713401 -3.749198081021833 3.775566662152386 1.8941018355404242 2
0.46973222930165903 0.7602846206019198 -2.906947965892537 -0.1483368531528717 2
4.157427406925061 -1.8706722588670603 -3.237155838689225 -1.2690424949433114 2
-2.3325409807609785 -3.5973545196105197 3.934053377464659 3.809747768028375 2
-4.352133333676732 3.8657638511297145 -1.954468330415254 -1.4433206025042076 2
1.5292489193181904 2.56637620820824 0.9019158131816454 4.16877565734342 2
-1.9644290482144582 0.7776914956769402 -3.1697879934114863 -2.187750206819978 2
-3.9244026049111698 -0.12935163658839388 3.362011445616943 -0.07296991462489943 2
4.297456257700021 3.3885472078493173 3.590649830043285 -2.8303389222914137 2
-1.4565694334683892 4.154131390873487 0.2940172872422463 -1.5635733061556487 2
-2.4146853617591595 4.043869401741133 -1.6511169609677157 -0.4781073244842078 2
3.9723993423584876 2.6928232861715253 -0.602302958088584 -1.2838780828984102 2
1.17403143180112 3.368591699624523 3.7347369328405673 2.085697668896035 2
-1.8628174394298296 3.1404919978162638 2.047922921983767 -1.8907789536724011 2
1.0608902272577143 -4.380868280169905 0.6993848188515632 2.5126148997165063 2
-1.374898338610024 -3.166732251466515 2.6603133168889177 -1.3992258532111896 2
4.336464508364279 -0.19466723664010743 2.4378548091178307 2.1230450712695967 2
-0.023477710512035732 1.2552526475885124 -3.2264416294028977 3.293509217098295 2
-1.1827385448334424 -3.2678975548296094 -0.5281067683763029 -0.12230596000201077 2
2.8990595987482095 -2.7913687928751783 -0.4646773899180241 0.6106140132975677 2
0.10187084291810422 -2.4811467392273467 1.0905232263034923 -0.016383908133509206 2
-3.6193996395536936 3.25972365679515 3.3010968893318604 1.1496128057575596 2
4.256275401208173 4.147511922567001 -0.8871484562503205 -0.7497741878216013 2
3.6589994929906107 2.466425994287749 2.7975475361605624 -1.366272515281319 2
-1.5016936317422227 -3.770087490108029 -2.596906837958278 -3.965551307947897 2
-0.834829457275734 -2.4098927204615155 3.3842416312851675 3.7669180607131496 2
-3.3076112871781533 -4.019155363918573 -3.4189183605287163 -1.4897363265349663 2
2.030349277895209 -4.397152872374721 -2.9216513743628054 -3.456913780567082 2
2.435226736524986 -3.1774801913966244 3.598800687000272 -3.988104667691801 2
-3.784301256719198 -3.6935726918525518 4.324370971221061 -3.631942253723542 2
1.54843026618523 -2.291695111324397 3.2712358427422714 0.5985549629024643 2
-0.715144799879114 0.5163191219152523 -1.1887426096391396 -1.4189186103735791 2
3.2449605644591437 2.0433983644019547 2.3162772891393786 -1.668840344961415 2
-2.0670488528515683 -3.3166548063798515 1.4158702495542763 0.15593475164472104 2
-4.001631116209219 -1.7856122896715176 -0.13530919357736548 3.6104595358424545 2
-2.1409366568428956 -0.39473489879568313 0.4918055275823363 2.9417544274382545 2
1.649532019929124 1.7606290107497147 2.0301618069134046 -4.152984785469015 2
-1.9483303807605004 -1.0806573968989155 2.4579904725487727 -2.5481677491806343 2
-2.8696413443678725 2.596909610758668 3.6283468216641435 -4.113682284520512 2
-3.9883673121008374 1.772975175524886 -1.502351689731131 -3.602403474887214 2
2.5082585634699304 2.496668056638778 -0.21969794623640626 2.8802019228277658 2
-2.1651969208918054 -1.135681758606947 -1.816313763032423 -3.1415859242006254 2
0.7883967167675012 -2.0446028781797967 -1.5275966787279072 2.8249212772857235 2
-1.1623248070390015 -2.7265114783292432 -3.236544379805878 -2.453737958302484 2
-0.3612970461959335 -4.098489288712973 -3.8803323195596344 1.8513903959064693 2
2.698162961135562 -3.8073919771203055 -0.9429008081729686 -1.7024402057101558 2
0.16951633948373435 -1.738709104093235 1.9676375130703674 -1.476202118937703 2
0.6978865394823792 4.134900067500826 2.049941458929762 2.8367945578288216 2
1.3101322001040347 -4.181738078200581 -2.541034408880354 4.26436827161385 2
-0.6263780444274489 0.09015167086425202 -3.038778468785999 -1.882431840089317 2
0.32559745233106796 1.6325325954345409 -2.8818423824981254 -1.39044909279299 2
-2.001635120414105 -3.340254910803118 -0.1794520096131994 0.19958282101907188 2
-0.9659189110761509 4.107651505163539 3.182454380666448 3.505031179342799 2
-2.8158219742423976 3.6358555943541333 -2.5190652529718425 1.106046289671772 3
0.39425355069593715 -0.3877972051881077 -3.4965354843115595 -0.3692712583613852 3
3.4383726920690063 -0.3725643440827272 -1.5989981575804368 -1.6514932909175424 3
2.0175087295038896 -0.9087721046720819 -0.15674182459109087 2.068448719763408 3
3.6363995361086197 1.710225181721046 -3.8773560708684944 3.41256003918664 3
1.7965984882546504 -1.55051638598593 2.1133239716750496 -2.9115054999984586 3
2.311007784632003 1.2245494990242718 3.9524481817863335 0.056810016210497416 3
-2.339817539582614 -3.055150597632692 4.498277203052688 -2.724664731293361 3
2.6675232706559857 4.132499427317002 0.31417378544881225 -1.887767616960644 3
-0.3767505546596144 0.8188574879131643 -1.762437983496781 0.8195884275059117 3
3.219503797741991 -0.3849889198152865 3.7954716018374994 2.7473747002125752 3
4.0668702914946255 0.6817604584038518 2.015472586511933 0.5325640389153199 3
2.8869040863118345 3.679593465714645 3.8006865330070294 -0.06874733978204284 3
2.8397143689171194 -3.0652698289593965 3.3644896050124635 3.0058347948896857 3
1.1600859515553035 -0.9140916724229063 -2.575481878785721 2.441029166693192 3
-3.9355834317898886 -0.6837097329914225 -4.390459587510671 -1.5945341620672124 3
-2.171843397995331 3.1413447758565973 -2.433892997772452 0.06176662638582098 3
-4.200258361079734 4.130844496771262 2.1316784551270698 -3.620912692970483 3
-1.3016803637526335 -1.2896379863771141 0.13429981743091568 3.9457081952494706 3
-4.353043475846629 -2.8329090728743447 -2.4421810411534906 1.594270297002817 3
-0.8886644927675215 3.863622755724425 0.8359224370304181 -4.40942673909516 3
-3.603465628008558 4.0077138013117155 -0.2175642372849953 1.878933518469438 3
3.3253967749196898 -0.412538427832034 -4.104221111783184 3.415693347213571 3
-1.5596920640856595 -2.405302836488488 0.1807327497210578 -4.224050565068539 3
1.030182358291869 -4.202328676720449 -2.480277492712438 4.083081267845817 3
-4.359545419978546 -0.6408384975158595 0.7408775974684978 -3.5327468900807593 3
-3.887333334227518 -2.232531105785164 -1.9120994794749464 -0.3896673672556423 3
-2.5095517618852456 -2.2212792564943324 -4.311449376590426 -0.7954603774761707 3
-3.3205029190626805 -4.391673993921112 -0.09487228108771673 -2.30689912246891 3
-3.460641325751267 1.0663223356147309 0.7977510026278791 2.2791610763295918 3
4.268305915362452 4.413105014048045 -2.3774919830492807 1.0844991025198891 3
-0.8185131416424457 -3.033410165580552 1.2566001866736745 4.0368627101595695 3
1.2488558162987635 -0.08725188106136572 2.504485505667994 3.135107428110054 3
4.404687995559883 -3.912262135633978 -0.08622082407352372 -2.8318627171855546 3
2.549109944824318 -1.9044135240165547 4.462337636636715 -3.3357981506517036 3
-2.327232419310834 1.4625411437940836 -0.2568841258116116 -3.8871621068210405 3
-2.28543133508132 1.4927320580326893 3.9946577161573757 4.184324467635957 3
0.15577665482059888 -0.6831991040773563 1.974501558035762 -1.3500644073284798 3
0.4921902779527708 -1.9165363207233324 -2.210558389941381 -2.1122700791665734 3
1.8591723564568103 -0.7662881759979238 -3.354353771219327 0.23228057769050636 3
-1.2550899556269697 2.95791223100164 -3.2236445186867027 -1.6494240010188936 3
3.824702207578729 -4.085934202014328 1.1403582836319441 2.0478924863167483 3
-2.40635706453211 -1.3633256745669309 -4.281545658401449 -0.6289561406093407 3
2.8346983143322264 4.369422848789678 1.3691213535792512 3.1792137854266156 3
4.220745342033166 3.644535109949342 -0.22207696009125832 4.222852845459167 3
-1.830993614423731 4.428101190730267 -2.1093070721269744 -4.37842164035953 3
-2.255219630491939 -3.54684460605991 -0.14622421768437444 -2.1949758448198384 3
4.0585734994985465 -2.3992177007871334 2.9134590482085243 -2.405045950369991 3
1.707914385699754 -3.974792769174702 -1.7043370353782432 2.6210468791720105 3
2.0763818921472854 3.4354819110045574 1.93628926822824 0.5224611299153628 3
-2.0480679408063374 -1.0884879353031431 1.8445325573048355 -0.7322682278697615 3
-1.1313343501117554 2.239094317861198 -4.45220957146799 -4.397803843390267 3
-2.3597348171486505 -2.953322108571213 0.10099608816317973 -3.750381182529007 3
-0.4563751618103573 -1.7597843336041246 -4.040320678476689 4.18964975223726 3
3.0527021003278714 -2.360323565859251 3.231023756922527 -3.131754955113874 3
0.021505117403353036 3.9832523972813734 -4.49402203268816 3.975010158507808 3
1.2059792797019466 3.3056046491621833 -1.995072315118971 -2.8269215743005223 3
3.961887204192906 2.2568837569771674 1.7235729704838174 -3.5198663504280643 3
1.796175542022762 4.2116900994380435 -2.118153617974797 4.275852121908418 3
4.449607106829115 -0.43360485597216325 1.255164970266092 0.18610012334298198 3
-3.862171996342125 -1.8648537170353303 -0.9187324664855604 2.470508593957818 4
-3.128807648810426 -0.7426226268358938 -3.2313827112867566 4.20604021833284 4
-3.318396043740696 0.937060236187938 3.25010707259208 1.0589128431231896 4
-1.0547274675793132 3.5584729585938897 -4.113844286376977 1.8077008450296392 4
4.210152046186517 0.42196411502479947 3.7195590679693273 0.22119360730763382 4
-2.0265878711916305 0.8300737688565312 -1.311976603554635 -3.4175038951847734 4
3.5708504240196883 -0.8393998874782655 2.2941099372381144 3.4651966609062557 4
0.46870449022773764 -2.0551250915446873 -3.5977343033173628 2.3308609927710773 4
-0.4010026549497572 -0.8845781815836122 -4.346455623668122 4.203494262694976 4
-2.264278814253261 0.05279745442777517 1.0355221857158656 0.4719515309246983 4
-1.706572566181697 -1.1426862250732728 -1.8364514976996498 3.863625044128051 4
0.22473398028837832 2.2553552063608873 -2.106849353968881 2.9533195189502544 4
-1.498432807878522 3.817428899586872 4.365978114034188 2.5505698096332523 4
3.2608669215231214 -4.0617873362202435 0.17090928347788592 -3.9053316253349526 4
-2.217217281688595 -0.48478038606718266 -0.24827589746034284 -0.555696477254668 4
-3.5583490013177332 -1.3637160986985264 -2.6748356293170428 -0.68771126957126 4
2.1608777305591422 1.6246303302854328 -1.2801790432769518 -3.0268416496351636 4
1.1014598570940435 1.8947556245011108 -0.5276327100076247 -2.1348003930795985 4
-2.6556868173626844 -1.424716966217411 0.19856178614037945 -4.1835594625542525 4
1.5861823404971658 3.413112867281944 3.6560827780855574 2.8472787496787046 4
0.3931024844528568 -1.9557031414901704 0.4732319925945411 3.166277244815188 4
-4.227882677946157 1.8930314607679202 4.161555664297204 -3.505299353526055 4
-4.429043068424036 -1.1458883716110404 1.177486275688234 4.481946008420928 4
0.2748349310650362 3.7990031559047375 4.391002524001735 0.9299069306167014 4
-3.6945490947038993 -0.8465191022854465 -3.34781216594265 0.7487354789147539 4
-4.28118120260858 -1.4165011409256871 -4.481418279830205 -2.7097979879982637 4
1.1000795295581542 -1.9883884659426148 4.1051084360396395 -1.5260348465744051 4
-2.6122504530992843 -3.4586709000561573 1.245510951992537 -1.9722645483098158 4
0.6942621961830763 1.757430053142174 4.030396984004306 2.057028569545381 4
1.5476142653624012 4.039749186484566 -1.5331395817672866 2.6258527906233375 4
-4.475671074958476 1.324769885046324 -3.5265102797129613 -0.9691295394108652 4
0.903530133878756 0.7986564897325936 -2.509036850415669 1.6535380254844163 4
4.1649328785621815 -4.348154939669643 -3.5779834640526267 -0.9267675094559333 4
1.768341876313051 2.823107847316771 -2.0101524281172938 0.05708627391423737 4
0.08826476959425722 -1.4943161736287176 -1.3509208754650897 1.857695199003099 4
2.6175614690466444 -3.6248136693081783 -4.278806781237305 1.2058822917531675 4
-0.5216792604306726 0.17957137113754384 -2.42485839275562 -2.081618741188356 4
1.7456076984109277 -3.682028411708315 2.702300432251712 4.100115545823788 4
-2.4501644861592515 -0.8072859357888693 -1.6510481097562204 2.9412474333216814 4
1.1096520571811759 3.4826470309567576 -3.564082458258902 1.2058348770664487 4
1.0694355141723884 -3.2988467615855903 2.2592906958142693 -3.0961986476898913 4
4.3252211950855415 3.3460716127994363 -0.665978510973955 3.534364478240834 4
0.02448685030791642 3.8011318361696973 -3.5677938289646502 -4.337132776186723 4
0.37242714381422193 3.809754611002468 0.8152684114314036 -0.5802161352215989 4
2.9690763174300887 4.2145776926486755 2.6882032399551243 3.81109984383696 4
3.7780452970034255 -4.175695643142875 -1.807617199105655 -1.0043629454780525 4
-2.9270519625515403 -0.9977879060893281 -0.12355122303616639 0.7933631439176938 4
4.069284275658787 -1.7997397247166338 4.35468446713455 1.7759722574704635 4
-3.0557912050115905 3.4767419947790392 -0.9940634338898809 -2.1260908219458408 4
-0.4824502606511738 3.6708803491889346 4.001631465799116 -3.2800641020234425 4
-3.0579258031187107 1.4500576035728954 1.9823926725428225 3.828555227631966 4
-0.5376262245345736 -3.8116190787274316 1.4819902788099477 -0.6925100385049097 4
1.7681683018725054 -2.273411200147617 -2.709081540670644 -1.1927220997326549 4
-4.14346029678434 -3.9605013157538407 1.8618462847810986 1.3458080175776714 4
-3.950293166398914 3.669596617365355 3.851785499385221 3.301748222934374 4
2.158955260461909 3.5825612149236155 2.845356770397315 3.703057878156861 4
1.553240801668692 0.26045936127794844 -2.0129656253665553 -1.1742881387431545 4
-1.7599827208735956 4.481660261958061 -1.0809548659258434 0.5440552983880224 4
-1.240298469545496 -0.26415945707481414 1.513964065884939 -1.9195498526364512 4
-1.0957934256888442 4.315742364019127 -4.324837794216297 -0.9069985470788163 4
