300 60
0.45718112317117954 1.8733304035629434 -2.2401671655070015 -2.3595694019350226 0
-1.881857349783501 0.09744844677896713 -2.090095357409187 -2.13129066195435 0
3.536522589128892 3.5666378004009425 4.254439379881985 2.6204512672530025 0
-3.369732205825474 -2.634814096756319 3.5181965845726157 1.921526055113262 0
-4.036795170292531 -0.5327114071442718 -1.3800443547528696 3.976680801252871 0
-4.2311141020928975 -0.3885009804476003 -0.13990365407860295 -2.831085541395948 0
1.3422964285328467 -1.9936144561682223 2.0654929765745633 -2.1662541458445705 0
1.5862941178211813 0.8177653567471574 2.9050687110887563 2.164310239785139 0
-4.284163058605512 0.5296867919179379 -1.888197156678178 -0.3632143017896059 0
-2.1667279778328115 -0.7640892269093732 1.9358758953686106 1.5121391806238333 0
-1.9482742640581314 1.738241264816967 0.23920617771612596 -2.5727136985806514 0
-0.5359165409633446 -3.088190353725331 -1.5804630197242968 1.7531377603782523 0
0.4018411622866026 2.5228328806023033 -0.38715225582760304 1.9607413622434566 0
-1.7427282086143823 -2.5023790446103673 1.657044180022785 -1.2991349669084302 0
-1.0082586819991612 3.927452848743874 -3.6081165856090975 1.627077315745709 0
4.283958802256405 1.551453083215323 -1.2997498769550775 0.5846832513594631 0
3.6255069768455828 3.1117578416386134 -3.3750434111550165 -3.18580883459748 0
-1.0980536280399977 -3.6700469201544816 -0.6854486802693254 1.524409517037159 0
1.3806981227118256 0.5205668614960584 -3.4428178820381348 2.4700246572408884 0
-1.245917132436797 -2.474509456441513 3.162276709763691 1.5536059166868457 0
-0.8413207526137624 -0.27953776170747846 2.246481263078211 -2.3536774886568574 0
-2.0768797957404486 -1.8738650319711065 -3.597596913189853 -1.5378330736706936 0
-0.3808224060931985 3.244805216522338 -3.37012394335655 -0.7515909389504601 0
0.7762761402103927 -1.9486092381101119 2.3501191554870657 -1.9701263683756778 0
-1.9982024403875882 -0.408401320302479 3.20260031814639 -0.42313790496606796 0
-2.651306898555112 -2.6875916006123415 -3.0428530296743506 1.2805201514960014 0
0.12631553835697718 -3.714935680972758 -0.5532831946368286 -1.5279343294356709 0
-0.1477302088357213 -1.2404140885094996 0.14746736768805646 4.419651887094711 0
1.86917959634104 2.220716007918041 2.2669478424908336 -1.857978497825471 0
1.719836296701879 1.7026237237942272 3.846958306869131 -2.842508356485842 0
-1.1375988826596455 1.5132132426174079 -0.8267213848405496 -1.1466498759226704 0
-1.441362024388639 0.6551448288198753 4.371270252479367 -4.4593346863560095 0
-1.5677355774161297 -0.4936945566282116 1.3433903334211725 0.07795144602255177 0
-3.9462396225305465 -2.3159212003409566 -3.0965901698047977 1.2751032453594084 0
4.244423455562108 -2.424742160804334 2.770723591550472 2.4028348712024203 0
1.723297598525972 1.354291723923656 -3.801371265893038 2.6558948916459846 0
2.015452254937339 -0.22420250429011823 -1.3868343189408836 3.1733708722071006 0
0.8699739714167654 -3.897275184604563 0.558857644497535 -3.780608355650306 0
-3.8469407595998995 -2.709215763326295 2.2027555716263594 0.5723494428463923 0
-3.1332510269231304 -3.599060898766998 -0.4371535357218854 1.246125849640734 0
-3.3363552185203122 0.47949958626888145 -0.5066274189932704 -4.167672277830162 0
-2.809666575685096 4.068911187280874 3.714340341694344 -1.9097516898304867 0
1.6345060092668398 0.3691770602379407 -1.9859034636360553 -4.0524825335971215 0
1.8646254072710793 -2.1250199614273795 1.9565577090616881 3.6850871968703807 0
3.84053115828355 3.052737520199736 -0.3334116992094801 2.827118033926104 0
2.036875485852335 -0.17784039523130968 -1.5406631171321985 -1.0373829053561603 0
3.078928672889821 2.2027709108192335 -1.8744858507463433 -1.845553295372528 0
1.4429331575965127 3.7257774030534403 0.5516022522468206 -1.566525913511889 0
1.202990074088173 -1.2065347363265155 -3.9078350412192258 1.712413889165688 0
0.47560115835400996 -2.732574809698768 -1.7222607878085294 -0.9694331740234371 0
-2.771349332457572 2.0310266153953878 -2.8233612794574583 -4.055717399232084 0
2.56443033088018 4.248885273153892 1.3885472409523767 -0.6910914278898435 0
3.1587427533735153 0.39234893936240467 3.8915136325999136 -4.329680928943896 0
-3.6918821742924166 -0.10014079845498469 2.924063360748013 -4.333147346085491 0
3.8514271280591306 2.588563795531287 -2.9432951405411965 -4.375475258530664 0
-0.13415196551320674 -0.4024857466720231 0.08445661716139652 -1.3166582181106505 0
-2.538128084315818 -2.905079572783588 -1.6348626742498324 4.2695226171873975 0
-3.8373869770257816 3.531538688283833 0.7024281158312574 3.8370892573354287 0
1.2615895520915301 -3.210009142758108 3.5006363230132305 -1.4438958940256335 0
-0.7728577225541343 -4.058019680419138 1.381911722503944 -2.7445162296629606 0
-2.615639854298727 2.076373117161345 -1.2105161819678942 1.663073667263356 1
1.3601049339743945 -0.18919532360720048 0.6193896685557739 -3.7354343108843175 1
-2.0269754505392465 1.3700081255956627 -3.7967464002068407 2.439017524042948 1
4.108045601856424 -0.5803149944232647 1.8095538053511753 1.3371821647200264 1
-3.868807454210968 -3.9804166095932922 -2.512616494949699 2.554365085641035 1
-3.7541608308219834 4.13736468527899 0.6924687236581509 -3.1759834999810153 1
0.3668475256784446 3.037161894027502 -3.004442706208634 1.0872197624873396 1
-2.969698101865788 -2.1568943454397633 4.304459489109224 0.7746438886714797 1
1.7277976068555847 3.560132953277852 -1.8434956040968342 1.9449257179887551 1
-1.433803639858564 -3.9179412180874507 -2.6710751314991823 1.272320956387477 1
3.277077024695794 -1.8821479875347158 -0.7748624220458322 -4.22277945005531 1
2.169741657596063 -3.077697107686554 0.14759225599182302 0.06759569090212869 1
1.7546709162678829 3.0727765712803334 3.7073130938316305 1.897818171534209 1
2.0443687087203837 -1.2680322762285774 -1.76551472144549 1.3063719924335024 1
2.040207763411781 -3.244795882357857 -2.2499834032164143 1.3873517322965483 1
-1.6756279629010016 -0.7237551898534992 0.9129726613217408 1.0303728292680585 1
3.394908350498854 -3.116338122859713 -3.049865775809117 1.8961590833848554 1
3.42112311224384 2.690678872987235 0.3395116171366426 2.1807443548167793 1
4.244618673701826 -1.1906731502688563 -4.097965163780584 2.097123228903256 1
-2.655542079829988 -2.334867116988609 4.052355341234172 0.770858660574024 1
2.950765212792788 4.1870533373452385 -3.238659857426474 3.813959860573292 1
1.7892899854238111 -0.15752662403553086 0.5012963306744543 -2.0032536984258567 1
-1.9165521178698044 3.003190959088437 1.0992639949594505 3.230037335961762 1
3.349615575594833 -3.6708156737946753 -3.525310942528176 0.5369662736323622 1
-2.55645476082201 2.9858498141207983 1.1946304237529592 3.8350586926591816 1
3.1347350737154644 -1.668123011124024 -4.156309056130184 0.06688843997639726 1
-1.9863486283782932 -0.62266480183386 2.093617923085803 1.4372335195881831 1
0.35501850238200106 -3.639898664940478 3.252787241440612 1.407926656501317 1
3.0322092484225363 0.3126138331618885 1.1846649387056276 0.9891271505856757 1
2.4747103353683126 -2.4224736098130584 -3.017811100561629 3.1921241560131217 1
4.187640159957292 2.2592457658654137 0.1427172455096789 -4.307840124324324 1
-1.412155220472347 4.036748822639592 2.8841894242684667 1.6968730877870715 1
1.8046060106964554 3.0650497693761327 1.4166544055245394 -4.0341373364003985 1
-4.09052424729718 -3.9992261305348062 1.8490225826001998 -1.457872966826356 1
2.1846354619466593 -1.7578221034644717 2.830282764498876 -3.095501729470843 1
0.15105929258920747 -3.0936381869585383 -1.4810965349876497 -3.5720485782199694 1
4.301571686912863 0.02475942906977524 -4.334795023807256 -1.5879033945335652 1
2.9610097062725282 -3.8336598334800325 1.7944155208168158 -0.7219860418726208 1
-0.1897609300394566 -3.939484676348017 -1.8185118863345364 3.9262732512047336 1
3.458172879789635 -0.48770839158337076 2.0403047220320345 4.244630714270454 1
-3.883050735643469 -3.8115334591563865 -1.7734864754102417 -2.7537794785266643 1
0.34913392202853 -3.819902359452923 4.215209650744057 -3.784947324358959 1
-2.846049137888015 -0.5727862425013742 2.56943213083877 4.025546318716949 1
-0.01995452083388305 0.7498072371758167 1.9626166207026627 0.6699881421190806 1
1.084614132644166 -1.1446965032159837 -1.1794187251583934 -1.8402741536554763 1
1.068629246825219 -3.084798074533774 -3.896135537877586 -1.0901322567110503 1
-2.0204237210967575 2.688464435366795 0.026310827822231264 -2.2607467467206517 1
-3.1221962934613545 -2.490093244028369 4.226547342090695 4.486919467606291 1
-2.313196382754404 -0.18443425659239776 -1.8946701590836585 0.902268505647376 1
-4.493290301622919 -4.2271977552978015 3.4450743042450167 0.7533870801252076 1
-0.34606663516975056 -3.0373138362013266 -1.3332140259993 3.1128301245157197 1
1.6155162339595666 2.656841284589746 0.2585470091447307 1.0734490781765813 1
0.7034702286393917 1.7528847945588515 2.3124676730127907 -1.9054825057256193 1
-0.981377858395092 -4.083334173063465 1.6757334096289571 -2.10122009318767 1
-0.545206206333156 -1.1521771901150424 1.372128116695294 -2.1905211794765886 1
0.8730291798029707 -3.292036472708702 2.6661658306181657 -1.3740959533057415 1
-2.450583929503477 2.833041748745518 4.143828674312458 -2.9395700695658684 1
-2.1210702602380818 -0.8071181558355307 1.9289443157293058 3.1947678625470797 1
3.923749588462034 -2.0200278328123087 3.3413144629365776 0.18022674299173558 1
-3.1923903703179253 1.8181811639830707 0.4442500285314479 -1.8521018682522241 1
0.6035989539714717 1.0043445199193726 3.2096566765553094 2.3605395070908712 2
-4.121722341057837 -0.744597947184959 0.12027978436891462 0.026841254696206907 2
-4.461602092495565 -2.2811807802519946 3.775136191470973 0.548005882327483 2
1.8545056522560572 -3.9461335567137024 -3.655378065182867 -3.5264312720382405 2
-1.8477585125704812 4.393014775309603 2.399548631600219 0.23248111007804273 2
4.241000072042779 -0.16338250188265524 0.5072514167684363 -0.6037047448935992 2
2.121240478754213 1.1939019676752505 -4.295714557045114 2.7291344690770107 2
-0.30876235700636945 3.213597893771877 -1.066124638632815 -0.3222569012477201 2
-2.9473357305043892 2.955887300196995 -0.5336108158897124 -3.2966632419378383 2
-4.1213742888751375 3.3025832263151864 4.168951974056974 4.134722876670898 2
1.58396928721423 -0.48677301080218305 -4.412026231527206 -4.008898733517611 2
1.5441322287084929 -0.356683464996823 -1.0244095098672452 4.336037791877733 2
2.520029001407267 -3.4790032452229442 -0.1638211282646478 3.8039643251164845 2
0.07341685963744837 3.3434058594948564 -1.4247263633869474 -0.04200542867832724 2
3.8477634823082023 -2.5169730160651858 2.959278584990389 1.4275661550375482 2
-2.23262727700843 3.636112244480898 -1.741022058762997 -0.3901799593817594 2
-1.3903439515638438 -3.9881468335615597 1.117002148089208 -0.8920373589637269 2
1.9339800490082955 -0.7702302676197793 -2.7157643092014294 -2.477213247867981 2
2.1179176874562966 -0.2061752990096758 2.1653382986510703 -2.6060070845942565 2
0.0050899899278872285 -0.7419428063226947 -2.830631736003347 -1.9147382120212308 2
-1.8856359356836365 3.6063978064861586 4.401435880596972 4.422941091080027 2
1.5190882018659653 2.5994910900867043 -0.18161811102388525 -2.5378974822709743 2
3.561655779838056 -2.2482995184957595 -0.509352323119869 3.4463941466736108 2
3.7783855257518018 3.263445785327023 0.7169101017048359 3.6053424535119727 2
0.05476735912487751 0.6111195672962759 3.423000171164698 2.82749857935853 2
-3.4656098576689933 2.3590425650199176 3.455419177066346 0.11597051664031088 2
-2.940974935341087 0.3045243690531858 -2.9806960758982313 2.5153336251639167 2
-3.362064252941527 -3.8437461577605845 4.431281822315742 1.460626864033542 2
0.9812469938450805 -0.07917183345887979 -2.2757003628688426 3.8531178106160398 2
1.5732894126534538 2.617687647488559 3.8134474722624674 3.8167969812750946 2
4.344187433810096 -3.743273870309868 1.4668433172290336 3.9448338785486285 2
1.1809090119022239 0.6927740584330307 -2.4050874568022786 0.6749349868083294 2
1.355779591125327 0.3886150933294171 4.440614541789676 4.453878825362165 2
0.5163064877718149 3.316991702764397 2.708951300550982 0.7827988256421764 2
-0.4318954526558225 0.31478020767325243 1.1490686064897107 -0.9691010922114891 2
1.7186733338873856 -3.6945450774440203 -2.4955464566471837 3.568539668928423 2
-0.612672130014212 -3.580792013659605 0.7657246003736015 -1.2704530643035465 2
-3.2597109638007002 -4.4808699738068185 -1.5542756681029135 -2.9479156077879547 2
-2.612642074545409 -2.550264638055892 -2.8345735886965855 1.508810642104721 2
0.14620033110998598 0.6318741464121884 -1.9228932857846297 -1.6482304774234353 2
2.9156506245292246 -0.11959930059158597 3.1057997766749996 -3.657789805614101 2
3.523091390296125 -0.9444528920235079 4.042224287836388 -0.7648512873907847 2
2.201503023759982 0.4748153617564409 2.9470422281611017 2.9152373640783136 2
1.114425771950935 -2.0664720280501863 1.6426663007940845 -4.0248852487546625 2
3.9383550714581013 2.426892438221081 1.3923634970073135 -0.48095280722402256 2
-3.1896447383708404 0.3369093295011615 -1.7060309847468975 0.169929946764676 2
4.462076750000269 -4.058493007453816 1.4811317207558188 -0.9890607105851454 2
-1.7746214587414788 2.1673203421694964 -0.8204114113316895 -2.5613322061815857 2
-4.145746971126466 2.2200398189303243 -3.001703195708807 1.1048134549468462 2
0.6607915198538492 2.085351080058599 4.272522123277874 -3.6171042335955104 2
0.4574933628896992 3.954631304710429 1.4124769502087013 0.8972481523937718 2
-1.3823846738975654 0.670225139426052 2.228819009838878 -1.6277352521345554 2
-4.042980188979514 0.4808955073892116 -2.1453888192507686 -1.9159477506617453 2
-0.725463507168566 4.348456090111814 3.040340207152876 3.1394192988436602 2
4.010465869533402 -3.2554852662770966 2.8148919721244283 -1.9925498362222616 2
-4.1254592262213405 -3.4139243963798354 -1.0994336650043772 -1.8877317477013045 2
-2.7652772905216176 2.035511948794971 1.6773238733392297 -2.383996141672498 2
0.3958015818485122 0.31432801081753314 2.1873201856871316 2.6365045492688877 2
-0.31916718483716777 -4.439752034566354 0.3001949433722697 -2.9294131301332174 2
-0.9677527780998002 4.490445971337242 -2.1372717219862443 0.6049115797937469 2
2.8826208487075258 0.6557463984573493 2.1163188382962153 -2.6924693989110864 3
-2.7318333537424886 3.7842248205841846 1.3338936158245662 3.6773974718508926 3
-0.6826747733598293 1.0739454577153449 2.090039442635055 3.495752321518681 3
-2.6720310893294226 -1.5474083057809944 4.128981595709866 -2.029658062457117 3
-1.3954188335886384 -0.9472331663823528 -2.627638695829824 3.6055605580525447 3
-4.299913020985306 1.4431234697567856 -0.99432568724891 -3.5287858964997287 3
-2.9700898380195824 0.9297023692795341 1.1113622794407767 -0.1931958571416863 3
1.0762231188132618 1.7811427178910921 -2.7716808062708465 3.745617531572462 3
-1.8726193255829755 -1.8717121209208847 -0.18167341373328416 4.420592421535415 3
2.299765292125525 -1.005982242584091 -1.9682722197388167 -3.9633226770608574 3
-3.1278306513773213 3.6473841115219288 3.6687839728643317 -1.8338154932114539 3
-4.382254710430366 3.4783596689020406 3.814232817601663 -0.13846902914778325 3
-1.869689016431226 -1.0635746389914662 1.7400847728480344 -3.4538717050412373 3
4.305646371564501 -0.5699183270385403 -2.118544911671287 1.6099461518690625 3
1.9429378086767968 -0.7885550976100102 4.0704907161372095 2.8800210409237867 3
3.721822309523782 1.9754144928930382 3.6407308883811567 2.472221332649293 3
-0.1737739040815094 -3.742005159142919 4.248200869416667 -2.357378898714387 3
-1.2272951895416102 -0.08453967887465996 -3.3986105448254333 -2.3353176102946938 3
-1.9452223489375462 0.3117645847768352 0.7207369377764727 -1.1637164751466167 3
-2.613140386365079 -0.051033820123878804 -4.183511483386156 -3.377756161974238 3
0.2520467564139818 1.5602367654370441 -1.969329376513983 -1.4811978867549014 3
2.208292605737953 2.0697636782301516 -1.6420110992661139 0.5895956699522623 3
-0.6829568974030614 -0.39642902003794567 1.3989061831410181 3.1033316017345367 3
3.3615639132281294 -1.2349086968642382 -1.0809148926408914 3.941955319233621 3
2.1422954786187187 4.446605085210093 -1.0703967293657874 -0.6898926997661539 3
3.823275451832658 0.44313181013185177 -0.7716452184920677 2.3819548600027503 3
-1.7539975181282759 1.1008137226576515 2.140118220405635 -0.6988906416743229 3
1.6587150140809337 0.24266029424664504 -1.416240724304324 -3.757854602089419 3
-1.426710322589899 -0.40116085794544687 -2.215766032552322 -3.820268204400671 3
-3.7638833128633764 -1.8784601550096562 -1.5066401541127428 -2.795477573686765 3
-3.195929205132952 1.4983265773933596 1.3122586059209005 2.2164095143766622 3
4.133107273844963 -3.0848878524094783 -0.1033871806822666 -0.1571568140088625 3
-4.245353353335355 2.1722145229464984 -1.3989657676701266 4.13217091615185 3
-1.3125195920907011 0.05369648970889129 4.440300832062025 1.2807735477520104 3
-3.9505673233931278 -2.9001154793569675 3.115888371954541 -1.1191508431709107 3
1.7595566274673362 0.9468955765548511 0.7905150446904943 -1.1758029268813335 3
3.180701001770096 4.16630892184442 4.041318230243916 0.9697208517041681 3
-1.2634641080528448 1.0822365599474648 3.5470081295021862 1.0621225357694812 3
-0.4709032900806893 0.050372664296405745 -3.7370742536730197 -1.7252091078869998 3
-0.9764841726926047 4.296548042537628 0.8380128401402104 3.740470553651151 3
1.1127403571257906 -3.22303115256605 1.4107397852675216 -1.311096686933553 3
1.7795559729300212 4.19180631601134 1.420786026921676 1.193417567590191 3
3.5536444798772404 0.5220367503103454 4.248520721303221 0.9659420616472161 3
-4.367566946262593 2.7499169859132326 -4.427334673270955 4.383883469186362 3
3.8867520600102616 2.1053608383748013 -3.1884838606306474 -1.2505191922582635 3
-0.6394218543746152 -1.072430024524341 4.181883727771468 1.5511804257023085 3
2.2014428728954303 -3.5293401256512325 1.641607313927194 -0.594631401505907 3
2.5622626254831005 -0.010753034580008758 -0.8937176286605478 -1.7712404339402488 3
-3.8689288818582184 2.9074069271581364 2.351236697366991 -1.2225418515831072 3
-0.9746327041192486 -3.539115578878553 -3.3834990447181292 -2.6718109238794026 3
-2.9358140021268726 3.2348935421053144 -3.2048426667705705 3.578961057452116 3
-2.945323804532822 2.5582541896592517 -2.088666694289549 -2.419238051396499 3
2.737044902850365 -3.721336689262497 1.3956973241982715 -1.7929962988096915 3
-0.5815207982188247 2.584430760689943 2.7344807473150374 1.6817599481776 3
-0.08945206913965809 3.2941423685619733 0.8052162656444876 -0.21232506640095883 3
-1.0825087497689967 1.1548297693898086 -1.1118038296704922 -0.5312198288331712 3
-2.578317615104006 3.0803074570248423 1.8630215145461473 -3.968855242303783 3
3.054215577600732 0.5925090110183382 -2.4164558944155328 1.796352131400357 3
-1.5922039804393573 -1.37188628177707 1.8796462533380671 0.6502896930803939 3
0.8521446783399405 -3.3443183102817176 -2.1465441269598284 -2.470652705767162 3
0.09425555626060955 -1.841163561187808 0.30095550884182587 -2.1270154244627903 4
-1.425794811521817 -1.603448548001864 2.155034785648127 2.4092561497049543 4
3.010834652532126 -2.9204944886015882 1.9743067340281244 1.1621871859774098 4
-2.3719718860678607 -3.019725703339973 3.5402829423314692 0.4735471169220604 4
-4.364093040864083 -0.6695574313173144 -1.9615379167413192 -2.360118649062397 4
3.0955274289594072 3.6247433166333094 -3.599195451553083 1.059781746403743 4
-0.11370904294162099 -0.7076127720439668 2.386792835933609 0.9923535485279388 4
3.313505079007082 0.25645299472053595 -3.3083376311391106 1.8103839085770417 4
0.4380045741633568 1.343807262541358 2.1524122361885745 -1.1799239096656384 4
-3.7834854237499114 3.0465501913349406 0.425930800871118 -3.8061000432020156 4
-3.548312622806 0.29089391884284044 0.8872294932411912 -4.332195655079682 4
3.83408588175136 0.43836131675409284 -1.3667088389390902 2.781063281020542 4
-1.4201294072843735 2.0396778089811587 1.1589966079257183 -1.1259900985761648 4
3.6091309528839757 1.0461182941067162 3.7242126648971436 1.1444381900393652 4
-3.997024715473503 3.409277385786826 3.8670761844658705 -0.0963661304444039 4
-4.338202937726235 1.604153133532372 1.3882462817610142 1.285027739140241 4
3.600414207883845 -3.082989925514953 -4.033791984750026 -3.242581227660476 4
0.2534861682006342 1.8454913077283914 -3.3819282394935057 -2.626142153283205 4
-2.920395332275137 -2.2932217390362752 4.386801944716925 1.5459519926647192 4
-3.90087009943872 -3.0689774234420546 1.9893023102855407 3.7916032937318875 4
-3.436541374969425 -1.8842181082433394 -2.864419252810597 2.2796307627508727 4
2.25516076991082 1.7431602398820223 0.21054481980196793 -1.0876259670804815 4
2.3634217950460803 1.4369754910787123 2.2139319315283537 2.6898658306987007 4
2.648107777574354 -3.1593931930791364 0.8612619616719287 1.6770320183253413 4
0.48882234402501 -4.306862223660643 3.162719187141546 -1.246353884983035 4
-0.07502492487068613 3.09075162398718 3.0224113801651664 -0.20450157984653639 4
-0.24941589050855617 -1.8397262096905669 3.7317499898688022 1.9583023344491854 4
-2.0281049894931447 -0.9581269961278069 1.033216620912922 4.31681145538592 4
3.7244070011993893 4.2686645761568895 0.09902177999692607 -2.566563243039033 4
2.2354474000425264 4.387590659115494 0.24885624570066223 -1.1360675408280905 4
2.360145594863291 -1.9418383673357338 4.223993155929515 -2.8968705738552756 4
-0.5842616251184265 2.0083424406397556 1.1065721164900384 0.5351411721737976 4
1.8840601662472878 1.6031254488611482 -3.3879651912467352 1.768826326820144 4
-0.10900707428822687 -3.211810842643561 0.7180026190921517 -0.5859624405119533 4
4.136747153587633 -2.5188908232317146 4.075595773761823 -3.5189067087802686 4
4.314459103624115 -3.35318626412334 1.1775594781495518 -1.8754597172552088 4
4.323020707058939 -1.1149547957170887 -0.02655424915452531 -1.189396099288877 4
2.798429498076405 -4.434370896308778 1.6762131852956093 3.521224467669823 4
-0.49499286808454324 -2.259524045611708 -3.7899121807228315 -0.19089720454603631 4
1.7507268193038241 1.4672407409876702 2.1130073438103727 -1.8994031378966698 4
-0.3427357493979968 1.8597227647485162 -1.4744803762027132 4.000756774256925 4
4.304354526394678 -3.660771788298515 -3.5056755109497364 0.782417099815941 4
0.5640845152608426 1.5836494496850575 1.8088859919010432 1.4664910503739348 4
1.1989672217832612 -2.1397292369075718 -3.9068966055411476 4.127918571367595 4
3.3745841518255535 -2.290219574183329 -4.29238919985069 -4.21131336644313 4
3.1046539121139514 -0.2634424595827737 0.5000855291077174 -3.8226689535308047 4
-3.212167316899078 2.9171664434336937 -1.6106587228146667 2.630560312743744 4
-3.796359290131173 2.6549066605207825 0.538699054423335 0.7255418890194488 4
0.9001099589221204 3.3899355094520116 3.755242206613505 -3.557572215551724 4
2.728840653616582 -0.8822632381136517 4.396039498751078 1.2743542311528313 4
-3.2832706216813428 -2.1042765288346974 1.6897743633693176 -4.356402305230018 4
-4.488097191699007 1.3806292321433307 3.3404594579701694 -0.9517780284692446 4
-3.7303883884755553 -2.88640280723906 -0.9178440734831745 1.2263072879068773 4
-2.2952112517569425 -0.845077658425973 -0.9234160822576738 3.9612113224771095 4
1.6811995316315467 -0.49979191980243787 3.7501244854473788 -1.1432227317418262 4
0.0339350927424662 -3.661129824510863 -2.4655150242421353 -0.8403208079784297 4
-1.4564033900701934 -2.6399830971662563 4.435150298283296 -1.7559352574645115 4
2.1522379372517078 -4.341126467942102 -0.03765551924989097 -2.7135216761818994 4
1.0511634754515444 1.7809823310267705 -0.15462673500653223 4.072819388444594 4
0.041787154094849455 -4.099702494106963 -0.8848528018866212 -4.384421176215776 4
