300 60
3.2738398701307463 -1.9358463129513588 -4.418649744003027 2.405268537295964 0
-3.840692507246376 2.3691348389725646 -2.7406249273720342 3.23970850267973 0
-0.425528481605298 0.3806718660789702 0.5628469810123934 1.8088363182363967 0
2.0397220454475655 3.140145968533399 -3.0069202933408863 -2.852222618912811 0
2.41379980028084 2.0982935098801567 1.1084595802339785 3.9030118859470373 0
-2.322122177665034 1.9827782329926484 -3.008129910712607 -3.596156524895223 0
-3.9746042476945096 -0.8129796645799415 3.230702171948072 1.3780998268809663 0
0.9960504647189409 -2.196766128943005 -3.530860319342927 3.1365814680251742 0
-1.9289526520830131 1.6601737212910601 1.7177483729852914 -2.2032512438563043 0
3.068277618497031 2.7823807809073924 4.420214799981765 2.8062007980065915 0
-4.499428538208349 3.8124908524975707 -0.06847941329491847 3.2542669752656166 0
2.7626864683108683 4.104111608588098 0.9853377419271486 3.2039836336437255 0
-0.1374390908154105 1.4631660321526945 2.8573404422776485 2.3984433952164763 0
2.1042599183101127 -0.30499085714357477 -1.9954002144384118 -1.8299616473063463 0
2.7490337875809447 -0.5581122402090065 0.32089374717369423 -4.465633978232919 0
-3.338642067208409 1.2793551501865972 3.905185590480028 2.177424144861483 0
-0.19220667253345192 1.4230869484139286 -2.235330858955302 -1.7229713365206827 0
-3.749823618417771 1.4735082446585377 -0.3881854200789787 -2.7250104679148923 0
-0.08153923431316168 2.2978308737185813 -2.376864711591237 0.9455560934691077 0
-0.6491429950036971 -1.5317045831610672 -0.7026625589314517 -0.8822930430951496 0
-0.20069983833592975 3.775831856860966 -2.2232101624718674 -3.644425299092648 0
-1.7321630514364124 4.364273686941608 -0.2197100847992931 -1.9345621600267913 0
-3.476329169133483 4.234636666185037 -4.392562572729479 2.994504315297988 0
3.3602549578428325 4.02535834170708 -3.3619138599703398 1.3818678466091985 0
-2.370872881959044 3.217824139030287 -2.986102366262353 -1.8696150858068967 0
2.7317788592395758 -3.0329569233827414 1.1620804202839117 1.4380301345473636 0
-1.83576540813637 0.6038386444749648 2.6316465275150476 -0.4115398216704321 0
3.405264574192941 -4.158867505319233 2.955939380711501 3.7396663068323512 0
-1.2634036659979706 1.3823907990866973 3.8552393985887567 -1.9554399802885154 0
2.1913990164668347 4.153775719512664 -3.929987491790927 0.7659781198994948 0
-3.385264563239028 -0.9007543299108476 0.9459743316417705 -4.357730879405983 0
0.48030913947791354 -0.21718172063956975 -2.3995324526231228 3.516117134638578 0
0.02868018486464763 -0.9759877420541987 -4.354214521050485 -0.11539449292350978 0
4.283653201818654 -4.165947456815245 -3.8884277459450645 2.5161650606683246 0
-2.930214154260962 -1.043047345654789 3.4552374040848495 -2.6771999852917565 0
0.042302889525491216 -1.1642240854290833 -3.02619557283975 -4.278859889524982 0
2.53508237893097 2.1767920361698936 2.36875607442336 -0.4631130052158655 0
-4.456442355625011 1.260413699462811 -1.2653416869951217 4.347851826742678 0
-0.6796209122195638 -2.1312514345495894 -3.903116571017276 -0.5629299993533151 0
-2.0770248774800937 -4.4711966511555135 -2.493702473199694 3.4689556279295974 0
-0.23954359982431916 0.3624692200219304 0.2424183031489907 -0.15476722881275806 0
2.7812350962666095 -1.1281351414699712 -1.4799280355012614 -0.24644121744495862 0
3.5260567885073058 -0.024894520472933168 1.2845589157830308 -2.4371631939646647 0
-1.193857372652358 4.277818375822962 -2.2748106058779767 -0.24783983691861156 0
-0.9290254960555148 -3.2302223238843286 3.4031717765364524 1.4683835990626852 0
3.320619325524525 1.4664118496080003 0.31810930150536654 3.0178061066846382 0
3.1010401783473878 -4.200339102576441 -1.9917782810677485 -2.9521060078487817 0
-1.1264254915253749 -2.9896171917153103 3.030779555478108 -1.4726870353987112 0
1.4989204954972488 -1.991560387777095 -3.593034126446367 -2.244671568661095 0
-3.763747139351924 1.3575108541046794 1.5633690820626311 -1.1492697999573287 0
4.491993571652846 2.1016290545230563 4.154088780093777 -3.524812651257117 0
2.295631346126224 0.4821606926706721 0.4090495106658967 -4.442692755628897 0
0.7090002730195385 2.3150582540201627 3.5232051539959848 0.5857429331568228 0
0.010494830397826505 -0.20657323117219617 4.469173913963585 3.415838663462839 0
3.7809054687873602 -0.17207090766795796 1.1787244553969256 1.867753640377972 0
-2.636607271795833 -1.1088827340190384 1.38120134184252 4.418536615169517 0
-3.236597508120407 0.6990477667035175 -1.1527842776102142 -0.8688527413337476 0
-4.224496331992525 3.3507814215854017 1.7171923594699212 2.2852948040709125 0
3.7252068485528618 1.357684244022642 -3.493244424978503 3.2872443431357814 0
1.4035205487446818 1.8375395176739826 -0.4635332855005587 -2.8297414414501403 0
-0.29729374196144687 1.7702062602504052 1.5018706147019434 -1.05549552388353 1
-1.172719534849083 -0.0858998384023969 0.9390620461032907 3.115243897805863 1
1.3693865023765284 -3.8868603653480367 -4.0155396635426905 -0.1166830972620968 1
0.3125242826734679 2.106163973436151 -1.6484230308760108 -0.4608691214082703 1
-0.657701730019274 1.3590412945004293 4.032248128996823 -1.7535634676229 1
0.6866692378751499 -2.0862929737530846 -0.42714309314249765 3.846253040163111 1
3.518714081408623 -3.034362957519572 4.4947155182926934 1.0337405979883365 1
-1.0495643194422952 -4.143534070938971 -3.3809854746879773 -4.4683187235437405 1
-0.3134160483493572 1.196963777265856 2.1660493691181437 0.0015551574092588227 1
3.1517828622314026 0.8189074449554252 -2.1638944180994977 -4.100294640401361 1
-2.091318727982804 -1.5574031131302957 -1.3359953887405531 -0.5067743014264446 1
-3.704294552489811 1.249292265395745 -2.0962385927560905 -2.7085658794472276 1
0.6786929920928313 1.748765985601536 1.2337110542794294 -2.845437965115974 1
1.65309351188044 1.712348245357255 3.021936058812664 2.817835563235281 1
3.4667744234634794 3.4918665743513353 -4.049675055617594 2.1569847511572227 1
-3.822107018935757 2.0423977333946204 -3.255406615058241 -1.1423351277167428 1
3.9270766218208104 2.1079754212987196 3.442978448437784 3.8928086564953475 1
-3.962332435605641 -3.916065195961327 0.02481470476314973 0.7795943113440701 1
-1.71510934596617 -4.212625798786291 0.32040014520393456 2.3798001457067426 1
4.366950387173864 -1.61523103572736 2.3620240217651984 1.7265407751257964 1
1.1906234482287696 -3.7085240950657763 -0.4660543099072657 -1.543438974676966 1
2.084898874296181 -1.4222343812440223 -4.354912780133656 2.0413280277524826 1
2.7992015650150304 -2.1152823405450016 4.120356061697885 -4.471492550012149 1
-3.9447465550612915 -3.0407895263026044 1.0541715509444205 2.131107316907929 1
-4.07401869513077 -1.5625552966825684 -2.900445240464361 -1.8921641567740308 1
4.1407970931619555 1.5136834104632262 2.1330899228967226 -1.560017943979788 1
1.433717422562045 -2.931655050464109 1.189681456678238 1.224723524542111 1
-4.482653561475581 -2.5299761253683 -2.48804370257788 2.705318970196621 1
-2.732034815898502 3.0074295749004354 -2.7474850367849397 -0.8301042613849364 1
3.9866536735962064 2.847401365477109 -3.3341500101130146 2.685256137589875 1
3.405237389146342 2.0483991221959146 -2.804050752100985 -2.6443650212403003 1
-3.2248759671777028 -3.4747485056773533 -4.307032068465967 -0.24734174604335557 1
3.1874219371000123 -3.6919294743046467 -1.8873227999379216 -4.1667179795856555 1
4.3237292733830825 2.8497112782452345 1.6742415122902812 1.0620284511777438 1
-1.6189379437510134 -2.2272751253510448 0.18328449283506665 3.5749459743872736 1
-1.0529350309286882 -2.2569150757173158 0.39701308711819205 2.318175710553983 1
4.304070188888899 -3.974765760752934 1.0263272306738078 -4.200988794579176 1
-1.5344642730656588 -3.82543945241139 3.7759507859066366 -0.7627410088268419 1
-2.867320192563212 -2.089832093186829 0.45886028736927087 -1.178708551847743 1
-3.7021024273060066 0.13219260731593285 1.927533527302214 -1.0387279085732146 1
-1.7416175283506696 4.141589080210596 0.39245190045475065 3.4542795537866735 1
-1.9650203739177572 0.8332015197704513 -2.0000684101315827 1.156507421335063 1
-0.5212457844038474 4.386267154653268 1.3106151261806538 -4.1517214398978 1
3.139811233463908 0.38612240872761694 -1.9261612551892302 2.9977754012643785 1
-3.8734223595208994 -0.41988089220956715 3.75586629838943 -4.394351951431707 1
-0.1463230966903325 -0.7605947722646033 -0.8527336220239826 2.504650957190104 1
-2.2262885438805635 2.7158678665145173 3.2560733962514554 -2.981522028595411 1
-1.0772485215127472 -3.580192207927435 -3.1508199161884587 -2.837830553882408 1
4.068456040739414 -0.5852703265357457 -3.401233384712448 -3.059110474446531 1
3.37877137993738 -3.2717576572110163 -3.462760295896417 -3.0875056543987562 1
2.3133272309120994 0.879128552066392 2.781715308497116 0.34659378863732926 1
-4.1460435394236 2.3284391383456984 4.147004095429406 4.217445503754887 1
-4.273477317337169 1.0367706732311293 -3.7380199203189486 4.024147735052589 1
-3.8553881249493847 1.8870550210731887 4.339937228784299 3.7916058506979864 1
-3.183320138332046 1.9985331199416643 -1.631103369541449 -4.008879146796553 1
-4.042935390293721 -3.78098094810024 2.02175389344872 1.5373251199483706 1
-2.5066008974191525 3.472021213854611 3.5529396232521777 -2.6514238501848677 1
2.6551377396540516 0.0971964326612299 4.084817036241375 2.412237466645955 1
3.8331887000910214 -1.004245733552278 0.436654760375101 0.09853042977166326 1
0.21082571570095776 4.374763416935645 -1.2538289718407678 -0.7528978541672599 1
-0.7030619484579895 -1.6765228763671116 -1.1190721369643046 0.06021582003773451 2
-1.7691819212543132 0.7052668799103894 -0.6889262603974133 2.66408971639338 2
0.2792004124363716 -4.160186737715739 2.7032138726869275 -1.3677337151818727 2
2.7286795970785223 -2.6592301581612814 -0.058521439973932776 -4.487934969124229 2
-1.8298052737262147 -3.91412265647093 0.8947995272547038 -0.3001191023459626 2
0.09707242637991242 1.0641281965475455 2.766388599829657 -4.268620525613601 2
2.662703293755811 -2.2477103583079403 -3.6536771106671004 0.6012313696822985 2
0.5249293381246861 3.4733343406320136 -1.79076019962689 -2.2221217122782515 2
3.250990873839574 2.6622417910016627 -3.233461469163199 3.7792236192659203 2
0.7681330461062964 2.397227570840456 -0.6583857172535522 -2.6949453084642903 2
-2.5616492033625393 3.4508164323151567 -2.925120182159242 -1.2074250938349362 2
-1.8452896336792788 -3.1059881257013418 -0.6523806107241006 3.879688726499263 2
-1.5177924795441764 -1.0392929115268186 -3.421476227443053 3.1250546761000035 2
-1.6492687974077396 -2.7141801623333293 -0.5444820586732537 -2.88497081034406 2
0.30740204869330146 -0.6321595189969114 -1.794153395013034 4.164654064627946 2
-1.8692518244563567 -1.3255204965477736 0.13442713225959424 -0.5848662159634666 2
3.7310727557765664 -2.335261029210137 -1.9521484261279844 2.0763286195245603 2
2.3504591599428517 2.7054609689165874 -1.4664158031941816 -2.9574136818982972 2
-2.897693884611568 0.49234945817144904 0.2941580549687236 0.8190005367986962 2
-0.3401297386407508 -2.6672007959878288 3.325758718906032 2.5388315506820653 2
-2.376136827162596 -4.4520179598521326 1.955639047862767 2.1507406930161785 2
2.967059167521591 3.4416905544528937 4.0301217323367196 -1.8957333852508709 2
3.0666015292053572 -2.2812584388949637 -0.23892697070476587 0.6486835866816237 2
1.1808454400166961 -1.8099400963582082 1.3133267390179792 -2.7379220457685536 2
-4.472861752745372 3.707092637367402 -2.0051207194381027 -0.34114122322910967 2
-2.5115050559118806 -0.16922814094119165 -0.8751959886560292 -1.248691017665283 2
-2.754762910398414 2.946050062911009 3.3273318725750025 1.190920985991026 2
0.7358582337536794 1.7173417488001874 -4.023949259672083 2.1495668038365947 2
1.1726549275902132 1.3867327782934362 -0.26978913863861664 3.925749075606854 2
0.6307485759868541 3.068039931129674 4.410951042006735 0.541245359966841 2
1.4686095873436198 -3.1098772024909374 3.9248010421358606 4.0654163207356255 2
-1.6791292216079603 0.9266160533612166 2.5825155109126743 2.2911276744477247 2
-3.1737127167094448 -3.8438053011727535 -0.3909395754865158 -2.2604799626872376 2
-4.110700435519315 0.3346262667077876 0.4527055030024948 -4.131945333141668 2
-0.7525252716919648 3.3795180126367916 -0.7451117184674506 1.897537109064664 2
-1.298420394120753 -3.2078924971946456 2.399498824535923 -1.235807445833529 2
-0.8767573355284041 0.6974768971903638 0.7746671747200361 -0.20360709180062464 2
0.7424273919104664 -2.4624324657791457 -0.07770431589798144 2.4073331924365045 2
0.21310140419602663 -1.6214532554286505 2.4957461126769687 2.8279749822025897 2
1.8596219856001408 3.8671398143862263 0.6653197481788592 -0.7306442317930364 2
-1.4749378512360325 -3.1098398475676436 -4.06167620847445 -4.12547231251453 2
1.167755724334219 -4.274943810910671 -1.725126516965356 -3.1055504424989406 2
-2.4282153919028255 0.7533321567986219 0.8664600744461501 3.9863731406716694 2
2.321133259214216 -0.2999941373688274 -1.2599471380218072 -2.310708995377623 2
0.32536731020261744 2.4460358837464433 1.1102290286141363 1.325907867864614 2
-2.3671406170379488 4.083640712767652 -2.954843428346364 3.9697552999635826 2
1.177431712202143 2.6270008109084393 2.1375073550175494 -1.6883681458027 2
-0.2879002902598198 -2.758430840607815 -2.372570149854745 -0.6807528216994204 2
4.35534209292238 -3.9913529676378197 -1.044009657299463 1.4040247154180714 2
-0.9198480896043553 -3.12866886971533 -1.2227133158209433 1.678291246395919 2
-2.7224511678544028 1.172638585997769 -1.3061920245967573 -2.0116516938136386 2
-2.0982962236916562 -2.0260422625882564 1.8569947723977154 -2.590500519406881 2
-0.3371642565759163 -0.9789807960325505 -4.153246989165069 3.2603062623467163 2
-0.283403545209547 -2.2051166242596696 4.293481029363474 3.882057144219882 2
-1.3022344536890036 0.5327659897978247 3.3947814990841074 2.5965133230500568 2
2.5640058636081937 2.55640597230943 2.4728690000471465 4.098047900992915 2
-3.5038155040334025 -0.6203291754859681 2.2583071915680506 -0.9609820755823366 2
-3.1209696646164926 -2.1795248549225716 0.9456705868683072 -4.419057848780806 2
1.040202608099932 1.6518309751506883 2.3883310910648405 4.1893462562475605 2
-2.9671285408069674 -3.684590334754084 3.5562574138030776 -3.4270022612205375 2
-1.2226947000597799 0.9064651017254702 -1.5251910600776584 3.9408262525886704 3
-4.123788575288635 4.1395559584814805 -2.9527397733565266 1.472868732730011 3
3.947486421492624 -0.6177579189603657 -1.082655539022594 4.273373115498828 3
-0.5197613005557079 -0.5592210272934448 -3.045454772249694 -1.1844029754515746 3
-1.1666772973003123 -4.451949448657132 1.1922105335714117 0.9867115119551244 3
-2.7635637843112955 2.169098983863019 -4.015518841585725 -1.5469783310190062 3
0.7976764344781732 -0.0769537312263624 4.166605146935654 -0.034667798870537614 3
2.3289865614932475 1.7670185481507334 4.127300809347116 2.189394519113339 3
2.4019022016496576 1.4251221273457853 -0.28572312916145626 3.7976313290034813 3
2.533317391033009 -1.430416406248343 1.9247593957358657 1.7502457236511504 3
-2.9868080995229063 0.2565488163315458 1.374733576272961 -3.673196317228597 3
-1.981056435414319 -0.17463544455854896 0.0015764442271481993 3.360883491888516 3
3.296457234385972 -3.707212422162172 -2.3723710579003665 -4.194579542937165 3
-3.0288449177041055 4.4857902080067245 4.008466005591739 1.431866255002253 3
0.1302791162213569 0.07852769744969346 -3.713143101608938 -4.217082853562884 3
-3.1286340037534894 -3.5657393778616466 -1.7176206064061708 -4.041511576169846 3
0.7310243045413642 -2.567089794938603 -1.8119314674632467 2.262048752760797 3
-3.257388435226686 -3.9236498801335555 -0.8675469928366167 2.3169297123504395 3
2.02281030330559 3.4561491532726007 -1.829727664341387 0.034016819268687715 3
4.321449765305631 -3.0699141538854855 0.37901876770376397 0.5592022922709614 3
-0.3353003455129956 4.001807610537976 -0.07552332975757281 1.8238947228954099 3
-0.23935181658410543 0.8947354480728271 -1.1971470486329523 -2.4619942046167966 3
4.130401067180116 0.980700229252302 3.165710282043981 -4.214955108548605 3
-2.9529416288055104 0.9706012680455123 0.908621605766636 -2.5946502066504946 3
-1.840257649264793 -3.410412733873586 0.22021255637304005 4.221689530883553 3
0.5800144718177899 -3.0356765947197695 -4.204570620696882 2.3559109026594824 3
-3.280943688713531 4.104414860842771 4.205596646621328 -1.7653661514948311 3
-2.5883217894501933 1.1545740645023805 -2.5226257009123465 2.9524359345443356 3
-2.387172146203884 -1.5833047045138682 -0.6942523908008011 -3.2727483737029717 3
-2.248158321408685 4.201707643472799 4.374075312691037 0.5111181046928679 3
-4.272575129979553 2.505389636535906 -3.0912559358682796 0.5403974821028513 3
0.7277378182227136 -4.01565368932874 -1.4883676329805051 0.4992329644468282 3
0.6043673941202965 0.3559870198005648 4.267366970575341 4.070477399091523 3
-3.0710563991304016 -3.2811045883377323 3.088201100665559 2.4479313514523886 3
1.065075384965148 -3.163899787632782 -4.215703404977954 3.441887510196233 3
-4.3867686815613585 -3.8495631535032198 0.7033000862301652 0.5077738995951689 3
1.4379717986377276 2.7691042720198284 -0.7547508705412256 -3.6446544547339568 3
3.456951631323128 -2.6056575924715673 -2.7290410297848693 -1.7966786344944183 3
-3.736861024541301 2.0309669217804136 2.2157899860824326 4.490069649116613 3
-0.5183706903127336 -0.48073309390293173 1.7155947147186956 -2.550684081910624 3
3.3949702369712096 0.4018899523022622 -3.5948258424771384 -0.23810182905770738 3
0.7098035140254384 2.0901070300092583 -2.505683638851933 2.241913151494909 3
-2.6510462458499267 0.9567810978853807 -1.6963146822353252 -3.4704594292526716 3
-3.9041804938542652 -2.037387638179451 0.17440652233814802 -2.122316013790764 3
2.91667803860596 1.3821047339768582 -0.15076511325509379 -2.9406089954328465 3
-2.1579139068781363 -2.483024793029167 -2.789452747749093 0.4343176627015558 3
0.5121678463427015 0.6370247772991589 3.6633495598020946 3.2234963471344376 3
3.3355472075284043 3.7323974029107285 1.5714502084797535 1.492799099253777 3
-2.418272460978401 1.2162444937639032 -1.2754258949684696 -0.9742247966540734 3
1.1978352424739436 3.023718442523964 3.9813748646999745 0.9953814168998466 3
3.931909725679254 -0.13564215758426756 -3.781713204291928 4.070777327322435 3
1.0149389197445045 -4.091204665393157 -1.4401689419641295 -0.6954355277149323 3
0.9870950352770071 -2.227376865771661 0.7184594343222559 0.9031756822649472 3
3.767973255390914 2.7467041780279793 0.5469888621909064 0.8531153536777585 3
-1.4332627313239021 -1.7288412588711974 0.9072526312487822 1.0196897348299636 3
3.865743198690581 1.3479924772195586 0.893019508974255 -1.2515268661105396 3
-1.9223215468298618 3.294393798277105 -3.5320164800370812 3.7132443886339788 3
-0.146408641025505 3.78388094855924 -2.2051832401733638 1.7011979596865336 3
3.7321626665036685 3.3622524307677515 1.9139708727131166 -0.9403388823454654 3
-3.4159522403531506 3.944003826743162 -0.0060963602846968445 4.255308743648346 3
3.8771252632814437 2.757206873027086 -0.8784272797487971 -2.1546502944205708 4
-0.907625843918348 3.2791524270324257 -1.5246874472607157 2.6210368000059088 4
-1.7095207536881623 -1.8392222997348484 -4.059468459879289 1.1547712913226231 4
-2.9446929802085777 -0.5635636642414432 -1.0910806773811657 -1.155002786095312 4
1.554055862170745 1.6527316185232444 2.220656364332993 -3.5535011083286863 4
-0.4965949021140955 -2.9404266674769275 0.7798079703587937 0.8529500253086685 4
-3.6983701726975253 -2.1696957963369887 -3.493309422620708 -3.453762219456211 4
-2.1335310572403756 3.41868559694363 -2.1368873508195203 -3.612540498143586 4
3.1998334811841644 -1.5145260014981692 -1.9189845765962006 2.726999510816099 4
-1.8059080772623772 3.7002764215046926 3.45648412063034 0.03369892227327309 4
-1.8062300617887006 3.5933220016997853 2.933876791731983 -4.043375962101014 4
-4.345828357450448 -0.7184613490848334 3.844696443231081 -0.3438705993915 4
3.707297918358023 -0.2585621967071744 0.7620432721501941 2.3905692612647425 4
1.461782077147504 1.145813623185636 -0.2924305434917329 4.222589021834058 4
0.039138554090528466 1.3820073998878635 -0.1269257746093858 -0.6266261231584557 4
1.200056273398066 1.316680205333423 -3.2652199934814674 4.32124684710435 4
-3.267228030340801 3.6975445823222106 -1.118433743619833 2.9223820771453024 4
-2.0590381682988883 -0.2604725022539678 4.047566013320309 1.366150369188359 4
0.8694967832571248 -2.7491711607892744 3.0148467305667555 2.5718890601350823 4
-2.051832737881515 -3.3396187509667112 -0.1754657440541797 2.0045136351282578 4
3.1914496205036222 -2.1762461430244664 -2.050631670484134 -2.285016633281233 4
-4.392712109057062 2.8992259305775305 0.3802038477957138 -4.4026839333964185 4
3.463788577292779 -0.3265402825939372 -0.04159325140417758 -2.5269881941402046 4
-3.6815619397554533 -2.790694990061401 2.339843893743579 -1.6685666827988521 4
-1.9921104603751092 -3.43063460790059 -1.5576069213211425 -3.366429349579809 4
-1.5585113533844859 0.5267314637265664 -2.2331784667213266 0.93951476131259 4
-3.647584624935244 -2.573610841477742 0.5190777526773573 -4.183893513589066 4
1.787899011111616 2.630340336960732 -2.9926188635732154 -2.2807731981752455 4
-2.19278956351743 2.2833794407902963 2.9235021822636145 -3.750995643851644 4
2.919855836651059 1.7084384491487639 -0.4150291329635085 0.4383469583677849 4
-1.7667666396246537 -0.8115425717401407 1.595429839945322 -3.5813172431184648 4
-0.926535929869752 0.3419635395002949 1.8198615364522484 2.882056194194961 4
-2.886960945078873 1.3146313412871695 -4.439088801688665 -0.7711211897731348 4
-2.3891434500453865 2.9469330291180578 4.296355199324487 -0.00820869140184799 4
2.6806655267030837 -3.9189434977106785 0.7173503224722412 -3.435322003717676 4
-3.710386180882276 0.13290122335020849 3.2746291702035752 -0.2192335060632351 4
-1.7251073397193917 -1.3784116122430046 1.501975616554725 2.6298375116343697 4
0.0331268098496843 1.9490500900377992 1.9995394020571946 2.8435939149736393 4
2.9478228869034773 -0.9043242260076609 -0.17633655416949623 -2.3928253014214285 4
-1.0020883431779075 -2.6129402527540133 -0.26117586204576215 -2.6340268041774983 4
-3.3942156695451065 -0.7154661648714622 1.3493048417778044 -0.44916554251638174 4
-3.677566645130041 -2.6525583798108725 -1.7773501545122192 0.9870007512934417 4
2.590547176102653 1.336635134668585 -3.151516204895657 1.0478378597917974 4
0.6785297065025084 3.0299109673662397 1.1570254448380684 -3.4402058111066824 4
-0.5637018815680582 -3.8001452450623816 -4.395051267608215 -2.3832929133159855 4
-3.7748424858156087 1.7191614858633049 0.5057277411560509 1.65191450222328 4
-3.0961715991013934 3.740699690259993 -1.515539152726675 -3.7798590703977704 4
1.5911261685246272 -2.4105735859622888 2.9090646313776523 1.0866526204690523 4
-2.7958128852452315 2.9033309700616785 2.243832932996627 -0.7186969569779448 4
3.72511902511223 2.277397212423856 -3.8364257606399264 0.23633917628384526 4
-0.7530074172080897 1.1619059258712297 2.9029358774412075 -1.3403634785819314 4
-4.02033284244602 0.6007916938639162 -2.8040246236020248 -2.4708728211934208 4
1.0856701083993456 0.2509702711050089 2.7602749346083066 2.896417708588309 4
-1.0040657909980641 2.567661785919383 0.7448493971264825 4.488389239494893 4
-3.014712935276028 3.842384231355906 4.4500991626347774 2.722209135618109 4
3.024610818580211 -4.1700693356879945 1.7470681343278187 -4.3224521475821795 4
0.09416783798685291 0.8058881893946052 0.5015611288717066 2.8346148322441986 4
1.6332249573290243 1.0076702114070777 -3.8928867266076144 -3.9001365477422083 4
2.4513232455263374 1.3569393460024335 -2.6297427066305783 -1.2924468013928407 4
3.880905084864555 -3.7463629583537568 0.9126515560846449 -2.7474602259239242 4
