300 60
3.1393592754172084 -2.889936675711014 3.110703101559235 1.8296633245039113 0
-4.010731071242117 -1.2461539852059935 2.0574977380677266 -1.4882799183081037 0
-2.021391642542292 0.2700020240588278 1.4307852894714967 1.5604893335216348 0
-1.7467297583767558 -1.7597307676127119 1.1303401922005385 -3.8002500470996283 0
-3.4943285144196476 -2.2509088750789696 -3.894783285035899 0.003396490425322418 0
3.758669080529062 -2.1226783207196376 -4.131568397548767 -3.070085600838633 0
1.9599631872620047 3.2914353077113865 -0.3140677169678888 -3.7209875776882244 0
2.763715340208382 -2.6050447560705483 -1.6332254437306184 -1.2183094850526142 0
-2.9948127168919907 -4.0796424748613545 -1.3233200758228523 -4.195436534775912 0
-4.145199194182517 -2.697922712020744 -2.9455744075250854 -3.875824326031199 0
4.486890624544548 -1.1449171950490062 1.7336327558531193 0.9279549826791663 0
2.344592465360547 -0.2387300158515493 0.535462836714578 -2.858967913460211 0
0.08743775235889206 4.005345754713984 -2.7083006831788454 1.5698024992311264 0
-3.5149801649235304 -0.3141615531164802 0.46310038801272024 -4.270516830068378 0
-3.226002660892787 0.3451388594123306 3.577927120730059 -1.5089385099690578 0
-1.8090120914977907 0.33970697476952416 -3.35446215882661 -3.576473212993441 0
1.4906478404236896 -1.2210407948866862 0.6747252437853337 0.5738856499445039 0
1.1071675740110434 1.2845239672069018 -3.892086915331126 -1.7600510476176594 0
-0.7201636191236395 -0.8708180939085398 -0.8526837276993767 3.38877860360089 0
-0.9862170651311342 -0.8442942977475764 3.8829592148164185 -0.4503921047789281 0
-3.7830050514909197 -3.988519187291246 1.800081254241357 -1.0856482235348839 0
-3.7950218223022 1.7611002957521484 2.866660629948594 -3.1215527501904097 0
-4.237569351853714 -0.004568222438244174 1.6350949381794986 -3.62957717362986 0
-3.306291140299849 -4.223199298087934 -1.4487311984221312 -0.6796025241337658 0
1.255404854824913 -0.4860166723234872 -3.6384337267685067 3.384167212385149 0
4.271459721475921 -1.5321066086556778 2.1689781063193445 -3.150594129091939 0
-2.741176591081316 1.656415910820685 0.6883220494497349 -2.1063367396845454 0
-1.3401102845953716 2.4393250200534142 -0.3999362602147537 2.1396525383514007 0
2.626195512325273 -0.5051286978711381 -1.4211461708976585 3.500879045012731 0
-2.0805452886758373 -4.284860201509351 -0.8446309589172464 3.427026043152724 0
-1.1580069080895767 -3.620422083097231 -3.375044855188605 -3.720461695171858 0
2.047702937201211 -0.3650001719785585 -0.2785004432778424 -1.1860739255388963 0
0.18446827328766935 1.6611213861316276 -0.3982615441311871 3.0116528934829567 0
-0.6723873423688423 0.931257515801294 1.227620811319937 -3.5865936435958394 0
2.9146419761076974 -0.43315862901504343 0.9588563029705931 -0.8357557784104037 0
3.491506809299751 -2.51640416993725 1.471594147093393 -2.912997923971031 0
-3.5385961345152843 -4.391908869335321 -3.3814121058571507 2.590935579996584 0
3.761472587865089 1.2290959280508638 0.1335057615891071 -2.9268027452210816 0
-2.5221416639657877 0.4279719028137525 -3.473136896234415 -2.8429800822029394 0
3.7871970331248 3.3809934787321665 -0.003881790019852782 -1.791988812120655 0
-3.3516706054316447 -1.7671163419152038 -1.574697697707459 -4.177054756806735 0
-1.8423308547106325 0.6219453387831803 -3.9499714185572055 -0.36150597134985074 0
2.19077666519399 -1.529863332566992 0.5494903171417416 -2.6853113553749615 0
0.9706707663527554 0.14107817833472136 -1.5948490854377337 -1.9450105706955272 0
3.778206521609459 -2.6877004993321942 3.1584244588646944 -4.446310796571876 0
-4.485197180159366 -3.854401229387097 2.2437747211944816 -0.03938708460284657 0
-0.7155495313567023 -0.009743653333429636 2.8569199616169345 1.4581209543986982 0
0.6637651790658521 3.4233604378205786 -2.788181791561132 -3.2644576668489647 0
-2.6935203032633 -0.7093974665698924 2.1693387648496714 3.585027617767211 0
3.8904960918681866 -1.230382817725428 3.7010599218396028 2.093731174399317 0
-4.3649625928508975 3.59754667929859 -0.48103893416377064 -4.346657586327124 0
1.0386015022570532 4.238478614812808 -0.8104510808799212 4.427138185989376 0
1.0945830067054692 3.9263621063961636 2.306435436597881 -0.013127295011501894 0
0.8913570425749683 -3.2464915621276016 2.183072575385203 4.165450228737934 0
1.6053725091507198 0.4170514259979261 2.8205512171377625 -3.482033666465246 0
-4.418600548197037 2.472932159280577 2.304990469809069 2.333002128701006 0
-3.4071794561088966 0.15654728315563893 -1.6577488510239347 0.7391631049524464 0
1.491771094574284 2.3662155735342063 -3.904967373060388 -2.03445323698717 0
3.9679099260868846 -3.3841119202279963 -3.188478761657814 3.609725727414237 0
-2.6100383576179054 -1.2116906813552797 1.6255092136612135 4.470312960664948 0
-0.8884035023764936 0.8100491526512879 3.5603992717771025 -2.537567067113293 1
4.445232311050912 1.003579861931927 3.31770466497916 -3.561405752949678 1
1.6471921580928952 -3.6340983583278175 -4.0467070103537734 -4.2665038547204315 1
-0.5938049559621948 -3.3375717423053186 1.334052200398777 3.439736640241545 1
-2.5613696781331354 3.150593518856435 -2.0002744873019145 -3.5569383324254864 1
-1.170096782705359 -2.4460876858090908 -1.9573151971563243 4.460825508339342 1
3.239393861738407 -0.30824298959469276 -0.9250142238757899 -1.5549084283597867 1
1.6030527397758054 -1.0991162062947955 -0.012967687305383224 2.938575899228928 1
1.9479019975800507 -1.2148219134048963 -0.5027265035630282 -2.3308312121402643 1
0.46369685064600863 0.7764183026494434 -3.6883713946560093 3.2161135687615614 1
-3.4615048616730215 -3.0641782454804134 4.033043781363416 -2.3690347495562896 1
2.208944048602619 -0.24892475285169624 3.600220424324716 2.391237798192147 1
1.1718263537739868 2.8081232125719158 -4.151945942692625 -4.415272073122659 1
-3.9059898970764486 -1.800729722706909 4.232793414822999 -3.194650853763209 1
1.1122384825656413 -0.061312164818753234 -1.0283486763278844 -2.639631949299789 1
2.602977560795366 3.0491093485718648 0.28438865398998414 0.13035644553129433 1
2.351490040412597 -3.4065757218392756 -3.0381294513792034 0.01642300521468376 1
4.227684408215983 3.2742830513022962 -2.370709734520691 -2.335387189486331 1
-3.6063849834680735 -1.4161049754006951 3.371804400396942 -0.9357168319286657 1
-4.174856528517105 0.7815679151999557 -3.364515917711181 3.811505527533057 1
2.67646946206842 4.222179513755635 -0.5339188481588462 0.4756437505874641 1
4.216547256460265 -3.788734454171067 3.9702625049095044 -1.7846574341938395 1
-2.8373131977300803 3.451821613984449 -3.079050053982797 -3.0566717870532463 1
2.2006235551355973 -2.996853790918357 -2.3644853087473114 4.292746928854074 1
-0.5534162163550012 0.1139168682136037 2.483575536046411 -0.46941559798217647 1
-2.5435650868446342 -3.585209111535749 -3.16800108775271 2.20621968501848 1
-2.2593157097844254 4.199510855635344 0.6713208810868739 1.3527561662525769 1
2.8966185495438586 -0.5839548234883194 -1.3897674754693214 -1.5592993455264033 1
2.950311024867972 -4.072167092769372 4.170022660615977 0.8706466890141379 1
2.4286791944641664 4.190414067477135 1.4966387309137175 -1.420451089985416 1
-4.222141788633825 0.8180641111277198 3.0636809321010494 1.5294808851452322 1
2.235022445380395 -2.7141251351154736 -1.0695256727621874 -0.8838084597759014 1
-0.42960580337981835 -2.2250787561164707 -0.946813177331063 4.239088210748342 1
2.855308147923232 4.057747234774742 -2.0690668902295277 2.321756267824637 1
-2.139771602291095 -3.300806252295013 -2.752992149114803 3.5904188191970308 1
-2.9891507864346067 -0.8064118739630849 -0.7158806539780034 0.10431021127079276 1
-0.14209088971552886 -3.185178762123452 1.3312576541427799 -3.0184968571636506 1
1.9579815085889392 -1.1713127190244332 -0.9363477842987636 -1.4181579108193736 1
-3.073078465513028 0.9274335894144573 3.4639825960109816 -2.066002461671915 1
-1.6907261687434312 3.7996088270445902 -1.4799625184815306 1.9989038454933103 1
2.422781889749197 0.3674222373299043 1.376505302057428 -0.7195274666702955 1
-2.0856217014634986 2.097276492013857 -0.09525342763687683 0.8142706129604121 1
-4.434016423062547 3.564814902736586 3.3071287592985095 -1.6421451734440997 1
-2.617135850145883 3.0719114688672096 -1.9023843569222927 1.5352482199638522 1
-0.10902038287534022 3.4614365032857943 -0.9871017705829701 1.0183680035792952 1
-0.10741421456307876 -0.04940503427134468 -1.5439071707651681 -0.28950291100197356 1
-2.615218633850408 -2.1403067752677716 1.490539577011869 2.2897802061435772 1
1.1110613759516412 -0.4033734832571214 1.8067981260846493 4.3556746054592 1
3.6796356797799086 0.4949311131644536 -2.2470477570895704 2.0887564650273545 1
1.8278898848693643 -2.6532454095783162 -2.544742319709425 0.9002427767885405 1
-2.1197132618641894 -0.7472399341690266 2.2148737382019807 0.3210842381921024 1
-4.264885144340193 1.881251298573806 -2.6060308691000325 2.268305857016176 1
-0.7219955741497714 -4.319616161120116 4.064700969531179 -2.7142339552081456 1
1.6011109595154787 -1.2155511665201333 -0.7226930286115978 2.2608373577225933 1
-2.4718541449377156 0.08100902494593065 3.2744298975734565 -0.35088382531631523 1
-3.2001278041336367 3.969318577841245 1.160861053568936 -2.868892119614373 1
-4.356572097130683 2.051041485846631 -3.300076223360328 0.5455179484382822 1
3.2268250762835917 3.354886849427599 4.2603998082797325 1.1185871390629196 1
0.25565889638757777 -0.8243030038832646 2.133243286299502 3.57441055857203 1
2.1829371769998405 2.7037777866472803 -4.10603881849962 -2.4660443130755243 1
-2.074657165494577 -2.122324151427404 1.3193289365344165 2.563903563433014 2
-2.2701351593300982 3.241163851924296 0.016421832960962668 -4.441241198702745 2
4.027946768045381 -3.1138979878700157 -3.374464100987163 -4.341640212684672 2
4.008503958068265 0.02987625497951618 -2.424547439632149 1.8631546817875673 2
-1.5989436688055396 2.33961182646875 -2.036420538081077 3.344953673007685 2
3.8293077254437384 -2.1553429793784225 -1.6702603201001234 -4.269841407862452 2
-3.7567436785248534 -4.018247014048983 -2.301303649497231 0.03734022668119463 2
2.746137268793575 -1.6944416048207958 -1.786520541953755 1.309870367293283 2
1.3505933133222816 -2.957221598894309 -4.283985576008262 1.1942775428406773 2
2.7009979187622637 -0.8774249116917601 -1.420221740012285 -4.30355458714542 2
-3.9563354867979603 0.9219583390848624 3.717018702481716 4.019952145254985 2
-2.9314916393237938 -0.6339238796688564 0.22766064613571257 3.213465518998586 2
-0.7338240044889927 3.8543648609439325 -0.4602813875707331 3.4212809047951183 2
3.855293932266964 -1.6959733067607297 -4.426519178568708 2.7333838644846526 2
-2.244215203748599 3.3357614091107117 2.9325465086610913 -1.5790772682203338 2
1.6737196892787778 -1.6119209659994869 4.267406865246373 4.448790238040122 2
1.5246265159089116 3.9600506485584828 -1.4375205310117536 -0.6366608199768397 2
2.820277309190293 -3.985216172548717 0.3210296574028202 -0.7853634886132245 2
4.307246765169427 3.6064720804220873 -2.893398328908773 2.7331917586087595 2
-0.9654804300407461 3.522901873542344 1.7767469158689326 1.1300176754261204 2
-0.23510386748430723 2.3372967987384596 -3.944053600716636 0.9063950949663565 2
2.951414229031319 -3.2842057234415636 -0.11288537694068079 0.4621905675508826 2
-1.5114468019629856 -4.115188429972611 4.251000981856059 2.475888967501189 2
-3.874962445929807 1.0529085354599892 -3.18562223263665 2.0805416429619714 2
0.8306288916783835 4.157353369104587 -4.090437186853551 -2.6548681121581437 2
-2.243727379222638 3.9159258670549306 -0.16681291896688188 -1.340851298204484 2
-0.22355745206931632 1.6411724462981634 -4.4421110357747216 -2.9650364243893295 2
-4.118540819445636 4.155461648742829 3.106569802472369 -2.217675509407896 2
-2.5279175069581434 -2.1359039788133165 -4.090761637409958 -0.7746631222475815 2
2.4477303422177368 3.366504211488639 -1.149501218788116 2.460863144407417 2
4.428298063198244 1.8747264795571363 -1.2900625063089675 -1.6323708444333518 2
-0.7760363945234408 -4.486998481458664 -1.1985283986608017 -1.1863888678404995 2
3.897285979075045 3.236643245773339 -3.1432358362504234 2.4336062857621235 2
-3.859287351113494 -2.366848570861337 1.9004053510621044 3.8869515978605635 2
2.1253356773850145 -2.157454312146449 -0.5289746827228746 -1.9242666006031612 2
-2.990523444916894 4.272162641257501 -4.334063925465409 -1.9753113632471702 2
-0.9749357008768477 -1.7199613926322312 -1.8389731071611355 -2.3794232615637596 2
-2.4353514901624305 -3.949419014283256 1.1071165883118128 0.9141627098972013 2
-0.28328604769865817 -4.286156076200609 -0.9894462474845559 0.36317643047377457 2
1.9634561422919323 -1.1823045798255554 2.0412685515128843 2.3272375296515295 2
0.46160731986031334 3.149755258063491 4.231090433352682 -1.937337728981251 2
0.27645967292192697 4.464600557582737 -1.0282981782469236 2.40268724791244 2
3.7979266077107754 0.4036069188067427 -0.8554948393442873 -1.0892051595322996 2
1.7641933762117121 2.973770207184077 3.6741585749345687 -3.089881412042862 2
-2.523138279894942 -0.557055741718443 1.7478016065040531 1.3188385031694083 2
3.4585773824683566 -4.051086709353573 -1.7578772374592173 2.462342882886101 2
0.3317881229600479 -2.208319038035363 3.2006245463035725 1.6792418258129977 2
-0.9148882345091209 -2.4083676958822386 2.592329587704169 -2.0684565973411413 2
1.0106479794414627 2.964818070971053 -1.236728530892261 -4.193572948080432 2
3.822217592847634 -3.1602495450186825 2.1363897207792704 -2.0067650366269776 2
3.724633476833511 2.4513172597970665 1.4105941150123282 -3.12066689896489 2
2.5193709482525857 2.5244710285202316 -2.0681463438793397 -1.5903115097670522 2
-2.047921503435461 -1.640541047572086 3.114672533426067 -1.777318028392071 2
-0.3757974329745877 -3.7529599534439892 0.49954292094113417 -4.453649912153348 2
0.11617436065283049 1.3401539478197528 3.3327833189418077 1.9502963784575162 2
-3.03783396338957 -3.98090077040909 2.157450166376085 3.879575415626781 2
3.409123445056109 0.2621186644271113 2.3235195066509062 -0.7533816336131632 2
-1.9670166551656023 2.520403059147866 -0.7186578664708075 -0.8116287898650202 2
0.20599031641935128 -0.16986389415883507 4.148599097369112 -3.618945470538476 2
-3.2393029929174793 -2.350346956493789 2.7375987860602713 3.558801993163481 2
-1.5787553102290666 1.794501771612734 4.048184988426295 4.157503636152055 3
-2.3854924041675423 -0.5844390111378267 2.68914189212966 -2.2042486670836725 3
4.0875712010590375 4.162369149262702 -1.4745644863608567 -1.9587548549712523 3
-2.0268387825759033 2.3893747530647365 1.6599511940486105 -4.2510479322740595 3
3.8917121835936337 0.23453608810107096 -1.851290354736518 1.2734019565918606 3
1.2105290680672498 -0.12880356754150668 3.3245458483736448 3.8854396010454764 3
-2.184459149446362 -0.2403903303887115 -0.1888540152785798 3.738009236977436 3
2.45598203748272 2.274331401006826 -2.0335136403622074 3.8670692592143023 3
-2.190144106617783 2.302506277737547 -4.473500135412555 -2.3073618326806296 3
-1.2272876417196787 -3.8476833027577104 3.3269630198218008 1.6210084602319181 3
2.7721828940030147 3.9284535381524126 -1.1252442819332886 -1.1133599201116908 3
-3.663373965962359 4.420413479931915 -1.1815182787523162 3.5006663767970454 3
-1.1560280274389658 3.5832156107368665 3.2666110385473623 3.4581403843616667 3
1.3876353819803682 2.42044453743742 1.6433891225453467 -1.5894956718780386 3
-2.978751339200149 1.5974623989322345 1.3318236383125224 -3.411848301459677 3
-0.00327677104329549 -1.5693627373761792 1.7500204911037764 -3.630608665927926 3
-3.074601154225137 3.703766653705629 -0.8972366766417441 -0.9890194929315702 3
1.3690196385793485 2.25231733674812 -1.8280624903236589 1.3952443357850028 3
1.592026610860399 -2.7006753254681253 0.9814028686597263 0.7396353835979688 3
4.223526137132027 -0.9065924108986347 4.073305707999652 3.979489782680383 3
-1.3407234609652028 -1.5810538106256922 -3.877856752400236 3.485541536830725 3
3.129072854216437 -1.047294440326214 4.102175061282173 2.7300511247362844 3
-0.13858199453436126 -4.248714290449776 0.8187273264190563 -4.013055090490747 3
-3.3751770734377966 -4.053240119770573 -4.174870165788309 2.3468264720049627 3
-1.2662196314821168 2.526266191042429 -2.196957602179846 3.1445642114629155 3
-3.517614213404965 2.9123592879919524 -2.2797897765277906 2.214287265976686 3
-2.831927179468495 -2.1682117493551054 1.8319126537173267 -0.8973272205236192 3
2.838561930928567 -4.355549182428432 -1.439533813105974 2.8062742113941845 3
-4.46011649464268 3.305661478704903 1.4052745746264992 -3.685811098525661 3
-1.4195932270251046 2.686017074922103 2.141062554134194 2.8216695309981565 3
-4.372942024821471 1.1574790517116031 -1.7319333775746282 3.1723250968936454 3
2.381937614898322 -4.4305517446135765 -2.262792837336059 3.888677740434784 3
-1.0297734808030445 -2.0454421059074335 3.25650820583163 4.1221049681015325 3
2.163033734483051 3.898569478606693 0.8546321321126548 1.3615948987005844 3
3.930805309486048 -4.46501638207255 0.559736056491669 -3.9796431818680515 3
-3.902592972393995 -4.309362439180541 1.1308858244037379 3.8080552976516344 3
2.7853051490132543 1.2215644946323254 3.9950092731453237 -0.6107515265742993 3
-3.846951648623552 1.4591862643352795 -4.269021598588997 -1.3176283347240438 3
0.13874791738526004 -1.664955163825985 -0.9656226595701461 1.8444443373695725 3
1.9602903636724607 3.2539672972667293 0.3511056281445384 3.9989363770200588 3
-4.486224818637281 -3.8489017131508954 4.013301211521755 -2.1613953759856446 3
-3.0345278037392025 2.12226967947476 -4.011506460346825 -1.6499442508554125 3
-1.7414323995099383 0.5073046226076308 2.838919962666683 1.2813192878168036 3
3.8191504737970807 -2.439290311924978 0.9357528557441633 -4.1930668714590436 3
-0.8109015427072626 -0.6629528150337337 -2.318731631657499 3.3605043186814423 3
2.2163712995884155 2.682303504858244 -0.5455736586666097 -3.6689790762805474 3
1.8487739350247994 0.6950743401252294 -0.9122798473899457 0.9691276708966009 3
4.386228430661322 1.3798430295664534 -3.0962834980319958 -1.7436411647102794 3
-3.1081383976993733 -3.4889468345265646 -2.8731072111629903 -0.05440195054874919 3
0.6066369170919386 -2.9383301912849378 -1.6812738226892323 0.2598861981781566 3
-3.291935073671761 -1.8808335198330526 -0.8840255036339496 2.6576062578916595 3
-1.72196685984146 3.304170294562601 -1.4971261801032019 2.1144041850071416 3
-3.7946633888105765 4.361069744836585 3.8224527713404006 3.9034109282492 3
1.6142633684223848 -2.431474994971502 0.6407588472550806 -4.051839064412086 3
-1.147714489529696 -4.048413775030366 3.1654432609338 3.3384038502576967 3
-1.3626205181056763 3.433514947370158 -3.9794018724716747 1.285675869253175 3
2.9412529022988902 -2.9879390228248526 -1.1412668446699634 2.9801218943119503 3
-0.8567433365189743 0.8429168258217073 -2.8153484339536083 -2.923499975119616 3
0.9183343968535023 1.535881461878832 1.6668285601801751 -0.7925049235268892 3
3.1334616924760947 2.387063374405799 4.2512868075710735 0.26480756130117034 3
0.8811815277453137 -2.841801442042033 -1.7814617554240002 -1.8674770155289737 4
-3.7295669239379037 3.6244798537215175 4.45650815948139 3.278921764628977 4
0.3597300145405813 3.3296088882172787 -2.790932256116872 -1.4078206887840392 4
-0.4731427365587707 -2.3217893498979314 3.169191652092847 2.679052071814808 4
-1.2022249020527411 -1.3438055438836487 -1.9386306831105007 1.135459668743866 4
1.6206527612847605 -2.2894164360786613 2.906195677086706 -3.8315895162290814 4
-0.32317751373272285 2.464304495805111 0.3750935094037069 1.4549836618928045 4
-1.4922340038454769 2.6930207130849877 3.2929003593414934 2.0168316841688965 4
2.7891639815016434 -0.996708015378184 0.6421688977883324 4.358430437884612 4
0.47268717123374293 0.8275050996230083 3.403764867665718 -0.5276170666335186 4
-2.521710235000041 -3.739117864301879 -0.26451347343790355 -0.11840777657928281 4
-0.15050207705469 -0.844654034649981 -1.1272136845713665 -1.5556230041996444 4
2.972296910873811 -3.5722559390706845 3.013324668718914 -1.8861453702070525 4
3.097642136201714 3.1696152861570845 -3.0479707033379935 -1.470024099664466 4
-3.0189258822874674 -3.985674645142005 0.6931240348041372 1.4227165492099392 4
0.550577584612334 -0.20645855021927317 -2.2364434157070106 2.891038865115165 4
-0.07743415867031078 -1.6715065802071694 2.6316211053081773 1.4124288640307348 4
-1.2825927157307606 -3.086148531475927 -1.1115760790655569 -1.7723749293072768 4
3.4275079778029105 -3.7663174430152315 1.0035700206181062 -2.2457510059410866 4
-3.841178533093502 -0.3843787197307186 -2.505491062092708 -2.5908374091986763 4
-4.321744662684187 -4.19532116790451 0.6565555982425931 -2.5909682087484174 4
-2.061133421562519 0.08224372297105764 4.170547453341448 0.08940555899760538 4
0.7399301108598346 -3.1904078942585805 0.6739805952596974 2.1477546211434824 4
0.5650292241420997 -2.59729830552496 -2.547408675280642 2.828675749055002 4
4.065283577101569 -2.937604195106169 -1.9927107468640877 -3.161244697079417 4
-2.298268283344076 -1.224560252597355 2.8470807120313486 -1.6654120346985868 4
4.221020253756452 -3.872148175224149 -4.07299987846278 0.6729569719789144 4
-3.776273080126336 -0.3013236293817527 4.226380116814455 3.150461899148727 4
0.05326922984574389 2.2052587461728845 0.6228991102598704 -1.9409360098472503 4
-0.9623139034478483 1.588449117553016 0.7568666196122097 -2.4104296726041596 4
3.4094688315570654 3.428466183355267 -2.7155578523933297 1.1481158696775124 4
-0.17141382061817267 3.380557423743597 -0.6250117961990314 -2.9742271553589186 4
-2.388527708548339 2.8106181864589104 -4.323489311751222 4.261124142705549 4
0.9761001757188862 0.5342950185585438 -2.24335401467978 1.8677614659408754 4
-2.3218758667106205 -2.0314370696525703 3.983554463833368 2.718301931811447 4
-4.41558519904276 -3.574830964992822 4.266449576722054 4.470446578484906 4
-4.067616341976891 -3.442909475184863 -2.1375088876534836 -2.6626127463772398 4
-0.5419945519282858 0.9366627705734518 2.6673550295693635 1.1965472132399135 4
-3.7053676684443455 -1.1955557053742856 1.1967581621585055 1.0187282170472358 4
-0.6398079848150929 -2.0248777127338706 -1.304323142286171 -1.7574416244877238 4
2.645509231961943 -4.407080632764441 2.609851559482755 1.4473032636720546 4
-1.1319562858881596 -0.1060325624469608 -2.912391270687407 4.373334366014531 4
0.13630208673822286 3.4403475535614576 -2.460346102155638 -4.00884822030199 4
-0.01329046251081678 -0.6969586013688447 3.6499797410311854 3.9810605295698926 4
-0.48822860338032215 0.9818076490297337 -3.0438714905110396 0.753516478357267 4
2.2667675726530065 0.02192676824857931 -1.1562414946110657 -0.7199651830830971 4
0.3055120044648022 -0.61101070752828 -0.17289436745572262 3.853242283806988 4
0.6668994623179506 0.8322481598387472 3.7637554456037736 3.8112439914841665 4
1.2545755307356998 -2.222245539771067 3.688159526192752 -3.535648228221844 4
2.468595220946514 -0.37353443690236654 1.3550772192124982 4.174502206771714 4
-1.1443284055673777 2.8882058205145125 1.1470051504313137 -4.196849613809226 4
-3.547138654302619 -0.30292100223176266 0.81971900694774 0.8052574679471842 4
-2.5970633647855896 -3.271834528702694 1.858536788379436 4.196816722990567 4
-4.390390979348613 -0.3039172746564798 4.039166478283105 1.4925999216915284 4
0.12745448343375387 -3.7599685437497588 4.212868208845551 -0.7229565811557703 4
-0.774760445690754 -4.129563761653504 2.660151600486657 -1.4238407716160695 4
1.9922629802178526 -1.2769387642232521 3.5495393667356137 1.2930816797412232 4
1.548167187579451 1.6168438033708878 -1.1210640168182682 -1.9219690247364163 4
0.5483278949851037 -3.2093066421961884 1.5417253567221691 0.17613485323741274 4
0.07650710360379276 -4.34256479827163 -0.662392726002062 -2.078271642048547 4
