300 60
0.12549009395421218 2.458485468713671 -4.2613279106283795 -3.208379809783661 0
3.333849171523314 -4.427577463231639 -0.8082288037739469 3.806573479490787 0
-1.7123766704531629 4.118433654293018 -2.9003966693364474 -3.219349458053168 0
0.11805041041098419 -1.6354401761511124 -2.905280534904724 3.8817805804188508 0
0.3527994368308328 -2.508705518150161 1.1809025935214992 2.751127262852523 0
2.75833222131843 -1.419708369467841 -1.5411044293676177 1.364579306489234 0
0.34999964160430164 -4.447135930040475 4.078173982095866 2.7686511931537203 0
1.5583723036247283 -2.6097816403913567 -2.6351433864966993 -2.069098018831143 0
3.893018335908407 -1.131797254666571 3.1459763256632796 -1.5979358594590019 0
2.2717702987735175 2.3682510166096975 -1.7083181223163169 2.8907089986142305 0
3.334495097445751 -3.508999395690585 -0.3529490860728861 -1.4637324924474302 0
-1.7991721764559456 -0.22584810644578335 -1.1973458888033761 -1.954636695608496 0
1.5564304724992724 -2.1816681037144403 3.2364778878706293 2.6362949005085237 0
1.8103618775203878 1.4130005343683618 -0.6552933343875554 1.1481285340936123 0
-2.861930180592952 -1.601433064538093 -0.5973985637751817 -0.4772488464325385 0
3.4878371122874547 -3.749857550552189 -1.1631623160456515 1.0873504388450015 0
2.2190770812636735 -3.9388495591487125 -1.5240471193170881 -4.274373835277564 0
2.083330139154556 2.1826021949418943 3.013776952908793 -0.06457562128476502 0
-0.8287576789350485 4.42244699008633 0.8787213197700205 -2.896067110217123 0
-0.43076431117447367 -2.7910931118487063 1.279944157547539 -2.1683363788737506 0
-1.3353617511055567 1.9333049978273387 -4.141657588243249 -4.439251218416157 0
-1.2830817307341094 -4.035433014044316 -0.7745421798798688 -1.6915108839554651 0
-1.6567289608323084 4.489241504084828 -2.5148758929449544 4.029363208665258 0
-1.9088562904441728 -0.3438371572577468 -1.8537470099682518 -3.2247621180135164 0
2.1174129988557593 3.993110556708237 2.2477214490318285 1.9348748884860878 0
-2.921376216010106 -2.588207616872399 1.5733288024295766 1.5409301019952402 0
-3.3077014834449447 -2.6218692697726835 3.678369868137638 3.461411499944799 0
4.461191500891765 -2.2801875127441855 -0.015680093928357897 -2.132738619553881 0
-3.5095215725020545 0.020882144385049428 0.9440004740375925 0.9940402916658798 0
-0.39490366298973567 2.110412060512936 -0.764656991090323 3.2581456627055783 0
1.088491871900695 1.0896320401993247 4.4446348985141135 -4.378839472850044 0
-3.148446292235702 0.3444709138651251 -0.709572080484363 3.5152165295335394 0
-3.416874808394693 -3.1227703018074333 2.237952706722612 -2.040743633377013 0
-0.4483929886737713 -0.6383488751396205 -4.435517049418839 0.7435917473946353 0
2.1029587275441104 -3.8378560494464367 2.866160468305886 2.284472765905052 0
-1.9909275321335254 -3.012356028770939 3.4287693821154948 -4.216578677214404 0
0.07279324614529581 0.7132603732336285 -2.581250384311194 -1.0023719653894632 0
1.2474713540474631 -2.5737686609443036 -3.1473710388931293 -2.0110148182998584 0
-0.7418011641936271 -0.2986723746063108 4.179358423927226 2.053428072866905 0
-3.7523770594450228 0.6324561724611948 4.134550044614201 -0.2188999893351452 0
-2.44334193601708 -4.17843252196681 -3.468608552803882 -2.6170123815572115 0
4.180763503980064 -3.828060480979967 0.6945008475559928 -2.759362844668159 0
2.074322167681129 0.023669312495594785 3.7793279828084003 -1.1679847317143741 0
-3.6665024869257654 0.21554418923404783 4.108998550556351 1.86775596372713 0
-0.592038346684649 0.43214766034020546 -4.105382309862758 3.635061293393876 0
3.9150627147075596 4.455452726612414 1.2899603755524156 2.69345732897416 0
1.4608626640253672 -1.3128275513152436 3.663479779656232 -1.2781874876375103 0
-0.5475868737089712 2.479642888793685 -0.6648467807841941 1.0063040132227918 0
1.1582155692189338 -3.618081709689216 -4.493191424744097 2.543378950058633 0
1.3642745406550398 4.217544075162174 3.9862349898754323 4.493322244666027 0
-2.367432296432864 -0.9654862768189517 2.7460155628890375 2.6827691940933063 0
-3.7560130679546786 2.911957204144353 1.1776331276504828 4.090663057070261 0
-1.8945332658731253 -3.02401725830361 -1.6583446355789384 -3.0260785783802393 0
-3.0317845472897176 -1.9983267650596135 4.153301118452609 -2.0140955443257367 0
-4.4364372941820305 2.2388003789132993 -2.106342840066891 1.7832539230348536 0
3.184334046051272 3.8313218920200294 -2.7349052443185236 -1.697045118458034 0
-1.7806957937263896 -0.23282674722495722 2.362574712130441 1.4506565967596727 0
2.1628392108269456 1.3557350050406147 -1.5306536991275808 -2.420511291597065 0
-2.0914404986837227 -0.9965584729295728 4.3928077497942155 2.6976345011012217 0
3.6471679109428163 2.0775794997818786 0.15276257968480234 -0.45361467030271563 0
-3.8137847813855754 -2.6434955684054775 1.2032290888789414 2.347088853525535 1
3.4948654702345663 -0.7856541454931668 1.3768538327854474 -2.785255041046206 1
-2.6594010136909954 -1.377617693652815 -0.4769931620891109 0.9323359536065955 1
-0.7902097041498346 2.297560574054187 2.35951766123299 -1.2062741431379236 1
-3.3022435375642756 3.193390069349902 2.928319133574607 -1.5372644565303357 1
-1.0817264145863663 -0.2080979639246351 -1.3383814486354355 -3.7633962954603004 1
-3.328616726361825 -2.0502236118534465 -0.6672860474164426 -1.9268162163504643 1
4.012541745648651 -0.2308002598627925 2.5855950191167683 3.440004266235546 1
-3.128160444215684 0.46932331655904547 1.332449849907126 1.9668156538009058 1
1.086022846792728 3.1412393107924754 2.797845223568004 -0.2896567192647147 1
-0.6428805795435032 4.122782563855603 0.13862122051019776 2.627242626007435 1
-2.7387863997726996 0.1493036458942414 -4.0662824100338755 -3.45756192904894 1
-0.8856521210663363 -1.9906526287297406 2.8658410735453015 1.7851003573216062 1
0.9368054595411632 -3.7829482475460416 -3.117272243398624 2.7809513216365773 1
-0.04366882955447782 -0.23335213042265823 2.6084158328914686 2.9656110787890997 1
2.1222489341379696 -1.8588932727892133 2.3091350931923036 -4.009693548555137 1
-2.546200138571469 -2.6497744610237235 0.9013247828803342 -3.409174194305307 1
4.338453218022974 -0.42368669524211355 -0.542192004628508 3.8678967666257664 1
4.128164723194048 3.564959037532503 0.5413968598354053 -0.2952952483756761 1
-0.5318366690792578 -0.8103420953348746 -4.297384509717927 4.188491649246526 1
1.4486775483163181 3.9058320451838044 0.5858666399482434 0.5841164895781645 1
2.740832775977432 -0.22972227746717 -0.2535704609048248 3.504314120817642 1
-0.05450747280623813 -2.201444888264292 0.19383017996111684 -0.37280365120690007 1
0.9674474239113836 -3.930578342899557 -0.5616424088151637 1.1270483589962765 1
0.6432610816012211 -3.676686790639483 0.38819397449566473 4.184925529844047 1
0.18480734422242384 0.8788716583742482 -0.8827217707140729 1.1387276408649476 1
2.453772322196363 0.22600825339871522 -4.082967541006166 3.5682281226276196 1
1.2534762379590976 0.36330202881315443 1.5310122418063097 -4.422116023156406 1
-2.109758082859765 -1.7011935743751836 0.6792232430554764 2.071445922052054 1
-0.5123598483735369 -1.1083783888631022 -1.0811672452123986 -0.9662085655929168 1
0.6058654185097032 -0.7841234673024762 -3.623541947858808 -3.139983041724999 1
4.08061732816001 0.8701111403493128 2.1931568443622513 0.8599116264047578 1
-0.23322575661963307 4.459495846761822 -1.5591491246981595 -3.393724949673197 1
-2.471456009021007 -0.4111033717778273 3.145264186034293 -1.6605470373695943 1
-0.5922210525558104 2.345018519167221 -3.9082379769811006 -0.7370233978059278 1
0.6438256313790692 1.6925056352425063 -2.054430249129286 -1.8274705333260801 1
-0.7922120280619095 -2.5431927471911338 3.34936193677531 1.6407329218387812 1
-3.1781992851887813 -2.20765612645843 -1.2336641517618527 -3.9735981940891776 1
-0.936756038807289 -3.8840039875799683 0.4589939831143597 -2.013861495955416 1
2.700302751101486 -3.8814457222786642 3.180228884094456 -0.9540666662846116 1
-4.164340100846938 -2.7063514714907293 0.5099484469753436 -0.8247490390755414 1
-2.4994778826746984 -2.118096436175343 -0.2343044264975277 -4.460079086450321 1
-4.3694145449674116 -1.0328083562889474 -3.6054051219038934 0.9823259665363195 1
1.6444377280048577 -3.6148564503572977 2.7112200859801527 3.188509621174906 1
1.749546905453263 -3.673168840303816 3.06730750648114 -1.803862691922523 1
3.418635223024088 -0.46767662679082234 -3.7501348364106137 0.7049152319738249 1
0.5787921769360073 -0.7045382213264378 -3.1398675974745607 -2.7459220851258723 1
2.7275911089882303 -1.470930122245035 0.9133924119189022 0.17252250415667414 1
-1.5656264568115483 -3.4655287995739172 2.9385408852031434 -0.44320530042834105 1
2.8598096086339986 -3.5959562909418072 -0.6401575213962309 -0.8360674743091102 1
-3.6386404639892436 1.7731034489453195 -0.806989390599384 -3.0859625962845043 1
3.94636736376728 -3.6125396528675227 2.957075319940333 -1.0941585359916233 1
-1.8587071015290824 -3.328340036611335 -2.8820328019066537 -3.2163568090028365 1
-0.9209323200791628 0.6125301800110831 3.6476783431472377 3.388796015394656 1
2.968465362428392 -0.644094735348886 -2.2132517171395185 1.3952043207095137 1
2.489708588118118 -0.9241087822785932 3.5355480470506424 -0.566508039091191 1
-0.2755269631016287 -0.4282633451303606 -3.9178548701047626 3.563846603012177 1
-2.3915450547963513 -1.630343908073504 3.002473037839743 3.806104199333083 1
4.24844160264846 -3.7214095045181956 1.5465876429420993 -0.38916136235094156 1
1.1887788971456164 -3.2170994141331968 0.34374488259373903 3.9433146225515237 1
0.09076625036130659 -2.7661911628133637 3.4183328709266387 1.4222978737857854 2
-4.273587320889847 0.11035263977668974 4.167449771002883 3.1055033151657288 2
-0.5003102323871018 1.5463095981523491 0.20088679285388844 -0.8182046024067392 2
-2.281173567161186 4.193895670928078 1.5445186725189104 -0.8929525313068937 2
-0.6362805041670828 1.3743344048252333 0.1514667968086909 -2.4503480480653135 2
1.7136598485409071 4.041424651141794 0.5462229557523891 0.3131101116622843 2
1.5334875418794511 -2.8535921029102984 3.4176465954027595 2.2595951240931607 2
1.352152389707669 2.8142761477358063 -2.992507093694149 2.5993847939865744 2
3.065627740255597 -0.3182100722995227 -2.690620108342108 -1.688077403980945 2
1.5242801054492703 3.789985426163696 3.678635550634441 0.9424931615458815 2
-0.04477816386783029 -0.35674555778952455 1.7891081728944003 -3.512799296297735 2
4.132737767471259 4.388893915205463 4.26682330661667 -3.4426415817264853 2
4.0018354956763345 4.139493384381433 1.4476334823180603 -4.467341333815222 2
-2.200653899652554 1.0332078094451007 -2.0536137853918004 -0.01703660768758375 2
-0.06351768390827905 -0.18221100800920775 -2.9097789638926876 1.2028752183327236 2
-1.4851220447211007 -0.35935048599183383 2.4835829424293947 3.021946880483317 2
0.005658320757649937 -3.867136798050761 4.462932533767825 0.04395162316104473 2
-1.373045136090926 -1.9261998454386684 -2.1642370537877444 -0.8917855096837471 2
-1.1888567175317823 2.9865498851260757 -2.3684076793274045 2.285564667689695 2
0.274018397287365 -2.617119273054416 -4.2800099384638655 3.6160513765725533 2
-2.0338692602573047 3.8238055035532845 1.2412574536922116 1.9179629207003757 2
-3.212363852548876 -1.0991773425595222 -0.5298909450831499 -0.5583369312512106 2
-0.24121493085556833 0.5380102717858533 -3.8827740694473922 1.1725390795611874 2
4.2693566386751245 -0.6990603044224166 -1.6126848181371578 -1.3805741923628165 2
-1.5078371374624862 2.9735026977928958 -2.2859279784012423 -2.7680918454026227 2
4.162999981573595 -3.9486861496039993 -0.9190660918775232 -2.0419170643389135 2
4.434908807359077 2.0941037255733077 4.211084309150163 3.0095095816810122 2
-2.8427069759448447 -3.493176168705677 -1.118222555348829 -2.914739018283962 2
-3.823383607439374 1.0529543685439173 -3.410133096890711 -3.6183807663456258 2
-1.6449663307159175 0.24553472126423936 1.3916256602851487 -2.145939749315073 2
-2.87929280468533 4.204901697104429 -2.8237980648842536 -0.4263584755057126 2
0.6703987464329223 3.0343690005896145 0.9323814116848481 -2.3482599688652233 2
-1.4967794395941327 3.6659471042427367 0.6518795276670503 3.365292834422079 2
-0.45354344313297335 -0.8947785934310643 4.485130106741058 2.228243921057692 2
2.6299921419813326 -0.8569585548175669 -0.7044930152077085 -1.8708423240775605 2
3.453571439526331 -0.8097328014514438 -3.28363800464846 -0.5876859083185345 2
-3.635433783747053 -0.15411862146467858 4.469898948877766 -0.9940283740563796 2
2.4363107230573258 -3.207083744942372 3.856844335232844 2.004865551928489 2
-2.8175337700854426 1.7058802047649475 3.5882456712309807 0.46841782936799004 2
4.357263298049898 -3.039074965765819 -3.712748015925302 -1.4589264147599494 2
4.474048441374072 -0.4718852209494836 0.8764605805495889 -2.461889901759827 2
2.4720299345471686 1.3310904558693886 0.4606434281785132 -0.5609026430169958 2
4.195251712340697 3.1458471398341534 1.5962251199373068 3.028320770726184 2
-1.1910256786673923 -1.8213774675878946 -0.8073412013306502 -3.3686858054747106 2
0.500482882282529 -0.5798946201903733 -1.3417655558785295 -1.863981975705838 2
-2.255774293600507 0.025293229463359546 -3.630032464056582 -0.15180866739433752 2
-0.22120549176262994 1.4941092363865227 4.467123067723678 -2.0184862254949745 2
4.446499001822401 0.2635138220766249 4.498803756885533 2.2020393547384383 2
4.352177401688416 2.9907725031830137 -4.2485818687399775 4.147148505068375 2
-1.3225112802222991 0.43733287790238773 -0.7861330857449798 -2.8657101823740527 2
3.6930209574725206 -1.2556308001595031 -1.6931561248523963 -3.014650582005761 2
-2.518978077962596 4.18252275794363 -3.499369309271491 -0.1785793691273787 2
-2.2140698676317143 3.7407972787181536 3.1699527398932057 -0.4092812747009822 2
-3.7868422266513786 -2.910402113114746 -0.19911770540047213 2.330524514241004 2
2.1768272336224994 4.138908192056247 -2.395703144476819 3.188884301792613 2
-1.904972116641583 -0.7885239877928178 -1.6564057945865247 0.3247311652199466 2
-0.07167491197632458 -0.11963504677242232 1.8029619784666495 0.07180058945159129 2
1.2744648578193027 4.440682724682407 1.77611878989729 -2.991588581932192 2
1.4771934439859316 4.078325063899201 2.388588078035405 -1.0543463847284258 2
0.5846443632067231 -3.97196104084506 4.413208015960333 3.373304711033493 2
0.013589002777179782 1.8766803580960771 1.6422840154644094 -0.7276727305182514 3
0.41672402021155486 -0.06051813110077042 -2.611606038193557 0.36937099284499497 3
-3.843133000793358 1.4353793980337972 -3.3107332617101246 -0.0958229709649483 3
-0.9489414803998364 2.1898864241112337 -3.9119117354342974 -2.846635911635358 3
4.009360438144246 1.46318710991852 -2.1234572871102886 -2.9884562336466924 3
-0.7117755853857476 2.021876163815691 0.7532421405344453 2.716594756322746 3
-1.9119769202568913 1.3414425374656367 0.07292573982962469 2.176199936870848 3
4.3630522754582 0.6756032844936246 -0.38243919982841046 0.03434981240023649 3
1.0903691175540917 0.2447768477589527 -1.259014053813071 -3.247811269615554 3
-0.28336707459876465 4.490625691984629 1.5954150904951756 -3.0112299565111345 3
-2.9137346365403674 -3.3287934656479354 3.402928451735991 -3.362307314976764 3
1.9089682920398539 3.401152864116043 -0.320834727443683 -1.657355902931625 3
-0.5881040228843245 2.7447217438189746 -3.965096722823036 2.7405200987086284 3
2.0039137691774904 2.5883510917390167 -2.486746595470007 -0.9829623649573407 3
3.5809826524719957 1.8600148008077335 3.7524784983625277 -3.2430856053347963 3
-0.5275539954594042 4.287782740240941 -2.142296265143514 -2.7088076454109444 3
-2.598470140238073 -0.05340599596873563 2.359694999823165 3.3595597500846353 3
-0.3804695127845066 -3.37247703987165 1.4911998251911966 3.257444068415867 3
4.395954134714654 -3.9201770963104927 -1.0470178947463862 -1.7951938059431387 3
2.802498553632217 2.8171596692056515 0.12452839668498372 -1.7539516210560682 3
-3.5202645648920217 -1.1012757118151444 -0.4705256385591575 2.7677755740699244 3
-2.4888189901719335 3.673888979128858 4.172297322909955 1.6114911437249693 3
1.4340622042594473 -2.553642300118912 1.9204264030838352 -2.4527210298573436 3
-0.3597582235597958 3.483633555990873 -2.787113534196127 -3.996024065966847 3
4.466909613807243 -1.1239024559320285 0.41980921486722067 -3.7744608348894806 3
-0.1873817337856426 -2.4332789647218815 -2.564558464307673 -4.3417973527600635 3
-2.728640162014411 0.036495892505783556 0.7803054102772712 -0.9415075216636868 3
-0.18852523578302316 4.283511817280272 -2.3106388651166814 3.3297536159649748 3
-3.9850046111270987 -3.1580004948260196 3.586252070105446 -0.826246354971802 3
-1.970887127506445 2.772238914743074 0.6517289038273644 -2.65791187659845 3
2.838405740020048 -4.41400974660994 4.479568435836411 -4.374598063743921 3
-0.9976882316825089 -4.375322583542321 -0.4084851201245575 3.6650545962789143 3
-4.3387993983274 2.7696405360609817 0.3582263308308212 3.8248715768171695 3
-2.0242131876650027 1.911411910838039 2.2912715653971913 -0.5009064109873151 3
2.0549962844240026 0.013493976533653806 3.5565564377875223 0.32216382963073975 3
-3.180470710491655 -0.5280664712605986 -3.959060864029792 1.8441021054043076 3
1.471348877857447 2.2766445752907467 -3.0177026889819296 1.5435100626604168 3
-4.118739100275139 3.776517996648137 -0.61918348410769 -3.781563580323536 3
3.7190506257092033 -3.4982030852748265 2.7285146623369227 2.5022258367270784 3
-0.030259464159035798 -2.012777066983264 -0.8170579542530652 1.090054387806529 3
-0.31446699730027095 -2.3313827605686424 2.2114673880301767 -0.5637401278667663 3
2.1712834117134365 2.7299801424341674 2.3554992598824565 -1.224450088180505 3
-1.3420567567115325 -1.6692339388915411 -3.5735552328371534 1.8589890035540326 3
-2.312223391689815 -3.9746011539930866 -4.392671313002637 1.2123676645923136 3
0.6044919911393447 2.5987087637403525 -2.6222252422835197 1.1545348239303128 3
-2.1486311428111993 -4.384136180292036 0.16159292771964018 0.7031746965741918 3
0.4324072130252471 -4.301921902689488 -3.4154829877941535 -0.3483249202362062 3
-1.082918018660091 -0.6748019917145995 3.536641680093564 0.06852282632026407 3
0.34498472361256594 -2.2371885671585297 2.311733818373468 -0.42405028958422386 3
1.3816999160685932 -2.839706308652566 -2.3882040333142216 -3.39501051402101 3
0.7343740323116554 3.7721334849300066 -1.2685187160607132 -0.8747451115800144 3
-1.923950365678373 -2.617678920289087 -0.49400544447185424 2.0708099848931463 3
0.18438275837757923 -3.7000244178227346 1.3831109432345876 -0.8949349841146196 3
0.45384490402401645 3.2227261433384813 1.0749931298021036 -2.4036797904242286 3
0.31904206400065616 1.724957769218837 1.7630031883668384 1.0519908714113664 3
-2.131925850273183 -0.8304947552604005 -0.3146854058412608 3.341113615131452 3
-1.740377723870293 -1.1037763309296633 4.401460299086646 -3.3323352374888198 3
3.748780933091578 3.4712813976458134 -0.5112667145922533 1.3274633810600254 3
-1.4802740618575896 4.028858598303272 -0.9599548888502245 -0.5577268746304366 3
0.5820337974459228 1.6072682661384436 2.1570528770480344 2.4949964451104667 3
-2.483054796706205 2.0324617214351424 -1.3020259790663538 2.3870009534743915 4
2.315790647282501 -2.9615129012735304 -0.7459181368172045 -1.691079562882666 4
-3.7623644503436853 0.5838942769135216 1.0787600492832792 0.928631458965366 4
1.5846664066647254 -3.856762736014027 0.3556028510161896 -0.576490077268943 4
4.345965701534546 -4.181388067262546 0.7217869312895197 3.0964155179948953 4
3.8293501485670127 -4.04595395093978 -4.234385991234557 -0.7724225853543699 4
1.8593622611234593 3.335530922080354 -2.1812423459437653 -3.139528217589238 4
-2.7609889010073676 -3.3284753351405545 2.4102478779696694 -1.545567997896992 4
0.5915630299426403 3.98421636262142 -1.2879726955455864 3.9346885823882216 4
-3.412623587390947 3.5882243038372166 4.097000282068305 -3.300119233769211 4
-1.1621954515728339 -2.0047925918856047 2.81611775670901 2.602727706839847 4
2.0879590782587543 0.8079624429038855 -1.7401157239918286 2.9101415770937558 4
-1.9323646798285332 2.6188481529913514 2.7345349219810005 4.32336909364273 4
0.8901137814170055 -0.4210562270207826 1.6428244528945661 4.074055905901782 4
-2.9349671565785687 3.030577438107308 2.702577841637167 -1.9456479505184832 4
3.936631228317107 1.254710481003872 1.4897556583528528 -2.044719902586711 4
4.013316096751997 -1.9989208079892113 0.8627682461206949 -2.0935658525584353 4
-0.7510906984613862 2.2107284967239167 -3.590519212211155 3.350288714233456 4
2.903895881376745 -2.977680961019405 0.6782848396884151 1.3185236521556059 4
-3.9494973324617533 2.091227102148882 -1.774596128909517 4.070230689349206 4
-3.5926979305004205 1.0217618420315944 -4.348914956125083 3.7706299991389605 4
-4.124135737987654 0.5002953142307516 -1.6083997231401683 0.8892103780024954 4
-0.9891477239357552 2.2113159601938257 -3.5027226304488313 -4.144498782174391 4
3.5866662456789027 -0.019692971673230586 -2.6324042253756317 -3.1385453085816497 4
1.6426434143414175 -3.745197006156629 -2.4156989396441135 -3.1035479809431257 4
-2.0959555671924592 -2.491464286177437 4.307186576604352 0.36650774865892644 4
3.6071109768903424 -4.2756406789154315 2.1304525901738645 -2.7301069034938292 4
-2.3890380834775566 -2.6642005079104583 3.4210350857004137 -0.5161424290920176 4
4.164858128458166 2.4945389312405792 -3.5234252566963153 0.9827351452382896 4
-0.9061454314028665 -0.07492355642260762 0.4294559841126281 -0.1487876432901133 4
-4.431315295069531 0.6619977565046029 -1.593433539826684 0.1251574832613761 4
-2.1997110098108763 -1.6284248313231142 0.23493674740188053 -1.6187617140158006 4
-3.9941136850708205 -1.4997992348862779 0.8821606604948866 -3.276577308551394 4
0.47247601325113675 0.9541369137264251 0.7614695936588188 -3.176593088721974 4
-4.06961870392589 -0.5226765724202389 -2.795089598600445 0.3401699327962697 4
-2.3879081022458184 0.29264376800253966 -2.6511280138726865 -3.294949198504628 4
4.156872565128809 -1.8070825237925239 -1.169811460175957 0.6930820848788257 4
0.8213828301447129 -2.5688266211234607 -2.3902650899767877 -1.6531651968291459 4
-0.34339647961125597 -1.326382636065718 2.662594443753065 -0.3349360872753028 4
-0.6154757377258337 -3.309506749434257 -0.505244829529323 0.024816353669003588 4
-3.9263315129590977 1.4433767979131629 4.418269957966359 0.31845091764765177 4
-0.8259201076660911 3.757968467177705 -1.7026772416742757 -4.449764526732093 4
0.3701643075806851 3.4096230853236893 -1.353127856157493 -1.1855452490736986 4
4.487996720874679 -1.8047786499872054 -2.844803736175411 1.7857304654563526 4
0.7867206579804132 0.7415005038763802 -0.8104003903943222 -3.986971850904303 4
-0.7926387962504289 0.023889353199034846 1.0949702625090865 -1.954754124663407 4
-1.1495225658131087 -3.504685155307289 2.5017537048385465 -3.40950756905623 4
4.406395091712572 1.029577918164984 2.383957708637218 -2.0351685696778086 4
-0.9736598514515842 -1.7652298765806917 2.7491454857863777 2.6495705637350095 4
-1.8534011614218304 2.2677092408982578 -2.310473693960753 1.225704338678157 4
-4.25912412951541 -4.424699435522976 3.1311900533157804 3.579533101823814 4
2.9881201566250866 -0.7007072247242779 -2.910616419291954 -1.879853614431532 4
-1.3039255343000424 -1.4603517875550458 0.1175284668117812 3.0289618326131773 4
-2.832195377635088 0.04323709245716001 -1.5735619078385072 -4.1012584261195295 4
4.0109026750791035 0.2656428756382342 -0.4384592364027393 4.056774096504354 4
-2.6771008782799033 3.0260465208286402 3.793302535200281 1.9870456922723965 4
1.1175477083040852 -3.7577299763597916 -1.1323157526959404 -2.2005220040746236 4
1.9990411538460444 -3.9713662304208235 -3.143036950538241 0.3354753498411336 4
-0.8741543989360138 0.7316130909899458 -4.137306774257272 -1.9536001968650059 4
-1.8526210377604542 2.4885901373912547 3.841197008141964 -3.2993087839243924 4
