300 60
-0.668507305329938 2.8312536644509736 0.1578663228872158 2.722598128009388 0
2.1185756117971164 3.3120287989176216 -1.549140821194992 0.19089115091029463 0
-1.0495730441464184 4.3151096893006855 -1.8154269336380504 -1.487660198318848 0
3.5387491204362176 -2.612563472210621 -4.211681473881823 -3.1443773454819848 0
2.176448826714667 1.468289872167686 1.88079195348001 -1.199807321695705 0
3.4812131534274338 3.2221144092199157 1.881179810733917 -3.5031620361853126 0
2.2433599236916697 3.331302480497292 -1.8410526459396241 4.275091828104736 0
-2.8191974087572826 -1.569899547051759 -4.453666834933362 -4.001630852509184 0
-1.1435630854098213 2.643417225753088 -0.7815942026525874 4.023987030969238 0
-3.1404575740671956 -2.970515708659712 2.938341937349443 -0.3926328215020073 0
-3.769478163451389 -1.7534219249718572 -1.2417660164657052 4.382231354386481 0
2.549608216369868 -3.03384436218948 0.49595167738354073 1.4753292769088668 0
-3.8642283370320625 1.8096405560238418 -0.7484390418778495 -3.3500105038443393 0
-2.8711810880966793 0.8902552534088268 4.432128396913799 -3.892627680333368 0
-0.7626271572414436 0.12215024156941334 -3.554591985068945 3.194403954061275 0
-2.51409444348454 2.030157068716164 -3.3176690621939424 -0.9289404075125273 0
3.1449145347857064 3.8600354521225264 -1.7893008365051846 -0.8843315838382956 0
2.1234603560914156 -0.21071483333712104 2.1496114709585217 3.700518171261024 0
-0.06396324066380865 0.850682445913682 -3.4145270104679364 4.104624285409712 0
-3.8156673116547797 -3.4427077258902554 -1.1252864193268248 0.4695245982695755 0
4.198190994216615 0.7499006138973396 4.4011838517008135 -3.0657170046107827 0
-3.6682027750998154 -4.37733448532097 -1.2590936934823431 4.487718805244511 0
3.0323709762109616 3.733091094557876 -1.1709973363331625 -0.43402621422994725 0
1.8412763463326507 -1.016940620752465 -1.4961699256016412 -0.8126636419323489 0
1.8512451447552634 3.809800408883019 -1.529283292715393 -3.868493732992305 0
-1.9066239490669061 1.6561786119378714 1.2511989085042425 1.6124765593636252 0
0.18263249792909397 3.396291977237021 -4.344498762279263 -4.469168636215319 0
3.8150037998386206 -0.09692859122324726 -4.318436688627108 -3.23543762778562 0
0.8659256648774895 -2.1215212579405205 2.47571162051234 -1.8719110417726632 0
4.425398071767461 -2.6064183295039696 3.3991774524275455 -3.3559212057479426 0
0.7503307330017698 1.3400995600539587 -4.031065948647037 -2.3960452416764504 0
3.6987408917213314 -3.40507862779289 -0.8218248880584722 3.457145047607851 0
1.5823919678938299 2.292762649566824 0.912055692183922 -3.12185279580111 0
3.694818328704221 -2.324808630505969 -0.5800189911970667 -1.8635371380373882 0
4.280359794789855 -1.7664328783995182 -1.337365232690757 4.413446172810465 0
3.6054026974699163 -3.5580593520548978 -2.649842567731792 2.2358510858895277 0
1.5580786158779365 3.325885714636456 3.5166365968625057 0.7628554763480596 0
0.549248262085227 -0.29143394991260174 -3.0860111553603287 1.5242448331127147 0
-4.364208706330044 -0.9610743945949601 4.162514319856432 0.894722147348745 0
-2.607051868174583 -2.614339055724271 -0.141084496575404 0.9406952844040899 0
-0.9402855054110779 4.326327123699556 -1.616075757500576 0.30823495298858117 0
-2.7530268193775056 3.146675188464904 -3.276439425081331 3.9160392354480615 0
-0.3631950207622562 -2.7667279505122715 4.023552256803792 -2.099313424872994 0
-2.958620206798959 -0.35520284676253655 -0.22653415953130263 -1.1018253991556946 0
-2.5084072370548087 0.12933015122485458 -2.189168602274466 2.0632862970869006 0
1.9903713934236422 4.0635714052132235 -3.6544146370934762 0.5782206051747953 0
-4.18124621071679 4.345245307427186 -1.2202639052989408 -2.1246347001422876 0
2.154698821067342 -2.8512694062429715 -3.9003562454180503 -3.6886271416719243 0
2.9732685800282876 0.09659145233074895 -2.331423531286493 1.50327466119516 0
1.886840749873894 2.0492381405105933 -2.7292405378515854 2.700591308599061 0
3.9847302340123782 -0.9731910761754055 -1.243753130542284 -2.023694723789575 0
3.953162729928466 -0.2054475746311003 3.3863787367558684 -3.460564888845682 0
3.6335404908802627 2.3729249711976466 -2.185460211119079 1.3733772778883213 0
-0.891262225523464 -3.8524198721234457 -2.5363606578089417 -4.269793029132835 0
-0.8677687075220079 0.5244620720860333 0.02413556328206523 -2.525422634935175 0
0.49556950767421204 -2.6088528489471967 2.0970657212505137 2.635056452663675 0
3.984764559580874 1.095634325221999 0.12185487889716318 1.6367822191466588 0
1.8634195229728596 2.0018008915261767 0.7815671443286589 -0.24988420722781146 0
4.023858575367672 -1.6949131896164644 -3.3444768203014617 0.5310336858345682 0
-3.5004593713417402 2.049411778874037 -3.249666812532795 2.7986204756062745 0
-1.6722112846056936 -1.5114214807865958 2.202262796257952 0.011068159788808152 1
-3.962282409394734 -2.8576323327085804 -2.1206353748664526 2.6553482597155362 1
-2.42283127535113 -4.186611161547948 -0.12087187886893291 -0.38050234269906946 1
1.1810126351499886 -2.4823428645085617 1.016467404236895 -0.37933154874220254 1
1.5181578871364687 1.1099237435020075 -1.7265336908300575 -3.5281215198873888 1
2.052204984013206 3.0051069084133744 1.8512349650028344 0.3467268849345707 1
-3.480890965375409 -3.113419969263239 -2.254724817342284 1.5361411932909368 1
-3.6315189665737035 -3.4920818304920545 0.875633743077494 4.232210985761434 1
-0.47018127054971115 3.9140022448739105 -0.9160782812317945 -3.0164710417438445 1
3.0667969050295762 3.361538780185873 -3.860962398020847 -1.911848519321751 1
3.1063479068622453 -3.0951788519748993 -0.9005867601952202 2.8101634088795113 1
3.8775258742243466 3.67673652941423 -0.808441014203154 -2.343763990191476 1
-1.2872299284225637 0.2800143537299634 -0.7072993235552621 0.20707933241037912 1
0.6667591130579698 -2.912163125201311 -1.9769819646976177 -0.018755142559879867 1
0.8195354057543773 4.235901926776273 3.9653221630932487 -0.5448556507775602 1
4.473790070195666 -3.6511249033936495 -1.3089323056762139 3.579705810195372 1
-4.241715454836924 -2.4310824131490487 -2.351657435354087 -1.4839935478147497 1
1.5280588353470206 -2.5333852306922555 3.308231742040937 2.0159143290687056 1
2.8234502334171743 -2.0905783613222493 0.07984071362101475 2.476707233678648 1
1.7608452521245832 2.258158447050956 -0.772918876832059 -0.266255845753426 1
0.7003664560199725 -0.8554351869489589 -3.8794734746456068 1.1989158696386077 1
1.794741833133815 0.18482981922023467 0.6965396223803503 -2.222209992424273 1
2.3233164053682214 4.08177504035644 -0.06422957199682022 2.8979442257131045 1
4.097598015114619 0.2593698380667977 -3.3209244324451044 2.4235677389742523 1
-4.183579884514329 1.348685886257568 -3.7421810549049006 -1.683428121729684 1
2.582552169453517 3.398675642731434 0.828934103334455 1.621057948741909 1
-3.8216236756077833 -3.065037296852047 -3.6811881469485304 3.867566011484067 1
0.39142361079919596 -3.402019343222269 3.6948740137865843 -4.156494331857047 1
0.2624871131842875 0.3113554269445771 2.0134712871040987 4.341936418595605 1
3.9976300121522055 0.8555712197150165 -4.483037155051363 -0.49302780138238356 1
-0.3510972042365522 -2.034448222410292 1.14196296843367 3.6146857829572214 1
1.4966614623584051 2.9705250164923966 0.14711647994066956 1.9817728555691165 1
-2.6946822955764245 -4.09684684861938 -0.30621482596314775 -4.0071604748892815 1
1.4041764980546838 -4.393962413837647 2.797724230252863 3.287366741594489 1
3.9211285310233883 1.2504886151509913 4.300212141709277 3.6511436183908463 1
-0.05868345108491757 2.6499125512421986 1.2563121970720932 -0.6581937756552748 1
4.162395168931701 2.2910410204684397 -3.6236085400793576 3.177322004376232 1
3.9038143620417607 3.249604165618228 -0.013431448511891486 3.622643234234367 1
-0.23810816093338216 -3.2501178806289936 0.3216145802712529 0.37020988251185705 1
-3.365617993946623 -3.8757483235862753 -3.0153476352229207 1.5984960816281955 1
-0.9487001208635063 4.187885928707617 1.5051132723178888 1.0821906570746411 1
2.189214547238883 -0.7520646938265553 1.6758396291275888 -2.7622968803247376 1
4.36102431775649 3.871476404345577 -0.4740586722454868 0.94599368961355 1
-0.7021910871441546 -1.165408278354281 0.584042909498924 0.05726682610355782 1
2.334429444540497 -1.877873602349072 0.6111933303434303 -0.9548242440394201 1
3.5639812031063527 -4.0650682855939655 -1.804548053766608 -1.115798823134067 1
-3.2670357942956625 0.3073861525148859 3.6863123639695683 0.31204218177124954 1
-2.8878254267733934 -3.750123914885935 -1.8177481743420512 3.15380702914972 1
-0.8267122966244699 0.12764728941127146 -0.41241331232933476 -0.48358216811208943 1
-0.4299687753747189 3.6591915310518535 -2.9481477823182853 -2.9006393093118144 1
3.729054269394746 -2.9707937459660654 3.2953209913992385 -2.6017070522481784 1
-2.8711676895143237 1.0341461390770061 -1.2208540200801552 2.152087289170937 1
3.5413161871815024 -1.8554909392952919 1.6317566046423455 -2.07198867296747 1
4.444282897611618 -4.285846708462951 3.153721696919747 3.4938944149243247 1
3.908349081936933 1.9377904007398563 0.9898457764885643 -3.2054456371583053 1
2.833236881834811 -0.5701202980168342 3.6137671486803633 -3.786296969670615 1
3.3204493052887356 2.650400744796158 -2.7805580777497756 1.5795951115813698 1
0.5042288654309532 3.261613030271408 3.7510601607994105 1.7453188979025378 1
-1.9976812812592915 0.12911742118947145 0.8857642537532051 0.016358139028033736 1
-4.137335563301129 3.347101916074341 2.1295950148844325 -1.5977199967435363 1
-0.03533017734469257 -0.2597186330872908 0.25512369819358705 4.198468944684423 2
-3.6086492862288577 2.26645653105953 2.3601928685104707 -2.621636410470272 2
-0.7528217074615989 -1.6980743225224613 -4.113668089418399 -0.8815326788410277 2
-0.6719548779695279 3.698128823717653 -1.6852372014652404 0.9429513304948517 2
4.457213664970483 -2.668042101592019 3.736148358598755 -1.2342315940061932 2
-0.810602165152366 -2.3984397306682754 -3.5823783147466806 -1.8491423044249697 2
0.41462164258336576 1.8121976385307375 4.162844666209766 4.4197402944068065 2
-2.7636103364257405 2.023265058208276 -1.5710160630159185 1.657360844246834 2
-3.5417119291778585 -2.069565943687694 -3.0775188503394926 -0.2940768415459978 2
-4.054227927724444 -3.4563465101863033 3.920270012583948 1.3013462431896823 2
-1.5851970998780316 2.9270830951824416 -1.1088731868580868 0.40066318471210594 2
-3.9805122665540553 -4.389534834787916 0.5330667682286006 -1.749601410857303 2
1.0786274616890166 -1.211296281032218 0.8792300233755032 -1.0489880823145303 2
2.517681734498691 1.3025595289375191 1.8020065355317345 0.5835334599840292 2
3.8443932456631797 -2.363232876938353 -2.606234878243355 -2.6313455732749516 2
-0.06661036837704559 0.347526687421607 -2.632204916415081 2.425468267709868 2
-0.3652775062352792 -0.6970201799751548 -1.9149588718443695 -2.8307747838047863 2
0.38360871170647426 1.3441124812924121 -0.4593834946398684 0.5164540110378779 2
3.10744850501122 -2.506547549189282 3.969298227706842 -4.106516634109048 2
-2.532969638400653 -0.7971363555423727 -4.014992210674219 2.1795718929965178 2
0.32026372990035834 -1.9394129586353133 -3.36134476849176 3.0546062253842017 2
4.238743051677655 -1.4553633625732558 -2.0523612353646787 -2.8968533758261286 2
1.5589426558929076 4.017284989419437 4.347189694410822 3.148359287194171 2
-1.2555395991528044 3.6651995292502275 -0.5119782686303271 -2.5871436648579484 2
-0.3831768766244311 3.3084677922496604 -3.645200790668634 -3.317372961994264 2
3.3835484602887296 -0.11961416123270663 4.23987706069608 4.242669542831377 2
1.3119852015015894 -2.6649046367798355 -3.0457517206429445 2.8743561929359176 2
-1.8859218095453765 -0.1573504578827214 2.7322265524698044 -1.796832522712086 2
2.003557419082932 2.762221797122821 3.0560074332257035 -0.23491135091063253 2
-1.6645833551713376 -3.0973413505465412 4.020145211702474 0.3277286940222228 2
0.5627795714881318 2.941209293734189 -1.6513975102854208 -2.5162053692121464 2
2.113517077792583 -2.5502401938598687 -3.4265859867084942 0.03193169139654417 2
-4.491175862373111 -0.7481570424931119 -3.355265926375812 -2.2207032717050748 2
-2.7795270815257416 1.3559698270127158 0.9368180311044746 0.5249841581847805 2
4.452006983683637 0.6242029555846965 3.442882796263525 -4.43632913746581 2
-2.9733757622066066 -3.1276284185958625 -1.7945020378698113 -4.3455952475386415 2
-4.3489152132257285 -3.379215744193817 0.3645468754244868 -4.201940415786407 2
1.5672864693491313 0.18160013035461975 2.3799636678014497 1.2834390923867112 2
1.8714302083033665 4.3085060482947775 -0.4835431733906326 -3.440296920741204 2
0.9070255676906763 -4.216830724679745 -0.1207438688026109 1.723614975833419 2
-3.483376290861687 4.131863540414845 2.5303528252605996 -1.3808426687195698 2
2.811572749135708 -4.205964669359398 -4.46342200385788 -3.819498896478951 2
-4.444905323301657 -3.587688527360962 2.216748280783473 1.08877440197009 2
-2.753969429021307 -0.3517634461676775 -2.0851016242684954 1.178721915757223 2
1.900684163513146 3.568509391239042 -0.2801521844262097 -0.770658475646935 2
0.4129104010896987 3.652560371081707 -0.13621407126941465 -2.962587372527387 2
1.1401607532765246 3.1458580427616902 -1.5522960427694483 -1.502770574623132 2
2.9630774029955935 4.115167764435337 -4.178092343894053 -0.24351330210566946 2
3.629535840182146 3.4433400076069054 0.3579589844886849 0.018800121723616448 2
1.3407231725986852 3.3900957916715075 -0.4173420348563367 2.84044818519358 2
1.0299920132064995 -3.8606488915525903 -1.5631892031713719 3.4577765708179236 2
-0.6333575251741104 -3.0907381908544727 3.6741292850421634 -0.9116264809218682 2
-3.748739288889122 3.822323219450539 -0.5145143196764369 3.3017134439925635 2
-0.29925560234735304 -1.098880031818107 -3.172744987802539 -2.9783105569051562 2
-2.2172664788452874 1.4304166440574515 -3.3185725309737575 -2.5357378060264475 2
2.027900447786471 -4.161945380606381 -0.12748004572943905 1.8900201535702723 2
3.8755701158878804 0.023120668157062263 -0.742179451533374 2.144752453970102 2
-0.6125886679182225 0.6222435048327207 0.43017211142294587 2.7055537380560084 2
1.6522945878244224 1.8581700743905016 0.1121890340988475 0.621145865837817 2
-2.8625575223044346 -0.1719532226057986 2.1687007896096544 -0.48476343375634356 2
-2.899736268696398 0.7395786705541326 4.182551289033648 1.93105922773612 3
-2.8663355460459163 3.2874811713907097 -2.775489603177233 4.4925778473035445 3
-2.595305351516554 3.980631932798847 -0.9703999965129118 1.2898208240591815 3
-1.2312832921510886 1.860321640841058 2.611492831288176 -1.25277378430268 3
-0.4628484113754008 -0.7530240294855564 3.1799909232504255 0.9968092641566423 3
-0.5148217018427211 -1.2250402616722087 3.654378812961941 -3.349793566016179 3
1.6899371419946156 0.18567257350271826 2.5764771043777466 2.585263935781267 3
3.8711118691027036 2.230569106241192 2.7773024486180757 -2.8239415783419783 3
-3.211780720223101 -3.9097408414423938 -1.1531905944478857 1.8152256732481666 3
-3.723396571460146 -1.651148908200304 -3.962464773362667 4.324508434783539 3
2.3136595823943593 -0.48785168804788603 2.4913892577573016 1.0899269671381715 3
2.8935178254634915 -0.5141008832656033 2.306493100936329 -4.492660756252686 3
-1.4936425064225873 1.3781312224822861 -3.192053142782114 -4.031476190008906 3
-4.1628683916412506 0.2880441207217084 3.0081861928783282 4.1262314238733815 3
2.180341862950783 -2.3764166275592222 -2.443391291472035 0.6756299184906644 3
2.256619443176665 -2.6653499655275863 2.9074118569694827 -1.1920670604985215 3
-1.1027927604308752 -3.1990466600036878 -3.722454592404061 -0.9147074357044164 3
-0.38695208937949443 -0.8271991050394548 4.423765010998198 0.19240269330883142 3
1.361936330736941 3.9325373650280877 2.4203656292771365 3.438616525121734 3
-0.8415359494509423 -0.8870884012294452 -3.1480779815709363 -0.9850252185027571 3
3.357657745267029 -4.3276959050432975 4.304175767140786 -4.093350754718203 3
3.2344697467892534 2.809748561485034 2.390228033011663 0.17904604290308979 3
-1.7018592633335703 0.8965782675789278 -3.730048828310899 -0.19591330292565645 3
-1.524501799732934 -3.967792938240885 -4.43830870727016 -1.4722689078013662 3
0.8007647693754187 1.1465132110810132 0.851075131889938 0.297920500073391 3
-2.8239562157445244 -2.1751287615694093 -3.7992917719560415 3.0395960778072446 3
-3.357025424570044 -1.2408165860242062 -3.1067749324986647 -3.184680850133345 3
0.3544788739968534 3.376184803486768 0.2941856527484321 -2.597862218235699 3
1.1993653715836774 1.7509479154123087 -3.663735781240859 0.961082119848456 3
-1.2788918445979842 1.4715562619755254 2.130509061906113 -2.75967498986846 3
2.68186702946539 -0.940832078439531 3.234159238557156 3.8322504525247085 3
1.8724095679160988 -3.1864259524796457 -0.7675031024191217 -3.2042763464237334 3
0.9773090820549217 -0.5636649315797532 0.6440948754203454 -4.113856328176759 3
-0.35736470544584 2.7221992217107878 -1.9931708407391655 1.5521499813580637 3
-3.864146130999761 -1.375176924273281 0.3181062719596892 0.14047133935581024 3
-1.0106261293656011 -3.699399733428582 1.920506683363973 -0.960253202255056 3
2.2800124428363278 0.2521093040645397 -0.4393746881562909 -3.127487419304416 3
1.7271443129819755 -4.2307941873003765 2.4748549206252055 -2.7043119931366544 3
-2.413454068433164 -1.7726880055489334 3.434975412621576 -1.9597677897284413 3
-4.496100580456011 3.143233554698815 -0.18292774839875592 3.877729128643422 3
-3.4166820650707286 -1.2955370617990796 -1.9528529546470208 -1.5822236056323993 3
-0.10266271164712293 -1.042046988719608 3.527224168270137 3.8926256366540652 3
-3.4745147887459904 1.9402993686344336 -3.3941588059650987 -0.8470516830486171 3
-1.5173051965883948 3.33223577417189 -3.095447532172298 0.1768302219475647 3
-3.76434078396701 4.04231669061438 -2.5014028650729694 -0.878198663809051 3
-2.999983499209948 -3.8557248216056315 -1.0273276623643166 -1.0198229749138208 3
-3.071495465838126 3.029462339189164 -0.39174231102429036 -2.7524225746748505 3
3.0455931374009 -4.126311484187012 -0.10587890117230536 -0.649938680470048 3
-4.281485856094776 4.216145137505958 -0.5106891740829975 4.457428334807645 3
-2.9879009168452555 -1.2431932512058894 -2.3880004204665783 1.4910988629510133 3
1.729330948171076 0.9975934831428628 1.4428383749997695 -0.09859984231672803 3
3.4216256738452464 -3.7467084161118156 -0.6040836204411775 -3.019412443344769 3
-4.131733997087986 4.254955503123622 1.973256761431641 2.4687875006287086 3
-4.454746752267351 -2.843643750446221 -1.8804407149485414 -3.486072682860654 3
-0.8727193874250202 -2.229223138204883 3.8686617405322012 -2.135054557423221 3
-3.327824970211031 1.9398902398061129 -2.609468322389899 0.8277743315813738 3
1.1237158958706464 -1.0867672674332094 -4.2042128235460865 3.269001411464753 3
0.740831412065147 -0.7359359806338822 -2.0465874132692217 -2.0513546783041616 3
-0.5741767098153419 -1.960203492591433 -1.5301579891781723 -3.072408086544284 3
-2.4613708995936103 0.8037848614757669 -4.064018705120155 -2.639906730518399 3
-2.8811922907025878 -3.895335188111715 0.9599409083913789 3.8622317489986773 4
-2.853752669410661 1.5728411617964093 -2.407214388578826 -1.1421512942977885 4
-1.608569692088611 -2.52063611159818 -1.3550219162959851 3.1761667824715616 4
0.10682991637351569 1.7407791955835399 -0.6918443417912395 4.217611543224955 4
-2.1184548480115457 2.213900064211175 -3.5079973688797335 0.4308503810638773 4
-0.20101643083870147 3.021166050337575 3.107782596859843 -2.5426292994264372 4
0.6815052850358851 -2.47726284800999 0.4774546185095442 -3.6970993139542236 4
1.0183234405308137 3.221465956053103 -2.674667902168436 0.9555692892106737 4
-0.620566520224458 1.3244318338196317 -0.22299161070740547 1.7102319107586053 4
-4.213586966147634 0.11151803349999834 2.59953404029521 -2.195236859043925 4
2.968132852135797 1.7171923107373122 4.393036326343127 -2.681229876216431 4
-2.3432115593061282 0.3013542638052916 3.405934917461731 -3.039569831439638 4
-0.9583640265913128 0.9081074240460179 -2.0860589734995156 3.324839295055538 4
0.5997755174508056 3.906683611391271 1.8844168382070017 3.2945525720426385 4
4.023036556369483 2.1841496796313056 0.824815956906327 -3.719695908129843 4
3.7626806170292575 -1.2337024732278623 -3.497205445617861 -1.0117962682701815 4
-3.2356262740435566 3.106324326351074 -1.044967368012937 -1.6584652914600337 4
-2.12412752287549 2.524650904580767 -1.7731263451989356 -0.36447078263309096 4
-4.437173757127936 -2.629982812608308 3.754554066202786 4.118714995378223 4
1.262474530740614 2.890454779230887 -2.280218245651145 0.03795843853087688 4
0.7679827545503201 -3.5262722213042994 -3.191928585916891 -4.06216952855868 4
-0.7678407358291479 -0.9399513201326329 -2.8953367849393064 4.16223835855448 4
4.288238227084672 -4.167039789271905 -3.7929612115854114 -0.42582365027498914 4
-1.2472199484441568 -0.6161949568687705 0.8266448215028558 -1.7921205927790498 4
0.6595690542340759 0.004261991447249036 3.098804277441136 -1.7956044790431451 4
-3.9167755939014803 -1.6832683210663233 3.0232277210392335 3.903197441413057 4
-3.902241339679587 0.9855103713586253 3.7172918726426953 -4.2566443450189535 4
1.2990459607174896 2.0714312929335197 0.6570515034337154 -2.2710779693881844 4
3.072161698303465 3.3988370332535807 3.038015842707917 1.993519236697729 4
3.46621270423497 4.1204169082104 2.0730211939839203 -3.1985073437133344 4
2.897963243493532 -1.0667344570422763 2.305975556173807 -2.821293378021313 4
3.048226614386724 -4.163276550670594 1.681360682207787 -2.179688171892847 4
-1.3994531387767188 -0.5691819884797856 -1.2605749160594804 1.6490856605132431 4
-4.092173350240009 -4.158616467360955 -0.8154874954947805 -0.8819680478292455 4
3.230638989918906 -0.8824263890161866 -4.030686875222196 2.660948485036391 4
0.24217345171255755 2.5795885406483716 -4.136475878674862 -1.4051102409449334 4
3.7858417739106818 0.575542445334991 4.0915139363743025 1.8014173679667955 4
1.5453455249845889 3.86188311678937 3.594942770634431 3.571855195561099 4
0.18112595533975784 4.390752827786047 -2.0119909195098 0.7577419045457542 4
-3.94666013894569 3.5652752263681586 1.2422843740909904 0.21499973215702284 4
-1.6314598452233051 -3.3674905909865225 -3.11163138685306 -3.4808423245523157 4
3.7647682319856717 -4.395837787007105 4.474938608986797 2.7655007219112164 4
1.5611986160423634 -0.9664497943520228 -3.1732157627086193 -3.172547810609422 4
-1.4547574661475882 -2.436979447583053 2.8398967012486755 2.3600408876909134 4
2.1261138311019723 -0.21298471563177146 1.1151484103553415 0.9891129153267411 4
-3.367703132265089 0.6387628852199969 0.48548501714976666 0.9758167131102555 4
-0.6297167230372006 2.1804282204483707 1.9856792725430084 3.307245630786285 4
-3.211709653606853 2.491507368762856 0.025172569325657257 -1.1821819649517662 4
2.2537355582191623 1.4744012637222517 -2.080366490453496 -1.250379675502773 4
-1.1916814620863243 -3.723422172324031 2.3858045620958026 -3.1776313908460745 4
-1.1803323260373446 -3.6398596163752597 4.282991481396701 -3.428582473470203 4
2.6794243444822823 -4.343347380665075 -0.3753676743987775 2.4503842871561368 4
3.704905135644052 -1.587744374781364 -0.8455525199688884 2.082446191942777 4
0.7262700396229727 1.7040727711517039 3.5234769704810627 -1.8332642038764537 4
-2.71656155607865 -0.359787212245117 -3.9406782021707802 -4.4154775859609705 4
0.5222940061162131 1.3515812421458646 0.11441316171048455 3.735388876595993 4
2.9651905367300015 -1.0161467432989355 1.2570620805905497 -2.316164047708776 4
-2.1883425777504417 -0.03379294014044065 -0.3592734158159676 -4.240766249913028 4
-3.842564705376522 -1.1957690951444475 0.2667442044222472 2.2513873085010676 4
1.032179238886743 2.8825761857463457 3.618941774229031 3.6101785140228104 4
