300 60
0.1556809546193033 4.022663434333327 -2.1746740719857116 -0.8574879174525976 0
2.3891378345721623 -1.9584374042959856 -0.34764963818531514 -2.425297377061408 0
-2.510591730645127 1.6759987671372016 1.6465686178698593 2.262195175692253 0
-2.9957471720994935 -0.968017801814724 1.2182413435807131 0.7578388864396118 0
1.062471125275283 -0.7926291462712861 -4.409473611188876 -1.432168320470875 0
-4.477816069192024 3.4562896413489432 -1.508257564185185 -3.498270114925745 0
3.464527845388262 -1.7963127957016716 -0.562706640228989 -2.1029010222088163 0
0.8062367869324311 4.305842244133478 3.342720045607551 0.8291912169858646 0
3.1058443991368003 -3.9143210484852586 -1.4016988388058993 -2.2335950695507365 0
-1.8472998175437096 -1.9085900312947823 -3.1555384856830044 -2.8018413480848556 0
2.902197051930897 1.135647341642215 0.48503776704598744 -2.024369219591618 0
-3.505700574776936 -4.495240699476516 -2.794830852198241 -2.773788419172626 0
3.9794960956994965 -3.226493180473292 -1.2871005515571008 -3.495401835840514 0
-0.7056312645045625 -1.381595038663102 -1.4105265763219559 -3.5649596192893624 0
3.3280657595746335 -0.642583688829423 -0.6265473931618806 3.273381831910518 0
2.9587633589048012 1.9606665440343445 -1.588444463837722 4.108026794318495 0
-3.4269597523428956 0.8674575543864798 -0.7403495969642633 -0.585728376742377 0
-3.3321933206533805 -3.8021931744554056 -3.2598414243554608 1.4842567702481366 0
2.980847301213762 -0.32052946697817786 3.9977846053812476 -2.8121827524788348 0
-3.0418876889752595 0.43177762883705995 -3.3843913590632444 -1.4368365532460143 0
0.7963723965810829 2.462518521681609 1.239502095227826 -1.4463557941849567 0
1.4026091220621297 0.5193608353058067 0.2582144339948752 0.5364952505246515 0
-2.8957746008687097 -2.334748219037882 4.433631961129348 4.488342108803375 0
0.054491691319733526 -0.9292887105315388 4.261624935801782 2.7645479429657307 0
-0.15250333101352687 4.101658569793673 -1.0303911697593682 -2.44754183335211 0
3.6144197352664267 0.051833897797636475 -2.9780034629606473 0.5128405543795327 0
2.8863133664662337 2.94944333467483 2.158270979059824 -3.7789925587717152 0
-2.41349987158151 -3.788500622355626 -0.7443044119617209 0.7597561846531539 0
-0.3081336616884017 3.410782275638458 -3.049355107119566 -0.04302752562121526 0
-3.172472471647319 -2.4187382522052525 0.234003713395877 -1.0292783738221232 0
3.7615122513353683 -3.338428251544464 -0.3453049062001111 -1.5335040051652866 0
3.747669498592556 -2.3868220417983266 -3.8003776055329554 -3.7266134355901457 0
1.0438809177555217 4.064289840011378 0.38268557099084566 4.023926186647539 0
-2.2038226224989774 -0.44770366489508673 -3.6613887557466254 2.9231070683569578 0
4.252660023838444 -2.345661016545252 -2.564059560139698 4.006398499015587 0
-2.7118682757483397 1.691517392289248 -1.7240511170972563 4.199529198087035 0
3.105082752021647 -0.420154363648754 4.188573167471807 -2.7475275328797 0
-3.587669752167344 1.1056317349739766 3.1713117770713204 -1.3341945247499614 0
-3.7487165682619374 -4.020596148159562 -2.90051616992137 -2.1106617090193085 0
-1.3906936981872404 3.6492770269596844 0.0742847872865422 3.1170106607693797 0
2.6874018661563572 -1.0419575152641245 -2.079674714434489 -1.4187304984730007 0
-3.66546595980109 -3.3594749134208364 2.7588677053362893 -1.688549308611928 0
0.30957553107877667 0.06573777367651745 0.3781724810767365 -4.077553087658603 0
0.031812963100249725 -3.3605390188381152 1.2678420957140868 1.28239878569799 0
2.6216153195071272 0.8644612871087963 1.213444733978326 -1.5089058987546546 0
2.31992435429253 -0.3657231730068141 0.15573953137681884 -0.7754243888571817 0
-3.8298671562194704 0.9223905911984888 -1.118294599961383 -2.0373940138551534 0
-0.5796074743526719 -4.442145304199907 -3.8007908876659533 -2.4429787081208545 0
-4.0803310947447615 -0.7313183999467809 -2.724373477369684 -2.2692651740115566 0
3.4043926968834413 -0.6028407602235156 -4.107711371173039 -0.8170713058150142 0
1.2911418915273472 0.6151479793955634 -0.40601742831417975 2.0432175504363883 0
-2.3383628860822916 -1.8386387720475592 0.22401397431573422 -3.2926520456095068 0
-4.454775686468336 -3.33995806280873 -0.45142590340399835 -3.816602694275605 0
0.26239517710798865 1.3274548936639246 -0.33958729378057595 -4.131829061294493 0
-3.1917424095522633 1.7225033441476052 3.5721818638456218 1.19339992780181 0
0.9500867529356888 4.171903020561906 1.2171085469825424 2.452098138135656 0
3.0856909594386854 0.16483000552574956 -3.8785259218813497 -1.0995135835346947 0
0.9312768649424503 -3.7305381356024876 1.5203686219355368 -1.3075882372210004 0
4.090989882143369 3.55590859401047 -2.5937199225498215 -3.075391287482466 0
0.5251245845764524 -1.9618525615605504 3.903164301391423 0.5474821897364437 0
1.254508908428373 -0.7467470364265394 -4.178026724940283 2.840662288478663 1
1.1450924978153023 -0.9321242029087354 0.7587487094822131 2.3602243728178713 1
-1.7836815247617643 -0.9184983095362751 0.9630503653529741 -2.65639633593759 1
3.1480607557699027 3.0486483310971666 3.9246440367694335 4.076166395371063 1
-1.9315769765813178 -1.4502755034676653 3.070505046025876 -3.9282680456714894 1
-0.14497225804450287 -1.0395778021458262 -3.6303899875234356 -1.5596437846358033 1
-1.5409138505387387 0.2610286336142359 -0.8819291830345041 3.456709032426846 1
-3.6280353214440595 -4.289580624711652 -3.723442879907361 -2.55972973620881 1
-2.7896521375205556 4.161083801166306 3.913494537751429 -0.6158678935374755 1
2.348605312535338 0.1925140128436016 3.1610805534648785 2.576584044070217 1
-3.3988749323929817 4.487280129843601 -3.8690624163033918 1.1485080209446554 1
3.4943593665706945 4.136803289351896 -1.2822629177137577 -3.85511302746435 1
0.5830690424242772 -1.8159038630314535 3.719873086021888 -0.27503178893750935 1
-2.8332637426499483 2.527675069218229 0.07746330952730307 -2.7145585191138433 1
-3.103067282363629 0.9100705529116713 0.278877598250755 -0.6199487385263961 1
2.1423602187135504 0.5968268907960398 -2.5329459469459916 2.4819405415230174 1
2.6494137572750627 3.8453401543371486 -1.4301853629345422 -3.8515706654340685 1
-3.772240016939599 -3.451339604896251 3.9627590721057673 4.4769550164391365 1
-3.475788873921612 -1.908603439996825 -3.4665802971748962 4.164202638865283 1
0.46262163785404953 -0.49820773249545336 0.2770076331617348 -3.550009479459198 1
-0.4545271554490503 1.6978946208252466 -4.230304157753249 -4.4312295111443945 1
-3.160367775965739 -3.423127298046577 -2.353975249344292 1.4421856844524314 1
-3.2341186874705103 3.101557353376076 -3.5024070374746605 -0.25025230416461586 1
-1.1561960058303076 1.0020031157876794 -4.262292477808948 4.1607592367134965 1
3.696370446929033 -2.8525561025131414 -1.1506523462012685 0.9054262556246476 1
-4.048928733029552 -2.128010522759526 1.0437527455435398 -3.9630432800205866 1
-1.0772337342923812 0.3229968621641446 -3.983092788662038 0.13252825624572795 1
-2.6466059328338525 2.319434524816076 -3.3634645773085885 2.382552398713079 1
1.0551734438123854 2.5102087401341833 -2.3897521809580935 0.981865569694702 1
-2.7516810302777834 -2.2861421215539734 2.7056223744456522 -1.5308618245556616 1
1.2650716066360466 -0.8990337602074399 1.16837272540249 1.1292321634941456 1
4.164493225969641 2.3730119414905717 0.4785705145100493 -0.17102740446909415 1
-2.96287814291824 -3.427413249919446 1.2097294537296097 0.05758542266979172 1
-1.5275731216613628 2.687597494954537 -2.6078479009226982 1.3780734681073517 1
0.9457830550888479 -2.542552617498659 -1.5834060807219883 3.8331159672741233 1
-4.241034027933447 0.11532204480424801 -3.185321238569885 2.395652848654707 1
3.9558497187943473 0.6889382619792287 2.9158312265582733 3.2771487129728745 1
4.079169750376589 -0.17381945647836894 1.7227224753400299 -3.1272863121284398 1
4.4171180629999744 -0.06076529777871109 -2.499123435236082 -2.5602545678784665 1
2.9508049442867477 -2.013457974630429 -3.0862060540216634 3.794998476014122 1
-3.8896262565320256 1.992240909260253 -3.133876547364934 4.377372505935323 1
-3.4055223032930044 2.7860972132546116 1.0678270837918482 -2.7330215528189044 1
3.9131300030725744 -1.417813393026111 -1.9989755901882833 -0.3235329738510456 1
-1.6862860840236988 0.9026739573072832 0.750781252585177 -3.3221274343119385 1
1.750872214279771 -4.093459535038418 4.234549428505324 -1.933772785321867 1
1.140621083642435 -2.920529512300206 4.4501214667703834 -0.6372636541676187 1
-3.771305524644649 -1.6766907232364079 3.254986280227591 -4.162727022877761 1
-0.7728869811923635 -0.9468732547233479 0.19819912146870178 -3.9976715061958235 1
2.007364760093023 0.10462265682536764 3.8301371807278866 0.020412989968049966 1
-1.4071893440606864 -0.27982547976606753 -4.20349114576971 2.7707743391477235 1
0.42064890872519545 3.0138725187103867 2.4188846310942944 -0.16916435205003444 1
-1.3671728958415255 2.5486745712459937 3.7670991004598093 -1.5673842158066833 1
1.3591028260384572 3.357231835983524 -0.9675623382251463 1.205383435788412 1
-0.8041413335153534 -2.8425661042353063 2.7111671178903127 -0.6718288820455738 1
-3.6613951844243116 0.5162323415320869 -3.746332423829328 -2.0571482146713946 1
4.291485165414082 -1.8385006737457452 0.781496924885282 0.9327273836323678 1
-0.9615681623799763 2.8691899771491425 -3.1602958819688443 2.676514767332286 1
-0.9538956076960496 3.5174260733329183 -1.9681290358976549 3.0453583792001555 1
-4.228868145702829 3.598305708244665 -0.8831442867044806 1.4031726101809041 1
-1.8800494469310847 4.326406623666125 3.6971685719819813 3.696596040297147 1
2.4534397807814843 2.811991460540791 -1.5023357390347893 -1.071298484401815 2
-0.22750953107810534 -1.7776159537744682 3.1232951810711036 -0.4712572113102347 2
-1.5828880752582992 3.4781722223896567 3.974968424057813 -2.6766206419108087 2
-0.6341196276711318 -4.472292258194456 3.3209298985846116 -0.31420933669501416 2
1.070970626685731 1.2457315299719358 2.8566843082932087 3.06231390579135 2
0.9192043439274684 -3.7359210290071467 0.40300147077072046 4.298345715623015 2
-2.8008933063451704 2.4577709572592212 4.467615435602233 2.9166678100116123 2
0.8127359518637635 1.6743257185006606 3.0413515883748783 -2.112388686856293 2
-3.8421799731706554 0.5532078116163278 2.534841686176302 1.5674461369926949 2
-2.172334368115856 -2.509347751911884 3.691260832806926 1.1356161475019881 2
-3.4640950228382383 -3.608496570941205 3.174250953299814 -2.073916332000005 2
-2.3051883384609835 2.214383364700058 -1.5690052949881519 -1.2117405901465503 2
0.8494427945744052 0.3309281459196465 -0.9822084658070391 3.5493968310255264 2
-1.1197940469206795 -2.384905698120441 0.7401362671908979 4.3626912927483135 2
0.8173324887716825 3.0747315952611154 -1.422123489938898 0.12363124502825706 2
-0.20435498641071015 -3.7463207432617285 0.4055774705492933 -4.275028920107172 2
3.899178489089564 -0.12529252338910013 -3.8927431079769335 -2.5237277958021282 2
-3.37175326610881 3.054054960965343 0.2631547166443584 -3.9730988553951057 2
-1.0583581855055213 -3.5217517720595213 -3.1485230364991894 3.6783584637979274 2
4.098660261145359 -1.4071464049438411 -0.13165687987474706 -4.037276826551015 2
-2.5743623267220817 -0.37206452222114195 -3.621306308275262 -3.9732616782998025 2
-4.275942243471837 -2.2930103137555147 -3.3898602542438323 2.371568580898045 2
1.3798025992726428 -1.4636088669584655 0.38794091251850726 -1.7651815818909136 2
-4.305963338722392 -2.048300118829383 -3.149789713807389 3.00273005890538 2
4.15340226565079 1.9127317881025268 -3.264246071945365 -0.4233494450937877 2
1.019366299666316 -4.116655223796166 4.270007070435881 -3.306586748705075 2
4.309064016836986 0.4305071978165653 2.6020619148190516 3.4761099931508417 2
0.10786516592303352 2.799124733897853 -4.135996459084899 -2.3176118927683875 2
1.9453287670850772 2.9779664395270475 -1.1930892445119832 3.8858302808428493 2
-3.177359381529204 0.8122571151602774 2.063150082323228 4.421964303459311 2
3.124022851534665 -1.41843937987178 -0.8112669654732562 -1.0337632694198016 2
-3.1962615358812014 -2.84716465936262 2.0410692976382494 -0.31674095767440447 2
-3.028436458293387 -0.671108718068745 3.269252781829798 -2.128611833671162 2
0.9502965538909984 -3.652911183891801 4.082628982560585 -1.475590913836647 2
-4.258903156696321 -3.701560908816798 -3.3893404243121545 0.6963284962658023 2
-2.054985439759884 -1.419767925490092 2.7884707333466636 0.22570216723889813 2
2.4905284344846734 2.192646271563892 -0.5087858518657478 -2.9553988227502472 2
-3.510202682793002 -0.19737935938124307 1.582505095776786 4.125565972556622 2
1.3309636775478095 3.0829382566450616 -3.0837448882177227 1.2832883594597881 2
-1.0037803067418691 -1.6629447373012682 0.4725630999417636 1.2406254950289348 2
-0.7480415979975618 -0.5241858888611505 1.9982707372923247 1.489896294573362 2
1.0508590855979818 4.466061635401209 3.1910181043003227 -1.908574850123919 2
1.3696475836229756 1.2196032329303497 -0.6873682685710335 -4.18816456239013 2
0.3106141457333741 -1.2997946940717422 3.001637383610717 3.515792544707315 2
3.1946741048361877 -3.0303382404699315 2.4552431347660773 1.553203903518264 2
2.3924140922538304 2.3204867267170903 -4.237750387868072 0.707905108902898 2
-4.0547965346030495 -0.3979035322897515 2.4857227976171745 -0.3448042313880326 2
1.9169665937277662 0.6342875459945329 -1.4494311831091098 0.07738899627074669 2
-1.2513763020312454 -2.0465726071491788 3.7526980108638557 -2.734036481605229 2
-4.059304194511406 -3.721351154509191 1.710022535028285 2.17556079780765 2
4.4565555411883775 1.1762044785982768 -1.6700504105779892 -1.2470291743030173 2
2.6489635261055042 -4.351959158747939 2.7202827251954735 -2.5738221684714304 2
-3.4223438071872008 -0.9428739935316512 -1.6681892552857571 -0.6012253731676767 2
3.0965642921228484 -1.813621820169502 -4.408820289213583 1.9947718180678669 2
-2.753571424719202 3.3403668853154276 1.197645219930715 0.5866939237002743 2
3.5503187952110697 4.311761586219182 0.8048066189757891 -3.7317168825787346 2
-3.7473429816510304 -0.46904644411477503 -2.5482965217693123 -3.571821298987332 2
-2.4539142641905753 2.7402081046794713 -0.12588916190119603 -3.8861897465352735 2
-1.355931517013142 -2.524363296219592 1.234608908601539 3.3360114314957583 2
2.770741159249887 -0.20684700873334183 -0.4293367970390235 -0.6819366275374689 2
-4.034953471959291 -1.0893364129718477 2.216613134828733 -3.2751664374232448 3
-0.10072697534436947 1.5993633689630378 1.937281757125285 0.8622261091796363 3
-1.8145341357791231 -4.3637705200241115 -1.0510049920275182 0.5969174174112608 3
0.8963909963267293 2.8762641387117824 -2.420887785135029 -4.177104635045385 3
-2.6065122471016133 1.2039817677630138 4.37718075784396 3.7418726328696157 3
2.0854245660782427 4.208977473775399 2.7523793279454347 -2.1352699167627587 3
-3.710276454242087 1.6489578165332248 -2.5901077394879604 2.1207698500757095 3
0.6153416257470664 -2.9765324437241176 2.625337408856548 2.6630320649989816 3
-0.32968018813170874 -4.388207735476045 -3.371487713810975 -1.4710095181919611 3
-4.291472305311557 -4.328984296347169 4.116556507721322 -3.092964943000334 3
-0.8823794336452941 0.31961883160348004 -2.0077595539555015 1.7354995719011312 3
-2.137027018635559 0.17045481603758428 2.8464893451911766 -0.5021876039723273 3
-0.1998731296611247 -1.8699356274845256 -2.0284431358903876 -0.3076735628077081 3
-0.8531950426895518 -0.23135693119207612 -3.175207552965594 -0.3335436821974558 3
-0.5632092996930692 -4.3526265730314595 -2.464833308971989 -3.0572929134349502 3
1.8500554511483205 2.3335411942126196 2.7526200890030794 1.2890435909615507 3
-2.0480435836847177 -0.3092770997776465 -1.8019014148233385 -1.6847518622987123 3
2.0203236443730144 -3.754513521679805 2.025166768910267 -0.4234432425410909 3
3.1421427733918135 1.9858427272470123 -3.6765223487735197 -3.432442935106198 3
4.414333806941576 -0.487398892357387 -1.9899904460424311 1.180636186777614 3
-2.2211804333966825 -3.051715930605686 4.166882481703096 2.970443599269465 3
3.3365452577245107 1.6896576444054467 -3.843941975535287 -1.6032846293595635 3
-1.078173357767234 -2.445906451648447 4.0779063121775945 1.852172604054068 3
2.5353521899849953 4.273339230409021 3.8297309848657664 1.2408556377875795 3
3.4221631318617662 -2.2197962541156855 -0.26699120218726125 0.7414057467213327 3
1.1441347382250238 -0.04633362282770659 1.3366163641120348 -2.6826268364616124 3
-3.843529982571858 0.4075105275083528 2.867102172125193 -2.2813294253438596 3
3.3444819708446762 -4.229442530909021 -1.4337205838998317 -1.4780569712405156 3
-3.700571292773473 -1.6676612903852805 -2.1610916628941745 -1.5302764428151137 3
-4.434948138391751 -2.8305730338888164 2.6611648952088958 -2.1984170626492663 3
3.3692645741133216 -2.8144613351712033 -1.4424975048867106 -2.202309184058615 3
1.2408817490936697 1.3133164711743661 -1.8364846832770998 3.2228916682166453 3
-2.853101320245703 1.3024937018840421 4.139468364231047 -0.000270299633434834 3
-3.2416361476900595 1.5919201295434844 -0.6570126296406549 3.9475396048193394 3
3.9628398668714038 -1.6567426250728954 -1.6547871960624034 -0.5090821295170465 3
-3.7958309653053757 -3.755263854221301 3.9842232106083943 0.6150791387432518 3
1.6400291987332087 -0.08167727133612168 -1.6773095423646995 0.500707415079778 3
-4.303738897933953 -0.3865879858751148 -4.482629615374547 0.6473062754619741 3
3.4449810215986045 -1.2068887454603987 4.405666650960731 0.01386356056503868 3
-0.6377301476242511 -1.9667728024154747 4.292342717823674 -3.2727397331614085 3
-0.9288071874289276 -2.8829515573331435 -1.8871589442821 -0.1732153340263013 3
-3.6742561924751307 3.898085582580894 -1.2413045685204385 -0.8523536502413526 3
-0.40833722989253385 -1.7884870094003653 2.0644059317741 1.1140919854919784 3
-2.449433036716331 2.0590832478245416 -1.8175805610231417 -0.5199976745280973 3
-2.0702369743044584 2.2484057960197026 1.9705513838045767 -2.5443217393241566 3
-2.7629711932989167 -0.6969910304699541 -2.257871656522288 -4.167685086465289 3
2.745890762430144 3.2192480264976755 3.525292289226983 -0.3239241870949555 3
3.897950383035309 -0.020491722570194826 3.748545165611944 2.8841497643586504 3
1.9410034387883233 -0.7225615253469372 0.7999336962489206 -2.296849243164454 3
-3.6219409068734656 0.11495256061135462 0.9612452555922437 -3.9836424180827184 3
-1.7259074555580538 -3.903960550245891 2.833469251132933 3.750960674069814 3
-1.3832976382311202 -1.5337092587327392 4.373009759850645 3.9978483972466847 3
0.6268400373980475 2.4265614561483004 -4.474684696393667 2.9909699351196792 3
0.9848401072663329 0.38391139217526415 0.8600846641319737 3.540187631959838 3
-3.0187788945917196 -3.5361880424238126 2.055001970670889 -4.267439533756029 3
-2.779990220019964 2.0215882340609355 4.424913395732335 -4.1338017394079465 3
-2.314354905564363 2.4253867721514335 0.02720519041498215 1.7269109987843536 3
1.4396713234866554 2.6440250463633075 -2.411109374798054 0.07179581931263546 3
-1.6708529611261012 2.172556041936588 -4.46528225562446 -2.8693008726040397 3
0.34020072392825185 -1.989671055448094 -2.552324224458728 0.4043418613510983 3
0.22453678291327317 3.9304848823684493 -2.5510944706234033 2.7193003908896767 4
2.7574171678786312 -4.066335460960499 -0.6435440103488463 4.091745820827619 4
-3.29344714392119 -4.376333598213064 -3.0635502480610146 -1.6549488887914845 4
-2.8722926113113783 -3.0301703235886848 1.7627051100317608 -0.2625509798641542 4
3.103836395187266 -2.4898197498834858 3.96107013279355 0.7072980986982663 4
-0.5728707171418259 -2.5978031346217496 0.6489985496403188 0.6490192872391 4
-0.37697217328534127 4.131286897533506 -3.2131751518400855 0.2499940819540848 4
2.6551000945177288 -4.423137273272252 -3.7939290508844925 -3.6541256199862646 4
3.906753502270767 -3.094636815462759 0.7701087270057122 -1.0488897905650867 4
-2.5908715443792505 -3.0001213295468747 4.370637150543127 -2.958074460574884 4
3.4134828196926317 1.7940639793618327 2.376268760154799 -1.8480349042003335 4
0.6562262034826031 -0.4898143795074861 1.1618464636012367 2.0888142849728686 4
-1.2811005967771272 4.191098376390184 0.4068081299921317 0.727580768511242 4
-1.5737896331572294 -2.226917170600577 -1.730860747131441 -3.522853157813835 4
1.7075421284704562 3.507474951723953 -1.519690170986157 -0.35768316590891214 4
-0.6336823742138182 -1.2083321405642633 0.39396660012956786 3.7282279710994173 4
-3.1583616244027377 -0.8478308161668608 -4.127127563784633 4.134991492052594 4
0.8594116352748072 1.4474807437376969 -2.2339604953428367 -4.304428473078891 4
-2.1791805962560424 -4.091483206728089 -2.3482128096612236 2.7325081273699627 4
-1.956236000556082 -0.6636164754257425 -2.856091504225817 -1.5581568584401526 4
-4.490307854030759 -4.112801312046959 4.112181045787096 3.6838992069452523 4
3.334832044133523 -4.425760806383001 -3.257371796316522 0.5156800698804714 4
-4.219233908203662 -0.02111890641159464 2.4844761253514442 0.9060200288412367 4
-2.4845326168812303 -1.1234098744156298 -2.737451688195505 2.711455991797371 4
-1.2798018830314368 3.954216648655163 -4.206371571349499 0.6195302518674468 4
1.757380189669957 2.597149274765865 2.9704867956261385 -0.25482124072450785 4
0.010537310949622736 -4.174621183437154 -2.860867416764008 -0.6266619463770392 4
-0.08290062997401448 -3.851559737374962 1.371258247310569 -1.8410815488914811 4
1.3262196984129369 -2.7944012223534136 3.50972470242973 -2.6935116283586527 4
0.11890555267349456 -1.2825523084541057 -1.4821324171587347 -2.6058398432771415 4
-1.299559523606383 4.453307913319995 1.0197922793597771 -1.814003929197167 4
3.9464796342262507 -1.0764645152913115 1.986026426224353 -1.166963082536446 4
0.11044703592321514 -3.3890929294980205 3.2812129287088316 -1.6723581095931928 4
-1.6392037555219199 3.8543728677975673 -3.4365704964688017 -1.231598016239646 4
-4.419964588642879 0.6901626909299159 -0.23332970787799923 4.2273488688810525 4
-2.8598082237443925 -2.5486520890643067 2.292636020338834 -2.767578120682182 4
0.18378052631399633 -2.4388929055147943 3.8892198541352574 -3.8467174299691758 4
2.685625250184808 -0.16604277262944767 -2.8877332021311974 1.752449912067124 4
1.8565037845497396 -1.1544610349654185 0.28112174067190676 2.120774275595636 4
-0.8387339448618183 0.3624715538192378 -1.2263006871291178 4.44148440534744 4
3.068271237445333 -0.3657624892281397 0.6470597877712448 -1.1958639860291624 4
4.001295100177401 -0.6948574955622566 4.195472005368211 3.790555639016892 4
-2.142028901042859 2.3172443689888533 -4.057354545993128 3.9411210764616347 4
-2.152751790283351 3.747947507568352 -3.5793408159346694 0.07356570832682852 4
-0.644153457728279 0.3048018990080522 2.031930729784831 -2.6068864829724157 4
-2.8383857813337654 -1.045371315735935 -3.57647943448758 -3.0589499212593707 4
3.4734527777279043 -2.584332614264415 -1.8847530205937004 1.3141543984338753 4
-4.442175720479497 1.3753970686965198 -3.1528205074396958 -0.6717354642167013 4
3.2398563399227327 -3.6709544179619327 -1.4263490357127357 1.3456813233822538 4
4.156038528191316 -3.5533176696622495 0.26977440101463546 -3.218626486192433 4
-3.0716416993316975 3.207811394847812 -3.1161933033848257 3.3692453470203008 4
-2.3863279564529254 2.1964477521952115 0.37845289482140687 3.139054935023702 4
0.02315115353556585 3.842251751874594 -1.1667398128093007 3.86322214510979 4
0.3409772466218951 -2.919829432883487 3.284358207282815 -2.540893208401463 4
0.48656079298666743 4.392758968204816 4.03766717834261 2.612039350432473 4
-0.1982017495958457 -3.0119357395608484 3.3840933624590677 -2.762567876557511 4
4.224268420161843 1.8624798630304675 0.9757967942694178 -3.2107036105711586 4
0.5254230951060074 0.5693893539916364 3.0825626179935384 2.7815014646909475 4
-0.9140513511876437 -3.3898480893509335 -2.4885968511202825 -0.03441991443233672 4
-4.029810235160321 -2.7326016875731685 2.558967081003738 -4.280957473602731 4
