300 60
0.793177209695468 3.5794235511847616 -3.2834519871948555 2.443439302849284 0
3.5237765652723723 2.842537295769156 0.6228373934563467 4.493990868090499 0
-4.17699372944832 1.7258182358299552 -4.289877982691256 -1.7423969010864921 0
-1.0918715219513269 0.16659850903272566 3.956615046379991 -3.2332363021901562 0
1.421563190029317 -2.755348039053465 1.781260873739979 -0.10078438273066614 0
-2.0491523814007446 1.967453402410492 -3.16731969241232 1.134473839214956 0
2.547032485131094 3.152948757974958 2.9622175796611443 0.47421666023473485 0
2.4772040459492644 -4.170021242210228 -2.632149126081847 -1.9682040728349157 0
-3.4497563838039436 2.2615262953893085 2.484088376242846 3.5252421942013594 0
-2.3470360542035147 -2.206745874520679 2.6624800851886308 3.9251769928344618 0
3.2186297805278623 4.048011235028725 -1.8381594796535639 -2.01812951904107 0
0.5551817221004213 -2.890975321350211 -1.2426605360789318 -3.5395710000617573 0
2.4322673982456022 -0.06857064346905462 -3.223576291101266 0.08782216364579232 0
1.181277590071908 3.0554813062233537 -3.4549475891552133 2.849696405123898 0
-0.35064543336812337 -0.01853934023425352 2.0704696835240224 -3.8841337878014928 0
1.614700057979257 1.3570732271099708 1.053690392036069 -1.2499621142564163 0
-2.0808428513008135 -3.89407799754884 2.077068018150184 1.0622720375761676 0
2.443006245227065 -0.17114280930318715 4.4692656483991335 3.7995251580727762 0
-1.5371423303971794 0.09576950557636588 -4.25603066198245 0.4483756603077952 0
-2.127340542059489 -1.7053960495833236 -2.23950329953768 0.9923705699470969 0
1.1416809394471503 0.5170482951505424 -3.8299083952950985 -1.3977041113730388 0
-1.632783963781782 -0.9464110122741536 0.6474132430255588 1.294654504850648 0
-2.1782287272133334 0.7401701095669404 -3.23253926516765 -1.9157723240593276 0
-3.045341606005914 0.883204377885178 1.1815885209527204 -2.9532350555797895 0
2.932412195304092 -3.0924745334014747 -2.400277916928845 -1.7760132049241673 0
2.108704673853478 -0.8222091112905997 3.4024289880118217 -4.356807144319399 0
2.508191139269971 2.7357351084990773 1.704771277181417 -0.8909501360202196 0
2.5746429917416567 0.8305831679023161 3.2769281145368296 0.34025689887403987 0
1.4804028254304298 1.3191055809804815 -4.278839017691707 -1.6804926998361278 0
-0.6692716893235421 0.1221150038196892 -4.036687891025759 -2.8343302308811364 0
0.01132059344487546 -4.166245701730807 2.7931002935910594 -0.7318747048461861 0
1.8730448566336257 1.0838754019530863 -4.4865352575706945 -0.13179363309061143 0
2.5002768115551857 -0.3653148091690861 3.0906011405277547 4.352260850749124 0
-1.0817500076772242 -1.8729701680165096 -3.919683608838433 4.187528765303826 0
0.5150597623829289 -3.742527584722201 0.7963854188081047 -1.3938870976265925 0
1.1815350222964134 4.001134391283312 -0.1661684855615838 3.18980275616871 0
3.521137814457647 3.4072432178705223 1.51388894133022 2.3661088665197996 0
-1.3972353569370408 1.8279047883777277 -3.447562069050135 -3.1813503065793234 0
0.24603844261396401 1.433852600225125 -0.7650835335450867 -0.8654544933883097 0
-2.0853842969240723 0.969903714764583 1.5722058161265653 -1.1296659151724104 0
-4.066583669868421 1.7595057548189446 4.21699926489552 -1.698276016947239 0
-1.8065531011377531 -3.0092800058432 -4.125080471404186 1.9903866417257343 0
-1.5097325388904133 -3.0110602904520265 2.9507542105331894 -1.0801430298229884 0
3.7317418290208706 -1.9437749467181233 2.4802746173324492 -4.208156839187561 0
-3.5315346164338615 -3.4469840679056905 3.3387590214996465 2.6206678595341915 0
2.2997123891617233 3.0500501237627393 3.960772326697745 4.082022762786531 0
-4.180166759956426 -3.407006071793279 -3.0808451651697553 -2.843650460634494 0
3.519072495572877 0.13583010818445396 -3.9182402949869575 4.148173640603729 0
3.81977110465795 0.731183667394573 -1.6808463096461819 4.154961074248438 0
2.459307485757636 -0.6959079508953987 1.61750186813613 -1.747339813579901 0
2.92918276137713 -1.0313589444526157 -3.287410222481393 1.1344813306828452 0
-1.3108863397329125 -0.6472932978797502 3.2349460624466295 -3.9418657121020297 0
-0.9444133660150147 3.1016674273273708 -3.564723781689805 -2.791229915579322 0
-1.1355857175333162 -1.1557712143267698 -3.6284024267824684 -4.120986936371887 0
-0.7565133779320661 -0.6790997127309949 3.6279715256378484 1.2245992540110544 0
1.4652435855043442 -2.7920166694530946 3.59869596748506 1.2081485117461201 0
2.0023078600119324 -2.217051243879564 -2.6889750399153183 3.4583875032843867 0
4.164067246720153 -3.306048787625962 -1.0564605291860945 -3.9602537381799605 0
2.7611702763094916 -1.3050409464675548 -2.780701546343571 1.661456992236555 0
-3.738255256794395 2.08051898137938 -2.99641670526504 1.6880629814678043 0
4.46940769098067 -4.413665062949407 -2.98408804003712 1.647439690260963 1
-2.36183951213524 -0.3426769645798915 2.071245569305377 3.9331582838388335 1
2.387329541354525 4.252529828887885 1.701836378352614 -1.3114744100004705 1
3.743522982326356 0.7870210294472015 3.271132192894185 -0.893505353496917 1
-0.5006220471271801 -0.5303165387115152 -1.3771179223700099 2.067670793242777 1
1.7459223426817057 2.0397687633863173 -3.2292189453240296 0.6655865991238842 1
2.1125948172130107 -1.0420152333307526 -0.6801442919666993 -0.3937825180684036 1
4.008563202995228 2.643023383290308 1.4846091637315213 -3.3012783040694007 1
-2.1796680108321995 1.2283824778171644 0.37796458944308964 -1.3010587850585968 1
3.1062647101431966 -4.430023662001804 1.7782978296536518 0.31598985524244383 1
-3.8066735310926645 4.404826250815807 -1.5295619693847498 -3.091496152699588 1
2.618685110100627 2.131986422737567 -1.0495033506036355 -2.4777975193342727 1
3.2975086117529058 -2.4232128988680612 -0.5148728630366425 0.48565842458713704 1
-3.5504797543888302 2.186417424806435 2.007061541569911 -3.888081470594589 1
-0.22359291070524479 2.336875508838722 3.332339001581083 -1.0249836465645177 1
-0.1260618087733556 -2.0165958813642884 0.15327155926535474 4.04085862632655 1
-1.0639496953742382 1.5858125866157358 2.103057749340023 0.7928674952363669 1
2.1282392762516165 4.2354422567860635 -1.8861169183631605 2.9532647497235995 1
1.632264469392279 -0.08593201016909058 3.1675926683609763 -1.342683375412187 1
-3.3443708211817356 0.03447838683592175 1.2950481199462003 3.482331160422106 1
-0.8129780635203356 -2.1996236178222923 1.4428892954256165 -2.1427887779590855 1
1.062594236253056 3.555130037277486 -3.363599942205955 1.7537656656848297 1
1.507521518162172 0.6826802031993733 -1.8980187155017934 3.6905838652018126 1
1.3384843394761572 4.149690891549845 -2.5492859645170727 2.1869031310990583 1
3.2793232256204714 2.544558989887939 3.241859775369651 -0.5128575337585095 1
-1.700070115922693 -2.052775256104799 -4.023754915061037 1.895984899550872 1
4.116424879611393 0.14798412009490347 -2.711989036017544 -3.2780414058466016 1
-0.7431702557336638 1.2497676213178899 0.25341129523397354 1.337737230490832 1
1.7057462490233095 2.4163784540564075 -1.550109201270224 0.9027580666033871 1
-0.5143087107144627 4.061830411071601 -3.365800360382207 0.4411937842652628 1
0.29512156607702 -1.677947587728357 1.0629142328373076 2.681780094022304 1
-2.66830142866902 4.368128566724267 2.88123427576539 -2.8938105087863253 1
-0.28944709703563587 1.8263629845381621 2.645877429436152 0.3518075736025337 1
-3.108563207567348 2.0789944782871568 -3.9076856921014036 -0.41702056208757565 1
1.4452743924772347 2.1278580931948152 -4.348976621385324 3.0186356593536563 1
3.6602036175909336 2.639846822860247 2.8204294734528483 -2.305031051531059 1
-0.9452724192177977 3.7994015594662076 2.572774826658481 4.295124916776947 1
-4.131492147972699 2.6490789819192897 0.20754563866423525 1.0606350432051035 1
3.041744844744288 0.37734023290091956 0.04877493441286307 -0.6554525764770761 1
1.1733497991118877 4.252355266686245 -1.601205280934535 1.5953003609847876 1
-0.9229741083868771 0.0318571181541939 -0.8351295072104273 -4.402342272827591 1
-0.17953393912736937 1.8892688656167516 2.223966126437473 0.39109840400884 1
-4.341166550802415 -3.9275528904493724 3.7302565633236107 2.4269968926061813 1
-3.4472390307007736 2.977966821795013 -3.610735050954736 -1.3092185054346464 1
-1.7438594650506987 1.0196440290470732 2.256830118479395 -2.412091681227686 1
0.4819635941200585 2.5842878845025554 -1.0322361391319435 3.2029983855769952 1
2.922023446528078 2.872913103515158 -0.951373403561805 -1.1109219404896677 1
-3.9916425799013044 3.513014786616887 4.3922958113569255 -1.3592264909032936 1
4.0660340725958095 -2.50992755215323 -1.5607570035823342 3.0886952630015845 1
2.4747574275987994 -0.7635261229919774 -2.737035389443325 -0.6799923199285856 1
-0.3269228988597047 1.632573199512024 -3.299153562599612 -1.7499364658686378 1
3.8950059450940584 3.2180913286019246 -2.2539440757746676 0.5082558975001086 1
4.123822552996177 1.2024318514504386 2.699668075931064 2.4379625747751805 1
-3.9005020837282474 3.3426760155784945 1.1775237879821563 0.10913639306295153 1
-1.2521624440204886 1.2551805056977092 -1.0575034680589335 4.346770650999805 1
3.6665968126953334 0.06344443932335186 3.8929043311005795 1.4599500101655605 1
3.2332212370734803 4.471227515495389 0.4332127132763969 -1.7235174195147447 1
4.486204297899319 -1.8321893233487025 2.2649688417123635 -0.556563171018343 1
-2.2233626339664334 -2.540007695040399 -2.8058487012704534 3.089602599801183 1
-0.3009476760406192 3.3899755461384546 1.2157746020832016 -1.9143491240938508 1
-0.553403974811856 -2.5583054473726583 -4.168448752085201 -3.516119212224745 2
-0.05959182704534771 3.8253155400143077 1.4619166532457093 -1.4334100610376481 2
-3.4834877236063226 -1.0214684053148702 4.1565426539437595 -1.6761901980260634 2
-0.9112767996256742 -1.7283951216011344 -1.6754841412842518 -1.1891261514476987 2
-4.0053318048154996 -2.596321498408038 0.9838835374297938 -1.7966210431881973 2
3.932578579333923 -2.337413666504238 -2.068990425598373 -0.5809410988555065 2
-4.36629118957773 -0.6651372754231059 -1.1152031977996029 2.952883683242649 2
1.0923277345259446 -1.2502868415260942 -0.33209011094606966 1.300173995410467 2
4.130588424507479 -3.1322619643620464 1.4602082906005789 1.720598223861115 2
4.06297720300335 -0.19275458339317675 -3.4902767131376207 -3.555285100377021 2
2.766889386652898 1.196405755810781 1.5789657742238454 3.703778133996313 2
-2.8860889530686817 -4.165564689072931 -4.267678131477607 -3.825846283355292 2
4.019549897525251 3.5116104612441297 2.47138199141899 -0.9012566856089804 2
2.0793088237565893 -0.37128512286468374 -2.293291905310861 0.22996056981941537 2
-0.7200376191837737 3.052912341260986 3.009967053077048 2.344910602604057 2
-0.14582712460668967 -0.877810925995009 -0.3175689517083796 2.4744585687808214 2
-1.0766125877040398 4.0181556277452035 -3.3427201444287413 -2.409350595437377 2
1.3757811013085386 -2.975947011955208 4.138186551174021 -4.123849222735431 2
2.1530815218702224 -1.0781451557455812 -2.805075278396752 -3.605295822668724 2
2.760949424355483 -1.1466056932594544 -4.316893661172532 -1.156315904709063 2
-2.638032120578095 -0.08478147663155489 -1.1421116486390475 -2.836998660124892 2
-2.7691208014355997 -2.8416778266621656 0.9176231537985217 -4.0756020850122905 2
-1.7932410155446905 0.8295055772175903 -1.989879659125191 0.3855983639355063 2
-0.03495463158917633 3.749867692638138 -3.7769542168726233 -0.5792793022529079 2
1.3217944171304947 -3.3258216091691475 -0.28515994147144164 -4.124769279904826 2
2.8322449857215 -2.5845295912596407 3.2281437893273512 0.32109957910643927 2
-4.124543650576824 -1.3535180394719735 -1.9112472356433934 -2.768662846526472 2
1.7760053645885596 -2.130750334765116 0.17349377515832642 1.8787766622512687 2
-1.6214714998230428 4.121160619986718 0.4702380485660407 -1.4315929376515342 2
4.3563043508896175 1.2281395992459534 -3.7445667398055518 -2.0996070921468855 2
2.276168565440159 4.160200926078758 -0.422274204563426 -3.1772516953851895 2
2.925555219859454 -2.5178283396036285 2.9490123442291587 -2.796672226436876 2
-2.357020357325626 -1.7036809896455365 0.8064267843441687 3.4045989154859284 2
4.324580919122068 1.2493850496571899 2.6638179575703678 1.8877619158783818 2
3.644265522424676 -4.376765384274183 3.3741950918947996 1.8288992094510308 2
2.4003145004823425 -4.460416297059302 -3.944743584540436 -0.47971481611580435 2
-4.110407571864172 -4.456176248717879 -0.3534316620024539 -0.8733308538541523 2
-2.63745387374498 -1.5347827051102936 -3.9738600477074635 1.3156660172899675 2
4.136805889859559 3.6799380357201765 3.7060509930657353 -0.9889015933691693 2
0.7606389572204884 2.8035469663271746 -4.00213459565714 -0.5563755741964173 2
-4.2108270851305365 2.3046121299700655 0.9417364754728333 -2.7386466812313897 2
-3.7419999047334156 -2.9128707908864064 0.4349347444575764 -1.3093608673435058 2
3.8680745679670476 -2.1587265795934636 2.1815378149065507 -1.8587286661350673 2
2.6624928841268307 0.2662170030125842 -0.004400527675169408 2.7727904710591513 2
1.8129203332913808 1.7155058709437867 -2.227382431978794 4.0047327067101905 2
-0.21263942878228703 1.9697936507118148 0.21590726381801262 -0.3883895249245075 2
-2.185691654888968 -1.6032065586814541 0.5792010498945978 -0.475550547272784 2
2.6906185225274077 -4.043510269452839 1.324960538272062 1.6131579404930485 2
-2.1263114752364203 -2.6282130912394353 -2.867958087565265 -3.839962954398961 2
-2.4978248112746244 1.4569355957414085 -3.941640316064167 -3.3876386096072038 2
-3.3926953853294126 -0.9551954008007922 1.8735056142160336 -2.8951527254577503 2
1.013389967945655 -1.6137159442016022 2.5194876470467666 4.101377220234512 2
-1.6584011345811882 0.9568781917105136 -2.092029621777204 -1.5734171896571956 2
2.9987909406380377 -0.7482690811460151 2.2706072804769803 -3.7679902980123163 2
-4.065402641075408 3.4618114984385193 -4.058135095959006 0.9938821375909895 2
3.3208510354275385 -1.192253395057529 2.83667355314172 1.4000207054780631 2
1.2134101956676369 -0.41304903720858854 2.557923580284208 -1.9989989402742432 2
1.9061738922982754 -3.33306774525168 4.340108929939504 3.2459469406680883 2
-3.7133066835821227 4.110288075185612 -4.4806337879150435 0.4437772855294503 2
3.3933507148720348 -3.0951023811395695 -3.0768081353477403 -3.8774884957634144 2
-3.1241673067060245 -1.1178401200646113 -0.12124161832984803 4.102617805260865 3
-3.3677888772337417 3.373950136060402 -2.6400080104610355 -2.7926336098012006 3
3.6814839603014073 -4.011912074960437 -3.557889176067823 -1.9953452360175028 3
3.8766043463461766 3.399568409394324 0.8654027039321981 -2.6467263358950595 3
2.9568888663628266 1.4489444250782957 0.49606083738624773 -3.883459270519377 3
-3.2680261820390584 -0.8340454782319574 1.4492734052710852 4.387783424857371 3
3.968415135729773 -1.654599651704571 0.8208789498847093 -3.477046738733861 3
-3.192900687902715 -2.987291353987539 -0.6290337490392852 -3.0864618888651125 3
0.25629281333209464 -4.326781103802159 -1.6875906879616411 3.7563722513508653 3
1.5962999581618171 -3.5157904858746076 -2.560318862167555 -3.8099951738671187 3
-1.1432513275311247 -3.2847938529637886 -3.2840787627539263 -2.699158116375039 3
1.5190641000617426 -2.325387241371205 0.29897303187612734 -0.14874033055018143 3
1.8356760669131953 1.1545064943296075 -1.8905838028046347 -2.569376368686261 3
-1.3956089791080293 -4.093793514704836 1.1841608061499578 -1.5846724279536328 3
4.494741388630647 1.2827451746453025 -4.003843170069993 3.3429413879884597 3
-4.436803095513056 2.226416951292766 3.1168096635998204 2.546167691834399 3
-1.049869111614758 -4.102591193121776 -0.5881300169002602 -4.49528431590736 3
-2.583927914158063 3.594696389682128 1.4784069247074716 4.429698256078813 3
-2.722782661910114 -3.6797175321764253 2.3043357021922826 -1.8073221448038241 3
-2.6058637593207967 4.437316970368301 -2.1445885689858617 4.220811165300955 3
1.1649651458324262 0.6031030852412687 2.2901549347172 0.8220058342584677 3
0.3657700273533817 3.2158306789338007 -3.5217678786363207 -0.8743194337448167 3
0.3042220867245877 1.4917977987327475 -2.072917642749906 0.6576777275508602 3
2.7156239974082284 4.06673447685691 3.7516915785236526 -2.7919375059331 3
-4.158724074227431 -2.0748548116306735 3.999141794192025 2.8817261755822314 3
2.3936355733794406 0.6992737557585779 -2.4332540804019276 1.7811349570508197 3
-1.1746488712374321 1.634248413878087 1.811256486980557 0.6317019036656838 3
1.0523578555924034 -1.616837543957808 -0.4675985187247703 -1.504696154534912 3
2.034968681209876 -2.4864284656573923 -3.5278351712219695 -3.4068249017925885 3
3.2398429871321386 -4.248570186072372 -0.7166904604689139 -1.471529077529624 3
1.0851215633997022 1.3710485340988647 -0.993708637974242 -1.7827269906193677 3
1.4329090723400748 2.709387326555633 -1.6896161767916689 -4.174151220262412 3
-1.4665562307990632 -4.41540531003752 -1.0897044219600187 -4.404772459762912 3
3.164250875155885 2.6734412697465073 -1.2865636219512933 -3.7515791670096834 3
0.11302910688381806 3.3390231531295687 1.8485554672414906 2.8457399027752848 3
-0.8540815131569964 3.0978572272346265 -2.137217342643388 -1.0578047853791024 3
2.0319987033335773 1.1662164260212222 3.5738990339144916 -0.5660200869855668 3
4.341865712690533 4.327725229453407 3.079688616841416 3.1700257411813144 3
3.303176840580607 -1.2404355219353587 -3.389800495650994 -3.149650618827595 3
-4.3511672858498045 3.4258202876089148 -2.5738077617082054 -4.437751323396979 3
-4.130052478874082 -1.3731713332161077 0.3136500639226216 -3.226172853557935 3
-2.0191132743107936 4.497016281681959 4.477942758836919 1.468312719583774 3
-2.466461356964432 -1.9846527042917768 -1.7099353194319469 -3.350300686373478 3
-1.300737400702606 -3.769001618321875 0.4274452611998003 -4.2342431360962705 3
0.45955947366529026 -3.8694773097609616 -1.3976031138579508 3.868890237012064 3
1.0132015044624585 -3.8832781143456647 0.7120600532478387 1.2900695695078124 3
3.2793653237591385 4.1195329530973055 0.5158943043588508 -1.7369201433820962 3
-1.072448482094582 0.9423353285711237 3.487143888087469 2.345771032194331 3
-0.8740081764719988 2.7941617914422174 -2.2521946012449385 1.3381575146091236 3
-3.607199995947657 4.185367119220117 -3.390344076417776 0.0755872424809505 3
3.3272247314971657 0.296046556857408 -2.9270736293900117 2.3341549666168566 3
1.262320070352677 2.745988180290251 -0.05665864200700543 -2.2081674908483304 3
-0.09620060728706037 -1.7362509960093235 -0.9603743458284707 -4.421767911112483 3
-2.885240335829531 2.1057501745139717 -1.833837959949303 -2.4089742220187977 3
1.7510835588074336 0.24268625902404417 3.073634946363377 -0.5133482294195235 3
3.7958995403704714 -2.060009286026876 1.4080260705368297 -3.7769321728956857 3
-1.8348711581647843 -1.8163310458461563 1.9741343091931796 0.6796340697506834 3
-1.3553887505158764 1.769283879175553 0.6941737158381165 -2.2348986318615003 3
-3.3156116418775543 1.2957504126801087 -2.997410147585461 1.5750036578215632 3
1.7826805208870944 -4.402801350340544 -2.9023693091862 2.022452235727532 3
-2.529399544048859 -4.265558898010262 2.5091324540420965 2.3086687542560287 4
-1.947531019318911 -3.427299294718229 0.6380980815721421 -1.935812618408438 4
-1.9780029694094998 0.7833801716149564 -3.513550618920548 0.9194920744273375 4
-4.245908261278733 -4.22044564569388 1.5067045059141035 -3.3069384119510037 4
1.1431010811364821 1.0316645663441677 -4.197063699262731 -0.9616629580656765 4
-1.7939017788740026 -1.28318711535659 -3.9211023260575892 -4.18237308924767 4
0.536364503649427 -0.8319693310820048 -2.4324538189918847 -0.9175056449022961 4
-3.3884669517730424 4.327062267655212 -2.671374906618689 0.2792932965514989 4
3.807281735258264 3.1158379182249227 -1.3798729995445898 -4.003209164418196 4
-4.31805295951312 -3.6689313611354395 -0.2226233437464753 -1.2160015267495654 4
-3.6359587767515364 0.8308722835552714 1.0829924235042658 0.33767454640781114 4
1.1786942440062416 2.3689749871394596 2.317844039456689 -0.6287939363099426 4
2.026657113622323 2.1708712612075836 0.4738060385370788 -4.4702462445511575 4
-3.559241979774783 0.44925191337336023 -0.14162310004708256 -3.5188176878764663 4
1.9660602689179174 -2.0849303779894433 2.274704436367839 0.7517361211217741 4
-1.9831931333996944 -1.2933645152330042 -0.5690669713549233 -2.1457197271429744 4
-0.6338629879160325 -2.7300446953373294 0.45490599271963705 3.3921622519959413 4
-2.9403511926630514 -3.967595712221833 -3.598696914382537 -2.90613221634415 4
3.2763058545267474 -0.04298531229562619 -0.8605785846925381 -4.306197118997456 4
-2.119199522570911 -4.368273849246929 -4.459120267095547 -1.2573777249065934 4
1.2230424202809844 -1.732463009701333 -1.621855050673425 4.397986186376241 4
1.336974772650168 -0.11269899193674104 4.016380403330231 3.8940467207310485 4
3.98674003575607 1.1180985042477407 3.3760354350830704 4.157488204170768 4
-0.18847187147849787 4.495785005665715 4.499486273948795 2.7986063017552825 4
2.531674299312199 -3.8026733645948196 1.7940330339373658 2.445256958495298 4
-3.605062840213515 -0.2576871471788642 0.9688164198665403 3.47346027279759 4
2.076771033132133 0.5936292432535526 1.557041789952144 -1.1225199590626191 4
-2.806402525318821 -0.9273836573177829 -0.3575408376599466 -3.715370008135213 4
-3.2194692765860697 -2.950564435306904 -0.07696911609841672 -3.547688600956316 4
-3.4292728355826583 2.458701225975001 2.305004899199549 0.24005676688016708 4
1.6078730547856854 -0.38869489973328253 0.7681327909918838 0.12394782077120625 4
-4.45163007787916 1.6028453824552105 -3.9311076583725053 2.408788022967743 4
3.628955954666763 3.684249333208954 -1.982910674044503 -0.6777328971644918 4
2.5159291312447136 1.3963931231528417 3.212421487291958 3.407544713582161 4
-4.3737813756964385 2.9468937465347773 -3.6928558717600692 3.8282797388577263 4
2.8434964628736323 0.30921529106187096 2.5881933249589406 2.2475833840064343 4
3.233036442496113 3.9301495030197477 -1.2032668784401546 2.3923394379425376 4
-1.9124330126270006 -2.992031499397958 -0.5973099273163611 3.700978911606793 4
-0.16781785757203427 -2.1357787291903185 3.0686818802098474 2.0190743727830176 4
-1.4698925032486967 1.397813321325616 -0.1067554227279306 -4.136070800174968 4
0.8039163098270456 -2.2231874875174613 -0.3778596821419036 2.432665063579666 4
0.3902837143271637 -1.6741651425856858 -3.9212739378690276 0.7219108202077669 4
-4.157112368594993 2.306441367585346 -0.7581128333887991 -0.9110974219307775 4
4.224332419316971 -3.9134798655720457 3.2808603069793367 -1.8277436491636796 4
-2.43199162771908 -2.1528488159217964 4.066197582674257 -1.14427359858646 4
3.4446429828017413 -2.848914817486614 -1.255509206966492 -3.6741544125899077 4
-3.882831878911553 -1.4587112427428215 2.054361905262418 2.3946371828005644 4
1.5307426510851325 -0.6374706047418981 2.7824943352475113 3.234298192174841 4
-1.1052523293813923 -2.8064390711493767 -0.9343865794927328 -3.976365321819456 4
4.25490263301995 0.22617948769930207 2.4938084204517805 -4.3587691766757155 4
3.406707286046295 1.5272013884004227 -3.9948618073636686 -3.1058751334657257 4
-3.242110260920864 3.6468002935449215 -1.9283320615063386 -4.336901278382797 4
0.05514093533704134 -4.035116240815972 -1.15578484814024 -2.6883709500480264 4
0.2965651390472981 -2.2787731568693017 3.7855217955997285 -2.041049188349812 4
2.4859858831222095 -1.3461767092796548 0.10480684664978424 -3.232124730411131 4
-3.0349376429993935 4.206271511566142 -1.038231929114809 0.851596344782231 4
-3.2169701896824474 2.0419543655789383 1.8890828197254739 4.228152097737478 4
1.9742767748585603 3.595559276407795 0.5172796207132215 0.6431371943948995 4
-0.8212990573639206 -4.418162893597212 -2.919969359189177 2.450250181830781 4
-1.1246262035154637 -1.8723014761733532 -1.301231365031648 3.906548536409642 4
