300 60
-0.5760458807219662 -4.266663913548978 -1.675186163076828 -3.285478511258802 0
0.4469623009083823 -0.5820984664355081 1.2850083834479409 -1.4927131816995867 0
-0.7166897812125987 -1.5269866109651329 -0.6764738789751553 -1.0749034893978762 0
-2.6581622936594176 1.0734386971559733 -4.025251520424659 3.56268465707771 0
-1.8031079369292917 -2.0985545240742 2.0472720611396107 -1.583701240160349 0
1.090204494923654 0.2622788484933516 3.5882938748568396 1.5806089972168476 0
-3.288780491895598 0.12220309139171781 4.425040145243291 -0.33108334345237567 0
-2.8400412091777625 2.568016330350061 -3.5135291299750633 -3.405613409698857 0
3.185777633755399 -0.051868463562649736 2.218244464113199 0.7087293402347233 0
3.119053368217212 -3.783190706918451 -2.548714595031388 0.4283630864749671 0
0.04721481109533565 -3.912421460518097 0.2682349084986292 3.2199870021370876 0
-0.646899051623495 -3.631221759054487 -4.0223138011853115 -3.4825378176946256 0
-3.355560254688503 0.8707077808073621 -0.5165901367827771 -3.2452461606945526 0
-2.4658919945618774 -3.5374888412101533 4.39868199489388 -2.715726827228166 0
-2.5172441363649627 -1.3515634349703065 1.0766969050852908 -0.5070871439472854 0
-0.28991263875929785 -2.684310963615312 2.535069213923788 -4.026333883483785 0
1.2636605269342334 -0.15237148003423517 -1.5804444238489792 -0.2720464553240859 0
0.04713048016694221 -1.0179661399329663 -3.4772946777406664 1.27059578487308 0
2.6427370899741938 0.7200376099002598 0.30793191010182164 2.9412774931464556 0
-3.0393126134791753 1.8067711194644063 -0.5194345006896286 -1.8448127721713459 0
4.180959720803297 7.525053195067688e-05 -1.6569706978358218 -2.3791497289360275 0
3.505680575515304 -1.425477125960013 3.896867437019193 2.688413614225836 0
0.6042971486493834 -0.6520863303350095 -1.4088754997624515 -0.4514951233124245 0
-0.569274632758809 2.4890326649739025 -3.59001001461015 0.8044168001718077 0
0.3204375614789069 4.0836800425038 2.0601582761788286 -2.44842484545609 0
0.39787344133291924 -3.7611456995247767 -0.5218619836465066 1.5736284094086517 0
-1.2029183849248164 3.157654536040515 -0.5162083746477267 0.4549089673333774 0
-0.8435246125684427 -4.255178706946354 -2.7463566915850635 2.6549836292685938 0
-2.27540484902382 -3.895700663367408 -3.5134860021519123 -0.263567536417585 0
4.444668102791456 4.235222820394561 -1.8799549339818948 -3.551491222705409 0
2.7023251601932814 0.9163540926492065 3.199886819074396 -2.69823290587044 0
2.3846387440651338 -2.9769709807423985 -0.2765899538797848 1.0148303414984412 0
-1.8627909136250418 0.216601877703278 -2.073490145858779 -0.1830272592348522 0
-1.2903814698951699 -4.0888893127914 0.2742196898613761 -0.49664815525033823 0
4.348381008214915 -0.5278057258063795 -1.2315721177828078 -2.1958072519748333 0
0.036003954412373584 -1.5881281421877105 3.6555604033802984 0.08532092032185412 0
-2.1622972252757666 -1.0179910321131382 1.8120774796830208 0.3061312699052021 0
2.988152096710508 2.130723506584016 -1.9254394657045673 -0.19219744883871892 0
-1.0871048975252628 -4.382843969749044 2.9089250157689026 3.383936415297619 0
2.6766444512933423 -2.0755008216332893 3.9671587040626433 -2.5567542647136765 0
0.744163996761311 -4.2700415233527655 -1.3930602087224249 -3.4294685300010626 0
1.459818173414932 -1.0122891671404668 4.39429717551654 1.1791027349271634 0
-0.026335811389386343 -0.765847463627815 1.8438737148499509 -0.6233584026441874 0
-1.3421528882852356 0.45880114791977333 -2.3080433552987873 -1.014937933452753 0
4.2561962088734235 -3.4850140628573567 -1.9018048350237993 0.29163612680217565 0
-1.6806732441325778 -4.123820611662209 2.8459882871404343 2.986052246679877 0
2.1455978275881034 1.4176114889313958 -1.9240181248449535 -2.9017613343761726 0
-2.568278282400417 -0.749219038241966 2.0081330117225007 -0.7467613077225074 0
1.294577407333755 1.4533319404389722 -2.8624358004262427 0.9391224356625849 0
-2.9657057986460638 3.434870121736937 -3.4871807852303265 -3.6403415500803575 0
2.5020734382762146 -3.2944121264547808 -4.391539218352296 -2.636220134758388 0
3.320249637888709 2.2390009044916903 -0.18892571131505054 -3.0392135998451733 0
2.687270886891728 0.39010707525512445 -3.881812004069529 -0.06739664191148564 0
-2.5124587644468432 3.766127819306405 3.6283090621155796 -4.396491947704103 0
0.8287611989973871 -1.3838588149036821 -2.4472962625054917 3.611881009858458 0
-2.125993236479822 3.725239294486188 1.2081489825952607 2.9742574607224643 0
-0.7223808482386136 0.36172364100417775 3.6837852169162177 -2.5312787568201873 0
0.9759794202454466 2.9362484559074216 2.1558116271583208 -2.1508521371678304 0
1.112068661059177 -2.9095905457401656 3.9458792372413787 4.114345686026524 0
0.8213161738819126 -0.09660449704626772 -3.058088415076285 2.810286747364229 0
0.43117002081338995 1.7956855781149332 -4.0758329049386814 0.8946007011464333 1
-2.2876995248628234 -2.820355689721678 -0.1626399608304887 0.8962129054135827 1
-3.50475166983455 -2.033466727175517 2.3392673392356476 3.3302319918371746 1
-4.4077496454036815 1.1642375054662397 0.027192698500435375 -3.837051025866702 1
-1.8434492530223179 -2.8144210976829203 3.7238758772130605 -3.9529635434590933 1
-3.6424075296527665 -1.9461977328127082 2.6502414884585708 -3.408850856754946 1
-2.565680542823743 -1.929566394801879 3.623687283410871 1.2099415200957782 1
-0.25731128277288895 0.44547138979567225 -1.7084254607998615 3.2863003999025793 1
3.106018040172314 4.396587307057479 -2.8764848193725276 -2.5598858659436794 1
-4.060187223935838 -2.4109357370745244 -1.5669823522316904 -0.7754845387300932 1
1.2898028452341168 -3.0468009339749096 -2.531954147372476 3.7773934875705235 1
3.3313130403210134 -2.5433781632547667 -0.5362897404476745 4.0664335322729634 1
2.1757953499510405 1.37718461907991 -2.2207415422990127 -0.2830260053276068 1
2.6899696035416665 -4.218771939612646 2.7144160279572973 4.404016661098565 1
-2.4338337413008935 1.8416474920841326 -0.45232074024804647 -0.26991369754709715 1
-3.7119374189898946 -4.224694651251126 3.9660206207824427 -0.6101731324806564 1
-1.2857855967039535 0.8080379232458742 -0.5359969174359842 4.078334850984236 1
-4.029995453542558 -3.9090270041426023 -0.028008021432052166 -3.3639061659536837 1
-4.108489325462559 -0.9436431737924658 3.9731083817683497 0.013282121520461376 1
1.5158434141445196 -2.7177559936544737 -1.2536433576851633 3.6062816118719185 1
3.3863980653374317 -0.6084981409963736 -4.345733140395218 4.028624709245058 1
1.076773173389682 -1.8861593135851047 -3.712441996355885 -3.8205026031388134 1
1.0372911611784863 4.0829396614409035 3.9803336337730513 -0.19830590034899354 1
-0.46786755128319324 -2.6365514557201717 -2.882648615678099 4.3403819796192185 1
-0.6716943728515218 -0.4988316171261805 -1.4830551674531929 3.972054113522556 1
0.06855738004765244 0.23159924829862133 -0.3645792294175775 -1.188600174123073 1
-4.118137273057085 -3.02022822446892 0.660021831340021 3.694697020838326 1
-0.44795538344364083 1.8717405355702872 4.320775648561793 1.7615425292756004 1
2.4982911747498022 2.493926995226802 -1.1852481229256822 3.2723476259672046 1
0.025008772582992944 4.110728339765228 3.8188749249110643 0.38630617509456944 1
-1.5131365871411173 -0.16687653888570098 1.9039572433397702 3.343490126366198 1
2.235365994069327 3.220555665955625 1.660331971372866 1.3538909702720203 1
-0.7698595038037964 3.1381606284059105 -1.0735454555026593 0.90368594545653 1
-0.49886152424361707 1.9417237585771883 -2.311359575097749 -3.4210741767906274 1
-4.423964727790622 -4.273187186963259 -2.173207996861086 -0.48386497320119326 1
3.9640544418787966 -3.5807584659192586 -1.3989239861271634 1.8177960657211136 1
1.457710113957369 -1.9506713056099128 -1.0572498014750784 0.043754445795174846 1
-2.6924189060209915 -1.0049923609671678 -1.882297988510854 -3.698764271563393 1
3.833114368576493 0.6324678877564717 1.9511586167370853 -2.4830061469300335 1
3.7504315076209425 1.8203781673775246 -0.31102726925372415 0.8456045781372274 1
0.010948065183782552 0.054781501613749506 1.5536015269079693 -0.7673122422558878 1
-2.5306129230356453 -4.458028295384551 -1.9880992922049983 3.5350037945622943 1
-0.7394738039755578 0.5703849930513161 1.298468829668015 -2.2677468082273493 1
3.3890568158099437 1.598263562051185 2.4128436039568038 0.3312812253690792 1
3.0809974149312414 3.8354515823242794 -0.7220793587045345 -3.6234819066605035 1
3.9700428627026003 2.844172367319546 -2.500546705024919 -3.551179875555124 1
-3.3174485506850058 -1.380329865087624 1.7750645548614161 2.2286775380798085 1
-2.6234775492702975 3.306433834408711 -0.5782792860587683 -4.011349596433986 1
2.630971973756321 -1.3589852338452653 -2.970571188428166 4.004152125735653 1
0.6222647885007188 2.746183862301314 3.5272401996101816 -0.9156590768483154 1
2.998451202605786 -2.647856907449352 -3.2270786632778523 -0.5087471638207082 1
2.0761218047350405 2.7307274774350407 -0.5982931877499886 -4.324151311457029 1
-4.111838672819736 -3.535313361915781 1.9709246175916473 1.4169417638532624 1
-0.5842471512705513 -2.512069003253303 0.7792603694283531 2.762484236123201 1
3.4255985954911266 1.9771878395197016 2.8873588435275748 -2.5726778791191935 1
1.9170656419228291 2.4287369129343177 -3.8676809384703468 -1.1810174241529177 1
-1.523276764475357 -2.4425077335021097 3.431652232036702 2.4796910856770245 1
1.1370956328092374 -0.7696867542714975 -2.201676278345374 2.1010677563791234 1
3.9310296501076736 1.2820717701251303 0.5999712470765497 -2.011548347146174 1
-1.0178969128886863 3.196076947237715 1.9858259118747636 -1.9480800270737868 1
-1.0728667465541275 -2.895211550000518 -1.4258731201267967 -2.678180008635008 2
2.5349348309947324 -0.25012271325778734 0.5207490793469145 -0.4649072355995606 2
-2.164676360361506 1.7315932129310792 1.1907982785056703 -4.405390314349597 2
4.324365710989007 -2.2837176992898915 -0.8483916013296413 -4.162037199199305 2
2.6121942233464073 2.3610171980165298 -1.7545227483208503 -3.72360205242789 2
-3.419641870403274 3.0501233510310057 0.40985532024658844 3.7840190454138996 2
-0.3443498571912149 -3.3679675570222116 3.1891921680774145 -0.07869305418577421 2
0.327091257864617 -1.8313852428483388 -1.4023344006024399 -4.480118640478438 2
-2.9184822606894247 -3.7868564636928035 1.3014931329747608 -1.60175095317196 2
-2.7099081735345076 -0.6337024284922761 -0.9809823398180381 1.099667216211868 2
1.2763058726594847 -3.713587390891832 -2.839461618877287 0.5501852744773761 2
1.9415752899386869 -3.5842967013295617 -0.4523495012172847 -1.1110793849702156 2
-2.919608361820603 1.9198940594166953 3.039964321954069 2.0798584363718513 2
3.4673730696944025 4.3482452493876504 -3.0767445376425373 3.7046527582789346 2
1.3761625563109305 -0.20037282294262138 -4.482684517803887 -2.3113577117454436 2
-3.70991200603505 0.5305571522754904 -3.266363757988477 -1.4276421776107329 2
-2.869647935322182 0.1296185442409855 -3.1680976314636244 -1.9694388375117517 2
0.9803713404095241 2.998912411103438 -0.8959121454711377 -0.2395263910650166 2
-1.5862447596946816 4.399758839877359 -2.0713606305373853 -3.888196550757806 2
4.454552339710139 2.9353573749581705 0.3650306692835309 1.2004617211585464 2
1.74737290882665 2.10302818287279 1.4035254006795626 -4.24189122854931 2
3.3774192882419634 4.063591335111591 -3.5472361417604765 1.514371541924446 2
3.170366339377961 1.2684477580097782 -3.576869639898801 -3.9006840484542344 2
-3.8385145375700707 1.1104624286625477 -0.43481973461779466 -1.2173267315662297 2
-1.3210749739303331 -3.0169923909813328 1.5600862454704914 -4.13719793565881 2
3.5384956791033906 2.9240143308601145 -2.472193976522673 -1.933332115586273 2
0.23974581467549994 -0.3289566946178478 -1.5725869892944528 -4.428594563975494 2
-0.0962884068558697 -2.153519822524932 0.4579457641655673 -4.3829823801701515 2
-0.8762586918016735 -0.5699710824567302 -1.7949290531091275 3.688434864420894 2
-4.3644947917646695 3.536152947708442 -3.0762428387568805 1.2452574381620956 2
-4.237656139372394 -1.1439640438944645 -0.39114077882031173 3.824424530019731 2
-3.6371401677650503 -2.7273211168496534 -0.5337483812614673 -2.676145447766559 2
3.981785511574288 -1.1585594549889326 4.460913335743492 2.015491112098531 2
2.0610072163932927 -3.3645590223388067 -3.3329686677361523 0.25385879414812906 2
-2.238453704635116 3.4311176740910834 -1.743712083124838 3.4371973187629545 2
3.6296653544011392 -1.911282676057008 -3.051409773489676 1.2950424068038822 2
4.204018183610667 1.5128940206267187 4.1182351393791246 3.6794589552517474 2
0.02706096180893891 -1.0979783221630006 3.6044241776884314 1.4722997545649918 2
-1.463685351331875 4.06809634574701 -1.772583947153545 -3.8258712987490346 2
1.740004457303006 0.30691530066003514 -2.95329292244599 3.5423414363571544 2
-4.108592718573503 -2.272042119397135 1.8711844855878355 -3.5607699789410345 2
3.988536504004874 0.5117414961892797 4.248301299538 0.08903220112743904 2
-1.2823359088029114 -4.414946632758906 -2.9537550447580014 -0.18356189194968842 2
-2.2180655949756933 -2.211959788645169 -0.9073600442322369 -2.5750803649100478 2
-2.9638302656937654 -1.3951803629052792 1.1964328329922091 0.23484480445324596 2
-2.6761585378704855 -3.9338861383724306 -2.032942606160892 2.724950325734164 2
-3.6183564370236727 -0.029452479172964008 0.34928143601664663 -1.445080113653611 2
-3.873054686287991 3.916382070163395 -3.0796804199877035 -0.004883104380091985 2
-2.6451212834647473 -0.3220888503685807 -3.114329486449253 3.74017617605792 2
-0.7679856860402678 -1.8779605341031593 -0.045709101857748125 3.714577292467747 2
-1.5882433666196023 -2.595621749254742 -1.6211165581999807 -0.3577051204589141 2
-1.9775854100682113 -3.4460546787306936 0.1922897971668005 3.5850956823883404 2
1.7032668729978961 1.3007357043701164 -3.357463893048207 -0.9123793570356952 2
-1.6962353699131385 3.422690605417471 -3.740668938864208 3.7290344641137367 2
-1.0226184741489521 0.9998037028698169 2.8490028431820873 -0.8949340013921842 2
0.20852393557675664 -1.5744887675088308 1.519557618288373 0.38734866774209564 2
3.868113807586464 3.1338126809667344 1.0060590140984327 3.169650386623156 2
3.0701065321791714 4.088597729006949 4.37830758711527 -3.7719919039271588 2
-4.477658163587131 -0.07092809792435706 0.6110096275063601 3.6292947435429936 2
3.9412180715814333 -3.290159161591749 -0.931315847411547 -2.208361407924675 2
-2.2950527542724726 0.04555728519426949 -3.319364730347034 1.1269842474385798 3
1.6057935883969439 -1.5051603814474572 -2.600813614807076 -1.0949699087922897 3
-1.7427179556899348 2.4821812009939404 -0.8887609824072407 1.1200259732714857 3
-4.204314555943972 2.5721807626955613 4.097386130518216 4.397151256112673 3
-0.6431374668581165 1.1610851145170433 -1.8095929473378174 -2.1193596347705705 3
1.8495272241611975 -3.613782335207241 1.9823215484808254 1.7063954353447293 3
3.6346154838739793 2.9008122175597126 -2.0577965488909142 4.013794300850498 3
-1.1215670647162514 -2.746851043537267 2.712376704642958 -2.7123654213047996 3
-3.9347510574974454 -1.7225196647380674 -0.03104211882594421 -3.6693398873125913 3
1.9187276454185043 2.818635445619037 0.22455340114630085 0.6247029886230339 3
-1.5607052890448447 -2.517391020529611 -2.867980330629152 -3.828798818275123 3
-1.5534523471811326 4.179301526751736 -2.8792806787155945 -0.10975575501420476 3
-3.635183698406722 -3.040348971204549 -3.9965990334501105 -2.933673032047067 3
1.7481520705748443 -3.2421285085701093 -2.7530103508309343 -0.63806535176698 3
-2.1003669663318485 2.728582852122691 0.32593987785541956 -1.1923541247816907 3
-1.7944939452747035 0.8731489398412929 1.3085451982169203 3.8884554047096302 3
0.6553105898882108 -2.1110087557919783 -2.403695658954012 4.410182541975288 3
-2.2613913999663273 -1.8929205840418537 -1.4969540731874469 0.8865420460448661 3
3.3834606518162813 -4.331176679063117 -1.2697187971311663 1.6235233542356249 3
-3.675272290989274 -1.429110367611731 3.178798308555658 2.6355827529307194 3
-2.5172851039231414 0.5657165902414816 1.096583348058528 0.590211148545915 3
0.35514985116894005 -0.041741974761068334 -3.125961341092929 2.820931641433956 3
-1.7932223699698127 0.10303852804382863 4.351157819454168 1.2021763533943146 3
2.5760566507639813 2.8125502334299215 0.7329377617961382 -3.1626783185318654 3
0.29556798746261914 2.7570169296946534 -2.0099392528458626 -1.2552956994134146 3
-4.191520683513193 -3.113404911904411 -2.77460965141497 4.41354355650559 3
2.233665249018083 -1.0361709249994537 3.809421264304711 -1.1513216799701396 3
-1.638913588241907 0.6480793167028722 -3.193599325522053 -0.9398385767361362 3
-1.1482153637725883 3.685769189923159 -3.0212597489131374 0.34397095613893425 3
-1.017258974793286 3.0262427587554717 -2.8948114353661665 -4.058600878220317 3
0.9158734808479897 3.708168996980692 1.029052986893908 -1.0709506340417247 3
-0.14351783080792402 4.1266265993611535 1.651274032685449 0.20252902159867792 3
0.6903869440765612 -4.250301318125212 1.1486796608042429 -1.6335673928321468 3
2.149837642959042 3.2526071692409775 0.7400491578274114 -0.04884307022855161 3
-3.6130499153689426 4.170987367601156 0.8488530750769445 -4.4308468616023395 3
0.570834324914735 2.166317198439468 4.184081204717033 -2.384032105624834 3
-2.4839881378856803 3.9706424611872433 -3.809829400359016 -1.8465979383186115 3
1.289956133662853 0.3898677413970545 1.7364118240325586 3.894601248513541 3
4.152511774581058 0.5127185939999263 3.0973584700717067 -1.559757377319134 3
0.2850155275098185 -4.097097341522776 2.9895382942462096 -4.010437468037649 3
0.41750072967862084 2.199248003955981 -3.664525826360847 -2.822872228772656 3
-1.1843709297118896 1.613934122230987 2.589897110524361 2.0181943417352843 3
0.5769703069556947 -2.6282248525527514 -3.319759445520294 1.8731577597354483 3
0.42132530809417956 -0.2161013320867088 2.3560036290314064 -2.7822559294163938 3
-1.4605234136445877 1.4637168057139311 1.5362745654962424 -0.8495948958929533 3
-3.949616082660024 -1.1450571694269556 -3.839328164587684 0.15709059251118906 3
-0.5930158780308061 4.264808593114566 -0.0668951930172218 3.4371782778267237 3
1.7837941911331778 1.1320975811649934 0.5417255192489736 3.0622385870614455 3
-3.0964993878508706 -0.5841681624840147 -0.42069059571828493 1.9398561737228095 3
-1.158884109950612 3.96357795166152 4.2287759917191625 -4.309960124854786 3
-0.42464131936130833 3.195899882302024 -0.4382416248827856 -0.6313115150555652 3
1.3825066627170552 3.4135825987543895 2.5206299233018217 -4.3331535106124095 3
-4.469980996808305 3.823094126490461 0.7186757120143025 -1.9905811506225235 3
4.061643788518286 -3.1055803497598315 -0.2107932977550231 1.9552898164025305 3
-3.9086039154691643 -1.6444497825805744 1.1690643657948954 -2.284232318901591 3
0.7699990488982071 0.2171821054039531 -2.651345885391023 3.1559076253090934 3
-0.583896431293451 3.714094372627887 0.06781913388933747 4.316039585296203 3
0.6297898679329519 3.907230738248532 1.4716864534945349 -2.4689555867644124 3
0.6853891865046197 -2.8333782526542057 -2.975749492253332 -1.5816382225811667 3
4.3387083799801935 4.486529343699933 2.3731654873558683 -0.3576739325219921 3
-0.48178702499803605 2.361875024724481 0.6113581532548965 0.8568524543749272 4
1.2290707636612346 -2.8328042257821164 -2.9289265750463978 -1.4114772188952818 4
0.7128176406141249 1.3881774116797523 -1.849466855851928 3.926527744993955 4
0.8436633317605439 0.37328975094150463 -4.432007013507811 4.105609174965889 4
0.8269116168220528 1.8809205506422009 -3.229361547005305 0.3971909688526163 4
2.4388017629518 -3.698548233320211 -2.1369881138780196 -1.7602503361583781 4
3.7214594137195185 -0.4533749544802905 2.3639834628735823 1.7195007556713104 4
1.7695900423007522 -1.0112485574995251 2.3885649624232337 -2.798578969130414 4
-4.040485661207159 1.4727713185732636 -2.6751520069264147 2.3194258010860396 4
-1.2090549226602096 0.47501964118300133 -3.408432143435662 3.664802650525705 4
-2.1006914349844994 -2.6651152739528463 3.8135508169940437 0.0463011209672356 4
-1.834155415687229 3.0768086933279966 1.8296473834835965 -1.489610956394631 4
3.8161367250655718 4.307252288402728 1.2309503452006707 -4.274812619783915 4
-0.771021473703996 2.458679124871898 -2.5264725174672393 -0.4166238123792019 4
-2.9875219146856313 2.1983030204074083 -0.08803449713013745 4.371588367979527 4
-0.6821431338047351 3.096828802519891 4.490112888943912 -3.3921238849653834 4
-2.7268176684624494 2.8702398725305986 -2.0146031759159158 -3.756727486854778 4
-3.8490720919783956 3.114969405769535 -1.4272477320331394 4.040261994253225 4
-0.6871595720553606 -3.2333278012468476 0.628043465702184 -4.140418309416505 4
-1.7467456419292153 1.8842574013544162 0.18567957445086347 3.897875783193954 4
-0.4834352929156933 -2.4006207705970377 4.2551443573778345 3.706725816013047 4
-2.3511105439518003 1.7385592770267944 2.3333648026184064 -2.2359244659545716 4
1.3299253010490784 -3.924674135280047 3.6050007346366164 -1.8254628549193725 4
2.8126592948004103 -3.2383423514935137 3.3986597570671595 -4.127417952836806 4
-2.334921800295936 -4.374865573337844 -3.992299611214927 2.728430881175096 4
0.05629351805400418 3.158388439459247 -3.539622349263562 -0.5471352690723577 4
3.8676337572515997 -0.3302120300115339 -1.4116001719523665 -1.998832285290387 4
-3.575256520616147 -0.23125395820725514 -1.2415387043241446 -0.12904381941119236 4
-1.8858755604323991 -1.715424475155861 3.027885140274763 1.054653410313806 4
-2.313368189064613 4.083223940219119 3.6663143953667863 3.030385895788401 4
-0.9233070365301351 -4.467839098814378 -3.1848202634589238 -0.6951211650510901 4
-0.04264053787010402 1.8017797243297646 0.29711811271863786 -2.1981800520114465 4
2.837432846113826 2.280481464078748 0.5965761070454987 4.267987777924722 4
1.8194603935478266 -2.7171393466550957 -2.4730162123337305 2.561065014744613 4
-1.3490516031651396 -0.36475143577849256 4.454539037149125 -2.213489716974906 4
-3.267338863619191 -0.6536027752384094 3.204553445260893 -2.9348815139629325 4
-3.5866065910853577 -3.714699463145074 3.7980697419487925 -1.7620755723312074 4
3.0256715492814266 -2.9794719742385483 -1.9979070935271017 3.6426144792834476 4
-0.24418429118797091 1.1242115834483273 -1.8794970868847578 -2.501140685286735 4
3.9507199557342356 -1.7430909704787598 -1.7159795159198408 1.5611842568868637 4
-2.8699069651597773 3.378792089036221 -4.305433891333166 -3.115652521285578 4
-1.7677278202584716 -2.0011223467125907 -3.5016197292544073 0.20992653203097544 4
-3.148848932760932 -0.49786359981966355 -4.038421948226335 3.7858404455312216 4
-2.4167274669328402 -1.2702456292956148 -0.2851927987008509 1.0369267047536819 4
-1.4971808090232717 1.123988128045378 -2.6939177724018415 1.7626899705724466 4
-0.48868022621884566 1.601490991311527 -4.284188260701825 -3.793396183356988 4
-1.7922881789031417 -1.5985638354004161 3.7136329404305184 -2.564553798210956 4
4.484515771545915 -2.3555348296270884 -0.08708553623475856 0.20802487868052744 4
2.365753309141527 1.7962801474802683 -2.8316800361328656 0.8054749243053475 4
1.3305658603780097 -3.4059456067348104 -2.148482820376132 1.4015246764521405 4
-4.449849144601808 2.2099793249830704 -2.1848702724342113 -0.607481733563017 4
-3.7527435099686954 -2.315527916907791 0.006837690837986243 -4.325525264431372 4
4.40304868586047 4.195027578474562 -3.5221198875217956 -3.7040222793088677 4
3.791922748362839 0.7493803149110295 -0.4466711459871747 0.3377089382736683 4
-0.39391166965581026 -0.33896158189453474 4.290959418699743 -1.3954919488545252 4
-1.4423476657511365 4.206179719485504 -2.8903019212296894 4.204735316824694 4
2.843815937152384 4.42732713669911 0.3204125173875072 4.163906554969611 4
-1.7920645795530983 0.7186565282083437 -1.3346178974362841 -3.829831448251354 4
1.6386107504022087 -1.0473376091112767 -0.4139210045264269 4.310155578440305 4
0.7576020011157003 -2.7313450352480575 -3.8561221140552533 -0.2176071200997335 4
