300 60
4.140155730023267 1.7956084495461844 1.7348402139345036 -1.2800259380866927 0
4.4988056336149125 -2.519394301954334 -3.8826587199022544 -2.1864665397733365 0
-1.250492814323478 2.1585689118849336 -0.08654071204029112 -0.6579778590516524 0
4.468101525801873 -1.6528771998845246 -2.7200985081462377 -1.0019092985054585 0
-3.2710987815882784 -1.044179908635599 2.0672300434770716 4.145305881153271 0
-1.615326447913262 -1.202267222248364 2.0381212994109665 -2.6223306053284094 0
1.886864063293147 3.6012818747103617 -2.5613673052037065 -0.5442499409276184 0
0.3070389527794848 -2.2743561158104937 -1.6715390436585653 -3.8456737974623625 0
1.5462590631936775 0.5555619658182387 0.5138752277403758 -4.009691184073863 0
0.383038890385588 3.5410284332541067 1.405360099604377 -4.480576818533156 0
3.0850159460853868 -1.7458866904533932 1.1918524534426793 2.910152565264335 0
1.18052799709676 1.622149744015396 -0.5727891240609092 -0.936917632108534 0
4.233848043557885 3.542104367286851 2.891591408248911 -2.797767390688068 0
3.981832752247025 1.2800293310051498 0.907979015963248 3.2521835974088096 0
1.031828704578758 -2.450850710418217 -3.8693261086895783 2.6046255646055374 0
-0.12571317930264536 2.76497369449572 3.064592809082697 -1.2710371156236278 0
3.097981381701267 0.31212779606961527 -0.8235538832154577 1.1374490373070572 0
2.32018244868996 -0.0029080250654451856 1.252546226907305 -4.043786406159159 0
3.152951069354658 1.0772709782046463 4.339818089590177 0.7291736299571936 0
3.2545276114510244 -2.414725230158997 4.281471054445532 2.496952467309546 0
-0.8800342687730599 1.1193755594389692 0.06011397524196771 3.4423938308063162 0
-3.2126696470448834 -3.3948136476604867 2.13148822741985 -1.8317233098217562 0
-0.7485308031374812 0.5119468384676397 3.6504108256094985 1.1936950037729364 0
3.972772578954802 -0.8166687974709251 -0.4842402641227216 -1.3944185545312737 0
2.130763044446462 4.459056069296242 -0.3166458223056666 0.5500529832423725 0
3.7499791428987086 -4.481790546653476 -0.006268514994695384 -2.0003235202026506 0
4.241985239063608 3.5014335902885145 -1.8289429096746637 1.3570337313281378 0
1.79539745613471 -3.6222779830686633 2.3316554169701917 -3.710103568143099 0
0.6608613502656122 2.8803340469708614 -1.735972983233656 4.3370964827740295 0
0.5480194558103497 -1.3431378535160257 3.935945243174946 0.041020188263486745 0
0.3914978048446933 3.4163018254090876 4.436202380906982 4.465677620696889 0
-3.473130916150321 -4.217050751007285 0.2754050309057806 1.6215332693050493 0
4.07529054335733 -1.9013087307593541 2.192838362409356 -0.0641400196882026 0
-0.5224574620347775 -2.1688062096471152 -0.9109532266982172 2.6548603815047094 0
0.872022993543983 1.397574413795787 4.1398135636663635 0.9326171730580951 0
-2.018740854188122 3.2217521214520755 -4.070494757881784 -3.512194164230144 0
3.498517317454636 -1.93445468041214 1.1774229857589447 1.8472889032932454 0
1.4360437719819281 4.249082334301414 4.069960491923763 -0.9880937266838219 0
2.671867013007128 -2.884820389409015 -0.9978028815378434 -3.4437223475932974 0
2.562056800988869 4.231150997181443 -0.6219690302301735 3.500613094355004 0
-1.2346940791285101 -3.709025417159144 2.932430385557641 1.220250618963382 0
-1.4054991864360118 0.6399868112199391 1.8562295022563489 -0.5972996051447147 0
-3.0103858578571256 1.1845434496780036 -0.547178835633872 -1.3047805560912407 0
-3.909910182310385 3.715867720844848 1.7605566869430653 1.8483986400774524 0
-3.702114186959209 -2.7055108952835547 -1.7700924291348208 -0.738841872989095 0
-0.25242571844205886 -0.5310253782203597 1.5316329824044834 3.6318684188319645 0
2.3899628401977115 -4.385308196998192 0.8986777678889671 -3.5792361614324224 0
1.6259666775383597 -2.0195762406881563 -2.175110351595448 1.5026680858710937 0
0.935818391320573 0.41375561568561625 0.5592249010368379 -2.4723373373246114 0
-2.6118917050429546 -3.274895216879269 2.634948750055739 -3.704695540573129 0
2.422463525583504 -0.22874172673042237 3.5266018579352645 3.962181790038954 0
0.17201851873029395 3.9977374121938385 0.7336398637024159 0.1988667311403829 0
1.291728257179538 -0.5557466453677578 2.3079629640030808 -0.6543159350259686 0
-0.32591063154833144 -2.260516915539573 2.8995526026723253 2.9542446429216835 0
-2.1891656743919654 -4.293053417582051 2.7502440469504177 1.8940270581988154 0
3.8916457831683413 -0.9696689429889109 -4.3281040729389595 1.4950633436154677 0
1.3345863585951334 -1.2893442681615537 1.514084540487571 -4.013459764060649 0
-3.5060364159710993 -0.4629761942244418 -2.2090427410513462 0.16755633318153673 0
-0.27968547184247583 -3.9766871529543657 0.45004821639388193 2.2310919110321557 0
2.849433322916607 -1.8959287122084731 1.13882199748765 -2.7358471965616102 0
1.359822137528258 -3.1166494449564 3.0873930313295257 3.9357532428258395 1
0.2544396637384806 1.6393364912368902 -0.9664493933097195 -1.9566838337304349 1
1.9061965203538098 2.1835501482588446 3.563333994328386 -0.384646134669846 1
0.708609312586332 -1.075502408584969 0.581058458810086 3.506358379061756 1
2.38544658675413 -4.038873954307013 -3.019842292727782 3.1837260518776658 1
3.7110267778849164 -0.5666129487623013 1.0007462488844272 2.937590299705075 1
1.2235633129047119 2.8927871425841083 -0.9862453693150218 4.262176287881509 1
-2.9141080778141175 0.4661234917698184 3.433623603542099 -1.0035591125688783 1
0.4356594497904245 3.782952714580367 3.721525217968643 -3.0741794789288113 1
2.9995820778454005 1.4401711787404416 -1.7651236646547317 3.943279656210824 1
1.7072882773956986 -1.9237881479793564 0.7298557497315441 -2.5465758135477587 1
3.6168199028614394 -4.002985348903397 -2.0755215103969293 1.6499145139571247 1
-0.7101347955210262 2.582060278979292 4.496748057703261 -2.284274310644243 1
3.8455546333351207 -3.0830333634259524 0.16834534276723734 -1.1948346444878313 1
0.527258631722034 -0.43945418749681553 4.067772575169994 -1.8948777250163042 1
2.240868241255235 3.0532828824589444 -3.221651749917062 3.733690527675184 1
-4.089828358513927 0.05078755577733873 2.551530198301783 1.055522902577127 1
0.7993332696858269 -3.944085163607385 -1.7323835824167184 -2.7550067772610443 1
-4.275699134276996 0.8333058709186977 0.6658847821267494 -2.479067869306828 1
2.154400100234384 -4.4128444530901 -3.819625990375175 -1.4693375134317814 1
4.340636968413496 -4.086957576055801 -1.7667127387130996 0.07384205297774693 1
0.6012457434275515 -3.604929297597095 3.392554340583205 2.375354096240015 1
-1.3469672387743121 -0.9498288371112832 1.4472822352040648 0.9603110144625931 1
-1.0144542219242942 -0.8757074483929729 -3.4038300194795 4.376622512602369 1
3.8692453106481337 3.9792392112046286 -2.6788968305819783 2.374025074471577 1
-2.8778364550531914 2.0746179756771777 -1.3418553588703392 4.448895261853602 1
1.621631249331842 3.4550854676458513 2.5471927907165264 -0.9693484977256166 1
0.7278755867831284 1.7889704023346609 0.3954262713624639 -1.415188518620131 1
-2.238437548678929 2.816266837081914 -2.9234257633987353 3.3693569795600418 1
0.5661742761122903 -1.7075559257152348 -0.6037616750038751 -0.4536918453418409 1
-1.1282892579125041 2.896346716793436 0.645064428642462 0.4307251414455193 1
3.64832627055504 3.7641483061944405 3.190731910492895 1.785679713074926 1
-2.4349448193529932 -3.152880843172908 -1.3799391346125427 -2.948856780827639 1
2.382119920227951 -1.5305035138675316 -1.2450180017974715 4.320769570772392 1
3.7970394631460715 -0.9021785759619546 -2.8236529515599575 -1.494299490623878 1
-2.897869882886283 -3.617653641110442 1.7225687621201593 -1.7908293173260141 1
-3.3868012463788437 1.157913102732178 2.409396321734353 1.9664974755348303 1
-0.21907429708946657 1.8206015685653472 3.646318270682405 4.433821541170282 1
-3.579634850943738 -3.6659056163027524 1.8885335039294846 1.3798202195813378 1
2.0253337139815972 -1.1596802869558385 2.6271392972639793 -1.6113458983992937 1
-1.9224502224558802 3.414840462110978 4.320385971572932 -4.422960174597522 1
-4.188631200500955 -4.336153328050336 0.34885941011158217 -3.93279972120257 1
-1.640559196800987 -1.1238451888458874 1.2732215813069292 2.4926949372292557 1
4.472210644157979 2.8354694667540983 3.2587980553705105 -0.5201499999473844 1
1.2735317430598871 -3.117683665974747 3.395425743534377 3.4836809873981527 1
2.0975322966965373 -1.9134616668310247 3.4445133185188794 -2.9979804693755274 1
-1.1778042922224388 -4.349414256556445 -2.2433034803935943 1.4952881090547274 1
3.176875788290567 -1.7145813719903789 -1.7400048833899786 -0.1391669557490801 1
0.5663438704644441 -3.6816063717620624 -0.6244519076032665 -2.612846394625643 1
2.6334142309493975 -4.237114596139955 2.1064726587944875 -1.8647209343631288 1
-3.9984598665551383 1.983148517894635 -1.4452959752455534 2.7529867159850117 1
-4.219473949003603 -0.15659140915979552 2.5283983699431247 -0.05099357180431063 1
1.9037669068480043 -0.17545713196568835 -0.10781042555765497 2.647108932130523 1
2.7091446879896437 0.4398672534024626 1.37402469225915 3.62095716463114 1
0.9261354030364803 2.333512546828981 0.5196243261422453 0.688606052546216 1
-4.395941740051684 3.8591824005435766 -4.442670097620184 3.1332135716523357 1
1.0665861936560361 2.708388236948127 4.273732793033006 0.3137744484645759 1
-4.392425581728421 0.5703801944244742 -4.476724028538933 1.246571111591407 1
-2.6480557395982487 -2.063328224837461 3.600163964596907 2.64402470409216 1
-1.0698858861585572 4.492362041703479 -2.3923079663490645 -1.6256984978772666 1
4.411131951213534 2.3746880628063423 3.3563686890792748 -2.2543526631354505 2
-3.8534978796439896 4.266251264154959 -1.2370724310630297 -1.8548957518192952 2
4.369785232345007 -2.3382516201294514 -2.686332040676475 -0.6325270046423622 2
0.009150311489177443 1.7607376692696175 1.451291699439781 2.5499511915798583 2
-2.1133127447856968 4.188957170283454 -3.5461501966934295 3.9018858354427337 2
3.5873602307865804 0.22935892351260456 -2.44167063781196 2.2976299184336995 2
0.06768054061811202 -0.5523004512420568 -1.6079048988855944 -2.53386871362703 2
-4.409423049338686 3.169381884796329 -3.928653912737699 2.3542274197541015 2
1.631050138740561 4.096281406175713 -3.3941442941032665 1.4927190582429617 2
-2.2822049501160784 -3.2523043986428095 -4.340962412268912 2.2384547979455034 2
1.596462749077083 1.2195302948148843 1.0504988548305692 3.6786692669245937 2
1.021619564689963 3.8226843104324852 -0.6323624680196087 3.7060929986006395 2
-3.9618249555507803 1.9962344928649354 2.3898384070373373 2.1590337597190037 2
4.263687954586067 -3.915517491801698 -1.5223929330484276 1.7982641337072995 2
0.8456667197046223 -3.075161992978971 -2.2370897885700267 4.090032570581349 2
4.4520457268041405 3.2506315763197864 3.53885365469747 -3.585208634068898 2
-1.214791650530447 4.45554344653897 -1.0576362944350215 -1.9516139667246664 2
-1.5878752847744417 -0.7176800934420665 -3.937127061044162 4.421319688746064 2
-4.06541655085243 -1.1937316293853752 -0.5164766748033642 2.940494490953389 2
-3.003600959493353 -3.059595387850529 0.7979593216074526 3.1075307687759794 2
-1.113967550249677 -2.4636423703128587 2.1796266406527622 1.5227086351492711 2
-1.8670185695259187 -0.7325476865608217 -3.848642024081251 3.51520354796771 2
2.7526687728144363 -4.401047307219715 -1.19865455113206 -3.7777098265766558 2
-3.153506058116869 4.304443050680476 -2.698326488882175 3.727672685794591 2
-4.13144449579423 -4.498031648048202 2.4051634905482127 2.671389161560617 2
3.314760113124372 -3.5394449183409256 -1.169101050041371 4.388475633919195 2
3.4654909490591934 1.3740889129190408 1.564051220789509 -1.9221854870068715 2
-2.9644980420671767 -4.353969521990543 -0.10537607993139819 -2.1170149425469917 2
-3.2018688444508783 -2.9645085168165526 3.4914360018941633 -0.4513215581939669 2
3.535736815470119 -2.699789386531326 -3.8633877556325382 -3.6826194226533735 2
-0.2955556895264997 -3.105701804980724 1.0016682350531707 3.400075969868146 2
-2.7798442947630413 -1.322068788375884 -3.758896686203207 -2.9151703156109554 2
-3.346939500539568 -0.8752062734799727 0.6109410608998116 2.9204038905440415 2
3.157704363464127 -1.9924862873135503 -1.3198178167925096 -2.3644014628097945 2
-0.675869156906907 2.0021969446971215 1.6656209020893098 2.877123522862835 2
1.4067709980620933 -1.6264925382533724 2.8668174634685712 1.5231552277257379 2
-3.656199422536269 -4.202674781494551 3.753424053626303 -2.513019068909415 2
0.8217406706173593 -3.1647472726886408 -3.405088355661324 -3.7860298905027134 2
-2.0581774871459695 4.342284923155756 4.361428934420797 1.5753109823454874 2
2.9571792985031 4.401835917041888 4.493875558379264 3.9430688897561446 2
4.437576870662338 0.565624400611105 -2.777363568875292 0.6455006927277873 2
-2.6909130304979745 -0.6636035895362331 0.9598873536594927 0.4858484943775757 2
-1.451625508289428 3.6859405448592604 -1.4529676512819312 2.1627270965184837 2
-0.8224954976714527 -4.435487573597404 -2.210578973082915 -1.202102800073091 2
0.4280058342431238 -3.4404170434032046 -4.052045171687477 -2.850621450254935 2
1.8033714474900315 -4.440653095023555 -4.397524091321973 1.1325225615017671 2
1.0614916272093569 -0.3820037623800441 1.869554173620338 3.6172517095206245 2
-2.96220416604657 1.6133658819351229 1.898839221150107 -2.9146904008493606 2
-3.8230399507512236 -1.0064048413357818 2.136836960058022 -3.41481297567522 2
-2.0206186910102613 -2.0725959162242376 -1.9887584771818616 1.2835546797519914 2
3.948051938565319 2.5067972299197487 -0.2411128509412559 0.42145962634611844 2
2.5153817786860593 -3.4889356769732274 3.3460933747057613 -1.1072085045021778 2
-4.25072039480271 -0.8011581230247795 -1.9564848984821066 -2.485311436347051 2
3.2828181201652837 1.0548811522012875 1.1367660308958258 3.2085575190124924 2
2.478930752373052 -1.0229125185488142 -2.3938605130154804 -2.704223234883296 2
-1.1749152447683109 1.7295317220745965 0.9607903925526308 0.6139654482377843 2
-4.106651199230235 1.6736288906205807 -0.8783390061361226 0.7985755036616982 2
4.380166260164827 -3.8186352628020797 4.3904887784026805 3.3655906242607743 2
2.19089870588425 0.7013650313820974 -1.3856101406199204 -0.3080334072763926 2
-1.994861056613254 2.4224716051576176 4.208312097361539 -2.664233892234254 2
1.0292014060685646 3.992881157065954 -1.246880730286874 -3.3122028115522792 3
0.11786419934630543 1.8414166654068427 1.9789620678212083 0.7902915607305683 3
2.07130161110493 -3.8148840164650455 -1.6834926347884271 -2.441435286258733 3
-3.2517178449811075 -0.06755655238573388 2.59665467648671 -0.22856735803559636 3
-2.907350486480466 -2.066460053777403 -1.3100251419684361 -1.9411576491744709 3
-1.8236265461824726 -1.6419480700587137 1.3797853801518216 0.1757251888368333 3
1.8344783821604533 -4.432826255018088 2.059980209023225 -2.3485936873279774 3
1.9891107985473648 3.984744610677889 2.357119377101384 -1.8660319119010969 3
-1.3005204140166646 1.9190921630858369 1.1854128987791428 4.481361963405889 3
-1.4247078499385841 4.3705388990524785 -2.4620152276044855 -3.915577322103162 3
-2.4907550309010205 -2.982566426167895 -0.2753882458405169 -4.000009359758049 3
-0.3021977307550304 2.250072175519743 3.1410147772647994 -1.910119366111468 3
-0.35229600168159847 0.17241531362768525 2.616155841834026 -0.24591017384776548 3
0.9708523764277589 -0.3948428299173812 4.24947757706771 -3.117567221729317 3
2.8319182711241617 -1.7438623899312764 -3.1290257562219854 1.4263987007729573 3
-2.012398773944534 -1.2430688918098296 -1.9576639447729856 1.0106900783101058 3
2.8658654409124256 3.8733732029399466 -0.6382539426831296 -3.7766542130972383 3
1.6040136370228015 3.888361318307571 -4.223068088762625 -3.8507652270178276 3
1.3422614199062721 0.08104635925094517 0.33381721036429224 -1.5254245739520704 3
-0.5338578723617277 -3.8946361869568875 -0.6556495461425631 -3.5085085586189626 3
2.690028105244015 -4.252199289068708 1.4291868858664705 -1.357990092839219 3
1.4511403568453796 1.3204070899160754 -2.117827524525617 -1.5738956285670707 3
2.691284838885153 -2.465245219888179 4.417824171129537 -2.8722369190197856 3
-3.1354695294651123 0.6374180441360164 3.5574527732867667 3.6085676304255396 3
-0.8120324376806464 3.5418192249417833 -1.8837642803330128 2.586153360558932 3
-2.8094927240169545 -3.313213288289908 -0.6132849203571576 -2.360960167266289 3
-1.6045419520950608 0.6276248704275632 -0.8369292042171796 3.3510300620602718 3
3.839677641935215 -3.5080975335650946 -1.7556398911901556 -3.3991788177177167 3
-3.8461985902152476 1.243391091203113 -2.2677829893142536 -1.0849408347200804 3
-1.0130303449875195 -2.426123803144896 -0.500549389191606 2.507588841169594 3
-0.6541242821455868 -4.405518790925926 2.0126376802798056 2.4699421304300735 3
0.5387755607658122 -3.2709867620802147 -4.348768545003114 -3.4405636082349247 3
-2.6338055269153138 -0.5275702623413037 -0.003331681186811597 -3.395638176611927 3
3.081037098819509 -3.4350005627581264 -3.5270988553667033 -2.206470817504017 3
3.7718266913319023 3.3970170874545316 3.1373367749265686 4.051930947348103 3
4.154908929034736 -1.5351760850134604 -3.4821758562834537 0.7184299542429212 3
1.6779478574007003 -1.3878351675317169 0.510609669297945 -1.3252146051685572 3
-0.4063188097883108 0.2784792644585081 -3.495045420598501 -2.14475994246542 3
-2.742711600911983 -3.8743338262302505 -1.2999438414521962 -2.448247395538731 3
-3.0688954514323554 -0.3044442053769417 -1.6698348124628504 1.63051964047955 3
1.0747741320108632 -1.8729042959925593 1.907469207168257 2.592060469758015 3
-3.5353489696718903 -2.3102825946628247 0.008940334829328878 1.0778956110953906 3
4.470639120707784 -2.445088493766689 -4.4776509191750655 -4.146832829404154 3
-2.4564614009556713 3.3255931100662837 3.601782261762812 4.303155697706196 3
-0.7185067200797555 -2.2500647470660398 -1.6389464518007633 0.3631843321858612 3
-0.08913164125232542 3.070335533374804 3.3506354890575327 1.2670629680960772 3
-1.1766889188051164 3.8179760166496637 1.5067323863873285 1.3056955583568974 3
4.452230625367159 1.6117708781933087 4.068834419161543 0.681165312787417 3
-0.888254011384914 -1.0382432483752129 -1.4464691967079988 -1.6261642223026622 3
2.4897800323931962 3.026111377652133 3.166867997392769 3.5189249737125365 3
-4.427558309650672 -1.2956955098046197 0.9147670622599834 4.046253757475166 3
0.7331845306531877 1.2893643281525908 4.313611772254793 1.869393075042601 3
3.175820108463469 -0.26986456737762143 3.1455599204496405 2.3212161948291428 3
-0.35496734913312233 -1.0105220233664487 -1.186473116846534 -0.3361598957093579 3
-1.0114303327708283 -0.2757225295371255 -2.090819366380943 1.7284201713622358 3
-3.2255393400824324 0.10789601342088861 3.555716521580986 1.1440054672450772 3
3.7011536182421665 -0.5067697357589036 -4.410333153369103 -1.6248578349432785 3
-4.325925119852609 -2.848914762384867 -3.5846037108222397 3.470225883666636 3
-1.5139925162686168 -2.9144571505063457 -1.9498440380399564 -2.3352711116983844 3
-2.3665657072165405 1.267856157944112 4.230313385873323 -4.395471261717424 3
-0.13430137940389064 2.9967055980086013 -4.228805357131777 1.2370367440207903 4
-0.42688782616412857 -2.1104757788721598 0.4272604646518553 0.6339120318954831 4
-1.613573682560359 1.8456586113038909 -1.9942172087965526 4.135362370850592 4
-2.111400477561277 2.5672372315602807 1.5938076656550932 -1.2909057856541923 4
3.411466294902945 -4.2589728340086594 4.1103458945956515 -0.4870324534249114 4
-4.254271582546308 -4.40717948434627 3.3529985885457614 -1.6194530549168222 4
3.847597102181897 -4.090600916832416 -0.05021039671726624 0.4725132468430784 4
0.272286500990672 -3.458435587088422 0.14201691838417962 -1.013608222670399 4
-1.724144100465724 2.015569650881174 2.493253888152549 -2.8531618877905887 4
0.5170194400206389 -1.9952619326534382 -2.072449353974439 3.7248792578864522 4
1.647749898257532 3.5375048951229564 1.3032204742893463 0.11378012243756408 4
-0.7443059896856704 3.8253927030904635 -2.9315016925847424 0.1622309997026623 4
-1.8380554488751502 -3.41334789375015 -2.605901290952488 3.0818763233793742 4
-0.41483076962486565 2.42045170435465 4.191757847907696 3.9424238200739894 4
3.9434668776448847 1.2191754471370488 -2.032328236656162 -4.118973898066914 4
4.372908814218298 -2.667381403319319 -3.549539497179113 -0.35824901060543357 4
-1.892772731288718 2.1821752150817506 1.0217622125257866 2.4993368064598087 4
-3.357852694003299 -1.5006244589169044 -1.3208646497074663 -0.8382674168255707 4
-0.15912021581709945 2.4319691442196825 -3.185813401234023 2.687649579084406 4
-3.0309462456723644 3.9634256457276944 4.056994257102631 4.376413623625226 4
2.8357548481796 -1.2437720895641644 -4.4229927138185605 -0.15365475962109265 4
3.347497706590834 -2.6046659101333542 1.25251520273341 -2.3941137663741356 4
0.9470776387521712 1.2192878497136093 -3.147613047340514 -3.0077202107947816 4
3.7524134427234817 -3.1553917810475904 1.9803483565802458 2.281081084219376 4
-0.7016714539262369 1.7611295310065407 1.578141923870195 -1.7023887902710046 4
-1.5657006939775089 -4.2237953306902964 -2.364854083005402 -4.421466115780775 4
1.4596636641457938 -3.876960346516078 -0.39969731331584246 1.082520165015144 4
-2.5452845478977206 0.7921923559170574 1.362090353922413 0.4753584517139643 4
-3.6099102179459406 3.226517812514093 -0.5179086702190313 -1.5002484017681275 4
2.456432924666828 -0.17824215949565592 -3.3473175684692036 3.8350894623360583 4
-3.9078694793975988 0.7300168466591249 3.06185111890071 -3.22012822159682 4
-2.6254312599828005 -0.741865537900674 3.1381724517522116 -1.3919181446759457 4
3.9488428271751985 -2.5180494055233185 2.8587943332895325 -1.195533640146181 4
-4.308480875336618 -4.445476466540295 0.1311189980068892 -1.4333215507146813 4
1.5651720845355401 2.282452876282249 3.122973785295149 0.2346196903246599 4
0.7046777432261334 -1.6742427611875796 -2.748197760398795 -3.7314520056916267 4
4.1783721290904605 3.5847870375931428 2.82749478536606 -1.3381722472193651 4
2.1311879728850993 1.5269022687124298 2.541784626496264 2.349141925588158 4
0.849659218872645 -1.0497915128193798 1.8188832878380732 -0.842923034017177 4
0.18143387424334168 3.0505672937091326 0.05997614640990123 -0.01489488597045785 4
-3.475568314332196 -1.1228378850110947 -1.1742192159828955 -1.1740476156181237 4
0.5939637556184645 -1.270614883615123 2.846002398470525 1.2239925259846425 4
-0.026962419273146576 -0.6146880943610895 1.0487520720184709 3.209575771235197 4
0.20204726258262196 3.9691686511305093 -3.527226465012951 -0.7999439040355786 4
-0.5028325131872671 3.8256370708113527 1.6806510130913699 1.5477511087291091 4
-2.1058485842442565 -2.6549153028356134 -4.482139815393104 0.2269339429286894 4
-0.7608570635639132 -2.9962845408580687 4.23326065965876 -1.3525495384937116 4
2.080555294379506 -1.8614476615944424 -1.012419158118835 2.7981379282928263 4
-1.3888465056827684 4.409321935486284 -3.428885633261131 -1.0471886297068358 4
-0.3878865185068374 -3.030637350030973 -0.5563185378670857 3.2736552208117446 4
2.3832479170172416 3.5394401446895065 1.1430908680085068 0.09188802050376754 4
-1.5783569074998904 1.0290023484092077 3.591857543045644 1.7060506153410337 4
-1.6060222318578843 -1.873216312516737 0.9620475388892844 -4.422195446677897 4
-0.324867130437972 3.6120662239839403 -0.17958517338640267 2.9014057088356893 4
3.3637610469753008 -1.5080105265231154 4.3819464270644515 1.7166230740125834 4
-2.233353658058452 0.4815243485850451 1.7405847729905088 1.131230251263367 4
4.270769630807681 -1.174701841907769 2.878588857372961 -3.1576300794986443 4
0.7477107006167689 2.143794263427186 2.4151558780776172 0.7637498241700189 4
2.6955996680580196 3.355707632939315 1.6566334699327796 0.181618523624408 4
-1.5029556921570286 -0.9952047476896774 1.2687970926717946 0.29000170211692977 4
