300 60
3.331117229644907 0.7404923580530378 0.42673783051284697 0.15899320973181275 0
-1.9904495336903785 -2.826798911188387 -4.018992309962952 -1.7686708336810444 0
-0.8000988486739813 -3.4436200757875604 -1.6618579308398598 -0.2641006307896131 0
1.6647186993672152 -0.5615004630631463 -3.4237394098513727 -2.972935821700906 0
0.5060639265477319 -1.1962771054260848 -2.8098194524981164 -3.876546551129659 0
-0.8787084406721744 -3.482633693750433 -2.772854860662256 0.9032922724023866 0
-0.4767223835925959 0.7690060485993213 3.7137423881397997 2.528570077076355 0
-3.0421340653955555 0.1864690924741521 -1.3752089941419787 -3.520173901172704 0
-1.5655398647595704 1.7926761414999692 -0.6573783564425749 -2.5878898498879686 0
-1.2024490597534472 3.0273705743944967 0.7179458672695124 -1.8928247623127832 0
-0.16791351077234373 0.14852068192674883 -2.313201004051007 1.7986964968493495 0
-1.0525668464756786 4.477868062898227 -0.15852839823448917 -0.4026831449128183 0
0.12820039426601038 0.5314794689562367 -3.1020944097389216 1.3745638906259696 0
-4.189952087022856 1.9793702373060116 -1.9336396299734324 -3.275750307194998 0
-0.7109680715348189 -0.5675838723697602 3.5754764270660697 3.098618016840938 0
-1.9646932158991743 3.6024690425104158 -0.6071756701731329 2.9590363648467184 0
1.5265105029648183 -0.3953812456033048 -1.8049045962739252 -2.7917273327404657 0
-1.8917608970498756 0.2323706711824971 -3.9922958296493647 -4.360978656595813 0
0.5331785535140557 2.2075544860243754 4.273464196943995 2.3050058597079452 0
2.9551162821597305 2.9132500673254427 -3.0155061090226836 2.7749536871736513 0
-3.805737121087272 1.303758633247225 -1.1333754537950884 -3.646583631435335 0
-1.7166817292710757 0.2182834428874023 3.099106947342115 -0.5734605745790742 0
4.122831037807276 3.448808602956488 0.048700824405861876 3.9996341970606095 0
-1.8411129887787907 0.11138389615511579 0.9549987345891583 3.839662567496761 0
-3.701678240841455 1.27545057979047 2.4183900249432533 2.9769969229171043 0
-3.3082150165954323 2.398372331218507 -0.5162806826869379 4.264481511439076 0
-3.809319838184549 -1.5206055957216578 0.31266059108091715 3.9375093950079805 0
1.6186642846485966 0.08291771514642332 -2.205231631699254 3.3585958697358 0
1.3963152622192772 0.9190832203121468 3.0414188141812337 2.3684014483443527 0
1.9714910179379979 -0.7630268812351594 -2.4709247097899203 -0.5958285618412105 0
-0.9311253372120551 2.926250674723554 0.034549851123414466 -1.7599291013650715 0
1.9129657829292297 -3.618565630679088 -0.642154591340573 -2.334523943783606 0
3.079388327137934 -0.5326102107936086 4.481427587879405 -1.1323385475951977 0
-1.134096801588767 3.723082377432809 3.3552684854206856 1.8117186440281237 0
0.43000215083201776 -2.2325646342545578 3.0805669273557594 2.056465663072274 0
-4.252734527630579 -2.6436843034763373 1.988801427408526 -4.067994819082989 0
0.8179682532977981 -3.0271362478925234 1.940773114785652 2.6102175791283315 0
3.032353475288719 2.47682854018382 3.5754053761119646 3.738936118720909 0
-2.9786268924192925 2.40294896355253 -3.7083340464963235 1.86349357205102 0
-1.481707358385984 -0.24841840691249784 -1.3848988383949419 4.1386129452995535 0
-2.564420660339686 3.708845994134019 -2.567736571871689 -0.4441977025371824 0
2.3328688629756824 1.5890522190531966 3.0364459332751514 1.1708520181300068 0
-4.307613467704085 1.4478689420446915 2.83739410376646 -2.2781191726728207 0
-3.650043686626935 2.9804631280735765 -2.6911456325750716 -0.819334484176561 0
-3.4852586183999894 0.6014664842398935 0.5645232763575235 4.001983886212374 0
-2.9283652189959612 2.615459661477768 -1.6253997271147105 4.430447052463594 0
-4.196854810973439 2.6637406412327778 1.7067849258711134 3.6031262476584924 0
1.704935456103959 -0.07338902678682413 -4.023715506682048 -1.0557683185713918 0
-3.7030160726945547 3.937952363064602 2.0561446169424724 -1.6425420599432043 0
-3.740739963430078 -0.2754569700817048 2.99176704149349 0.7932879689313999 0
2.750513836068812 -3.7291819221848312 -0.9669704847556195 2.819401078420601 0
-2.3005843557808054 3.5352502776998236 -0.3745948473434786 -0.2428887278044466 0
-0.19250027402702619 -2.786393913678455 0.5010080650886487 4.252728409553742 0
-2.2226019039096303 2.3610532292247655 -2.9787751263940665 -2.6411089171089985 0
4.126862149687824 2.3608577100032906 3.0992337483185115 -3.4196356103686263 0
-1.6199358619059008 2.6242326499103217 -4.31684232937431 -1.3531852714654202 0
-0.09431056513456548 -1.83284383950454 -1.8191760433741244 1.3583044654404381 0
0.9176508690054761 -2.502442106447996 -3.0186741628360414 -0.49137989762634915 0
-1.025346411680627 -4.440621022188058 3.0462341170957226 0.758614563270852 0
-1.2764282616526597 -2.729571008794702 -1.3156184336758905 3.4763654830654613 0
-0.813404077582145 -3.5139452189897793 2.9969624656001823 1.5773512957243745 1
-3.7286718896594575 2.228359533580667 -0.6298388638658977 -0.020641300799116746 1
-2.852911384584477 -4.364213481853504 -0.32327886614452506 1.318904544398308 1
3.7237606849850864 3.8334648390842943 -3.5355596417421884 2.2403084716643855 1
0.7458333938420694 -1.6864240522729461 -0.45059172916113954 -2.111651613421862 1
4.484408112107909 -3.149873542585336 0.8757742942499566 -3.716574423318376 1
4.450333250617491 -3.3753240883728193 0.9984280190594006 -0.006959547910525776 1
-1.3405082273593338 0.27952492206998525 4.481338295308957 -1.2222743166215269 1
-1.587567253285383 2.7577563099621027 -0.703138122989576 1.4133868385854638 1
4.142873336677139 0.35526987875349647 -3.9981265348171178 2.0831599127580085 1
-0.006072502868924912 2.710115164245321 4.427337394381041 3.3322423294478405 1
2.6738905674597855 -3.4212034173240258 -3.301720818591671 -3.280025082908668 1
-2.2861272906029333 1.1410477944267872 -4.003494248378499 -3.9487423345741117 1
-1.1047476855973737 -3.9288831666050985 -3.3916753972883984 3.588991718149497 1
-1.1412123238693912 -3.8329573299686897 4.482838985251403 1.5996731484201747 1
-4.100022116393428 -1.8628930697878188 -0.0031681862185307663 -4.041171353987955 1
2.290882690664688 4.079226792651746 0.33789206597336174 -1.111031745991194 1
0.7987367045264319 4.3914624036035 -4.062191825451955 -1.394977811543652 1
-2.717329519181351 -4.113280960361044 3.331131741257083 -4.0351795609743055 1
-1.0466621850700184 2.5284728566385084 1.7751501114074388 -3.087246461731654 1
2.3680569895595482 3.278177758001636 -1.035098422296111 2.6960990859654057 1
0.33515913558116894 0.24009026155558333 -0.9706158737252629 -0.08679832464152715 1
2.8436127312344803 -3.337909753830668 4.255342245848833 -3.319866280601836 1
1.9825158210511105 -3.898518016896693 -3.4300928722797424 2.648339430126631 1
-4.361931848442599 0.4158363145499393 1.5456268175456849 2.2113852838361203 1
-3.6702998223037695 -2.9546605847885035 -3.1392690278044526 1.3016878064079485 1
-1.4975644547991682 -3.4495274867325305 0.3410444364366181 2.976132505976767 1
0.5632803318552934 -0.8016177069532083 -4.002971369606685 3.8024386185295174 1
-1.9274247708279448 -0.9166751559196963 -0.9887711187723796 -0.49891735634974543 1
-0.6550880131411226 3.472430685138188 3.6304093886178608 -2.9498761745715316 1
-0.5665379102322137 1.0535427905911996 -1.6906103316124739 -1.7621738019550623 1
-4.002106787957465 3.856893992238906 2.6934432984849845 4.042654516269902 1
2.3153344171517958 4.282926472323462 0.04819240501910382 4.346519860379847 1
-2.2350703622160584 4.2133443402117035 3.4842641882008323 -0.7879959491957654 1
-3.2402813205408125 1.906318991935253 -1.5331090748073342 -0.8419733691022885 1
-3.8774105855972865 0.9453521637064481 -2.7025311566551027 1.6051979629698327 1
-3.9642759955494893 -1.234015915580658 -2.12483387881044 0.8973987563876007 1
-2.1737383688819842 -4.2648571398540955 -4.308262385709215 3.7673727390182776 1
2.0932176768849837 -0.4368730636015178 -2.638081472629537 4.174668213984096 1
3.2687101384805093 0.269315622035347 0.8155910218392776 1.0168016180641222 1
3.140692562703616 -1.6250795542940657 1.1167938951363316 3.191129443836581 1
-1.6236156262191708 -2.157098897587831 3.6392707984578108 -3.6766325230577346 1
-0.6751050252844758 3.5313064497953315 -1.5291516145492081 3.5852357397036068 1
-0.1826443466869918 -1.3628578108721197 -4.035120023842081 -2.542040479941593 1
1.639379511915001 -3.041901399002498 -1.3727292037311594 4.048905381919473 1
4.039523490818063 -0.26107408528353615 -3.265397688489177 -1.1174566039535136 1
2.877629840247247 -3.8623006234100936 2.625061552435871 1.7969042711148342 1
-3.5422773899776097 0.0692821415413265 3.1086735312073874 4.32162043001829 1
-0.6152508923465785 -0.9586689455587142 -2.660790675444332 0.22538738630470956 1
-0.3252985459535096 -0.10676207680721017 1.6855475797925856 1.1905503062990408 1
-1.6437191072592725 0.33317743067848493 -3.126260578227436 -0.5351635788410423 1
2.342718921938156 3.2952683389323307 2.2077984675724873 0.9923500067297111 1
2.6885414834007815 -4.246673423437862 1.9510055059350395 -1.389045813547057 1
0.23123223945758242 1.5354027990304522 0.20086399228572194 -0.37211061484245267 1
-1.123066433936325 -3.8231686312770865 1.2465761717465988 -3.502885859093301 1
1.5215805462043699 0.8129731024995615 0.04902582004414502 -2.661354344352264 1
2.111670152055801 -1.19748526196872 1.2742336916606236 -3.165554844443699 1
-4.432228601895229 -1.8962966163294661 3.2076500765120466 1.9018884330042933 1
-0.878754988625677 1.1603466130461504 -0.5653882167444677 3.073030670655568 1
-0.44547664417553245 -0.4171412264476434 0.7779725634905186 4.323611098300038 1
-4.319103765686021 4.162612720228887 -0.20083403740803563 -2.592086603800729 2
1.6774321895226803 -0.34455420669779513 3.7945386256561378 0.06483447776404261 2
-2.1899428079310868 -0.7078898573212754 -4.262001238993764 -0.6248807137508574 2
-0.7272826546003379 0.4626573396182745 1.8322413142957004 1.3337234572242074 2
1.422431564425966 -1.9949025652570591 -3.7650577757763672 -3.403317524048426 2
-2.2795387572720633 1.3332926323830163 0.1355009192036306 3.43894069624377 2
-4.201102156219309 3.420824599566214 0.10027874934155967 3.9726092307660474 2
-0.886847975263657 2.899951125892163 -0.37036656507953025 1.7728737078443713 2
2.150501709101288 2.2390746567707485 0.22805436285665515 0.22547064198182798 2
-3.9526817947346187 4.188283833811474 -4.009690358046296 -0.5262995113219406 2
1.3287906615803486 1.6098922253652532 -2.862472928814401 2.0879265367036077 2
-1.3009045275754798 -3.016551537336512 -1.5193006545425543 -1.3476710513182155 2
-4.132584238661955 0.42169243642109666 2.3963689714774836 -3.408172320566327 2
4.464684256779215 0.11572726835914926 0.8002195090313399 1.6444095443337297 2
1.3195290236791464 0.6859015682238129 -0.660222099536998 4.166053833157565 2
3.9775901277016263 0.7443302513348131 2.6233129894670926 3.271218054603193 2
-0.1426195924315241 -0.8277473740253334 -4.317839333778226 1.1521202088529607 2
-3.2742469280482913 -3.073078011889813 -1.0829707718424193 3.3986257154317947 2
2.968472155917821 -2.9031427921252213 -3.5758702885267035 -3.779157899675327 2
-2.3109532361951146 -2.6476633651277455 -0.44078887853436965 -2.8792727138950513 2
2.6987743084356546 -0.31969839029319724 -1.9642636402803977 1.2482253495019073 2
-4.307131872541577 -2.033706970712931 -3.86703291882964 -1.613585484326871 2
-3.3512522337455577 0.8780907130330977 -0.2382081872789925 3.268809833480265 2
-0.7217284219058686 -2.1164532343523863 3.9786899786697396 -1.9182640619182307 2
-3.085039485841324 -0.7067942369986869 -3.7514899217579685 -3.8116967309886327 2
3.34198310870579 -0.4634076374248498 -3.498777815689612 -2.1584538626113905 2
2.398118050169459 0.9495841955012623 3.1037514738062266 4.374272548128804 2
2.335563381511122 -0.4248497017651657 -4.287247422246377 1.3619782830913976 2
1.9479369613856106 2.3243284741916326 -0.7556642679192734 2.5291504785797 2
-2.8686242804951583 -1.7481790116004197 -2.794316075484988 -0.932875840214858 2
0.03997695490993203 -4.310786738823419 1.676125470423066 -1.571090323533054 2
-0.4193987916782991 -0.47308298644445645 2.3628952569925654 -3.188741690368434 2
1.4419330460401252 -3.055712192936603 3.6471946705483798 -0.9997616648882262 2
2.766848224248207 -0.22091237832038402 -0.09054375033437667 0.5124942885710754 2
-1.7696296420444673 -1.7585839282801063 -2.571189502163094 -0.2935160353895925 2
0.5565351794176416 4.0734444386868205 1.5115418614311324 4.489941532062337 2
0.3856209599188517 2.1284482171157157 0.3754672031235343 -1.5691809627091147 2
2.183744526425819 4.285079573654457 3.771645280456197 -3.4895112447415566 2
-1.1768771436190533 3.919385111605441 0.17518432720778565 2.1702974913681703 2
0.7761248459264737 3.8390885530893315 0.975353125872144 -3.7279297702154515 2
3.7519957364537686 -2.3149310723605403 -0.9024083818350466 -3.390189938119801 2
-3.502848241300546 -2.4372080591815504 -4.365353184604281 3.3562800127385772 2
2.3513820298963846 0.5175616727688028 3.8436832829453706 -2.3825480396460548 2
2.4749262102604526 1.1019277067402116 1.4031284394421557 2.0916849721256954 2
-4.006486109162663 -4.154309579554522 1.4924840052640798 -0.6279441470683038 2
3.6672327744205053 3.3991097183207613 3.353711576530975 -1.3954411649361986 2
2.1098606222680423 4.114805804395013 -1.2402179116764893 0.45890799584401765 2
-3.7659681327438648 0.38885665762854993 0.2808135219932062 -0.6328084660908203 2
-2.562491056566854 1.6858378389146456 -1.8494346678924962 2.5918029459471823 2
0.29303111017150396 -3.284571365383435 3.54266953589638 1.487310591326552 2
-0.28123807775001375 -0.8526154864759536 3.3179784916075903 -4.372783515436798 2
1.4277364351545891 -0.42240950045551373 -0.8714636181332347 1.3298862205951814 2
2.7606258250156808 4.4334615727407165 -4.450126226178271 4.323547629301546 2
-3.660500400598883 2.9441968519159403 -2.5466233535740703 0.675067741730126 2
-1.2070132249916314 3.819184482800688 -2.0074563300088437 -0.6328718371364124 2
1.0462744165620939 -0.8261697789677462 2.2569335402825925 2.9758423419836397 2
-1.7518324280903006 -0.3738196738695303 -4.455982597077635 2.9182220913474533 2
0.4421065110590485 1.4457632893583519 -1.1124854351180926 1.9372216431284146 2
3.108231840696462 0.513626467281375 -2.9469524919115355 -0.9103397656233615 2
3.5610773171460153 0.41561267348908604 3.1235699597256996 -3.3931878849195964 2
2.8724279516511664 0.34368641347592366 -2.3089219305493307 -2.103865563274358 3
0.0971081986392871 2.7553925398430263 2.3103240361982342 1.5395065281022424 3
-1.0303667166196568 -3.0278026492379078 -3.3018923781925955 4.132778607674274 3
-0.5130744830866738 0.6840766033534931 -3.7044532782708366 3.519700468823576 3
-3.655230094947803 1.5651991656374222 0.770615502417674 -3.9620070223384394 3
-3.153327812793325 -3.1138980060093093 -2.834279119257603 2.706368886756279 3
0.3667719639780129 4.390531763042518 -0.4522412204779328 0.46280464123911136 3
-0.5282312472166313 2.7972399823812717 4.136132176135817 -0.8938035709331104 3
-2.1347547891952856 -2.1493521872104138 -3.5031741098227225 -2.310714942738185 3
4.00392594805131 -2.9839879654732115 -2.8185818168608425 1.4575390438488731 3
-1.414600716208777 0.0156816292001416 -2.33109727295221 -3.851478107793125 3
3.3382081064568645 1.1299343504792083 0.33202021554645655 2.2577964025197303 3
0.4278916815878674 -1.8839747908547801 1.107111483815751 -2.8042227087954634 3
1.0527964951979651 2.214285502641907 1.7827350241371276 -2.6682139949154893 3
3.8803386687378465 -2.4821432673364385 2.948652255884654 1.4045214489037128 3
-3.770279930693781 -2.8428316989838733 -0.4063042149592365 -0.7493618837697953 3
-3.253599981772936 -0.18270174183644894 1.386446350384874 1.6971341365879273 3
0.10200341672687918 4.055552824835823 -0.24603541612263446 1.0539821196687638 3
2.6626609757857067 2.719087474230964 1.0089813998278219 -1.9518003334734717 3
-2.3855372147260994 -3.8947052672648814 0.07497414703571437 -4.088692436898535 3
-4.216539080224726 0.6969585994656831 -3.8362514911341252 4.0618550726682745 3
-3.0595417961255578 4.219754902613556 1.2277687660224696 1.2471369756135444 3
-3.3293501128433634 0.09895191254238123 2.896241102694055 -2.3115988133577945 3
3.64021359325805 3.626763799763783 -0.7361826915471399 2.6293844080538404 3
2.387851829585279 1.600441122209013 -2.2795728668844406 1.6120125789229913 3
-3.5435349555720177 -0.9482606523803889 3.3379973810339645 2.2816904712791626 3
-3.629407809049232 1.0406532349136728 -1.8595550264045597 3.841989962738475 3
3.6153045020397854 0.9377459439304451 1.2064171741538567 4.483802779889793 3
-0.8304400915262753 -0.20224616028640696 1.9900655878497595 -1.9653916491085988 3
0.6280670800367117 2.884721229495577 -4.384095408367438 -0.13401833648578132 3
-2.5865454460772628 -1.315087780602036 2.3198807010332447 -0.9391038564527703 3
2.6881007179555243 -0.5765979865278454 -2.9482160675991986 1.1640976026050898 3
0.4514634184087011 -3.0638878131898744 0.7028162862547657 -0.5631821561165667 3
-3.947439671837574 -2.2758239045304505 -1.5863614226152616 4.28376828065835 3
-0.07242610422988638 3.9244003486967953 3.3542613313971086 1.6219724805690365 3
0.6186759177696806 -0.2845661795704211 0.35605556152500695 1.1798710724836328 3
4.23754947840636 4.288027414414859 -0.5270684293450566 3.960388296936512 3
0.2522087487255006 3.2866616363262304 -3.909686365990773 -0.31509986771551557 3
3.3288772261557424 2.6695367690034675 -1.9808397049505864 -2.5613660170300845 3
2.7476953011488927 -1.3511953596954553 2.9736007813268066 3.609785347237554 3
-0.2274848804941243 2.6110529401963296 4.293309395352962 2.097116315203111 3
4.258152979176425 -0.13665586921290862 -4.151242715667408 2.997689965575746 3
0.15342920952779027 -4.175409796680098 -3.708887603807087 -3.9595208670084556 3
-2.403401699662954 4.399415538688827 3.2149175821170184 -3.2573707791230118 3
-0.8817040855974732 0.2570255564200552 -2.742700964475165 2.5710785970719305 3
3.213420346441688 -2.5689122514527583 2.0615367863791327 0.5616052431060724 3
-3.605180063472848 3.270699917145107 -3.2173250456141615 4.10449040625225 3
-0.6914756103345345 -1.890507803185175 3.632370660526357 -0.6286787665219422 3
0.021631781710826692 0.10898160446646121 4.232916586502489 3.114328416643146 3
-1.1806361829849907 3.409549476882852 -2.016070944090241 4.104353369454131 3
-1.6931565281962186 3.01355560797442 -3.6453579927501933 3.3660352323427585 3
0.27571012958121444 -0.5602249454455921 -4.050844715974697 3.167003369413005 3
-3.9156086158680323 2.3258106992961363 2.971519141339583 3.4181529379353837 3
-2.7511567184045775 -2.4743704269975004 -2.7520996174699053 2.598902441822259 3
0.9407101533350973 3.5152459596950747 3.3521847660266237 -4.473566631075421 3
1.4544596057148076 0.6410611181868572 2.7278637017086 2.819641340751347 3
-0.3450101364569518 3.5052429508834515 -0.6081720971003408 -4.469877731717892 3
-1.632283649702651 -3.560697560447866 -1.9927155186840628 -2.155916859818776 3
4.245825723719513 -0.6022295514378101 3.1804549700243965 1.6076935891606334 3
-3.2865877724598063 3.0278475098963726 -1.777745586371437 -2.716199208681306 3
-4.459494874202109 -0.07673216741251554 3.885969273253809 1.707862176031853 4
3.033674031246422 2.4547691909909126 -1.570744012982368 3.8416253380164282 4
-4.492112473285401 -3.0481425500170594 3.596209209799961 0.3497936987013036 4
4.195692883567942 3.6288284195425784 -0.7635300084644152 0.24828977910398742 4
4.472514511403062 -1.301718008012379 1.8002845398371767 3.5373256249920875 4
2.5006829864267583 1.8361137951547 -3.918368978624293 -4.441477185950767 4
-4.180784112938349 -4.240269906304738 2.3909850364359317 4.269163624468726 4
3.9861961821050773 -4.368370792856252 4.041964049968052 2.331765257503909 4
-4.0768176515909005 -3.2022676954260536 -2.990760280167704 -1.179716975530364 4
-4.102400182401191 3.0507363763057533 0.9908561759313168 3.7367000051454013 4
-4.200066119583481 -1.999630812604614 -0.16236883683602443 -4.3528993668991225 4
3.4728310035926304 -0.763529398859086 2.272290840881137 -2.2851385484782556 4
-3.7283687289536926 2.4903328512427607 -3.080141039989363 1.4009441019044884 4
2.6340917699090887 -3.7291464591686387 -1.1302148947437436 -0.02914859735937847 4
1.2205246808556174 2.988890702331891 -1.1461512404861285 2.5300875131469778 4
-0.5851768648982415 -1.4440658795063437 3.020039540534736 1.2345130315167867 4
-2.0202115597637884 0.7237885085104936 0.06353493453063264 1.7277601560204854 4
-1.0128577286830902 -1.6331638963979 4.157749621583552 -1.4746777417613997 4
-1.067809992045349 1.5683440928688206 1.1542342528646512 3.300459925706333 4
3.7971080921534606 0.6262054035310632 -0.3529963330818613 2.823825394352595 4
-2.335047548322742 3.244045729943374 -0.4921533350752407 -3.2556963645264267 4
0.5933685310667753 -0.5536776558486911 -3.7416340353624262 -0.4311266967808055 4
-0.7726648050890176 0.5130034470286 3.785098874973493 -2.000929156056603 4
0.9155047723624896 1.8406432013300211 2.2609399985551706 1.395580848382798 4
4.18653774669335 0.8208444466861671 -3.0826286097528697 -3.148496657546852 4
2.5825946598774814 0.37036996157895496 2.016629128186622 -3.673304257424254 4
3.4390037894245875 -3.6311960841950857 0.2473680884399676 0.5393842421152935 4
3.5097752444412986 2.683468953619012 1.6784212449965894 -1.2125943261708898 4
-1.6215080693407709 0.5668809592646774 -0.2845515928775755 4.024920788926133 4
4.268209750262082 1.9011563678286652 2.8842065139359696 -0.16363765857894386 4
-2.8159519777510633 -2.7388031023641464 3.974258081360406 -4.24377430353914 4
1.0966492010213558 4.405110359960441 -2.0430300718133054 -0.9171985704825691 4
1.6286859552579243 -1.0193922186775244 -3.879655731857717 2.497394641585216 4
-1.6287421757473521 4.264350818770837 0.04115134026441525 0.02197898871327375 4
-3.227504239678916 0.674469248762395 4.438226748338346 -1.8792997570336145 4
-4.079101305706418 -3.9444528523578515 -2.6370535945712286 1.6713773631993665 4
3.0486786413303286 -2.554967808226302 3.4512694120907756 -2.0459262723395937 4
-4.296069841713146 -0.991440451943496 -1.9603874467051396 -4.134722582645796 4
-2.669282350648224 -3.758438049920541 2.118893740888633 1.274852624816314 4
0.14760480865841819 2.94813127629861 -0.23086166182047585 0.10675410674407271 4
-0.3597608035846416 1.425924983699709 2.5628164778483216 0.31899330871398923 4
-0.198411389759918 4.266519294841821 -1.7856303218886342 -4.436936497936805 4
3.527981367143995 1.0043260108899736 1.5481549728496824 -0.48151490319655277 4
0.7991687532329691 2.148265337428603 -4.494060889395892 1.0617252154876837 4
-3.5223424222382143 -0.7016827750656998 -0.2785962624645705 -0.9762603807011844 4
-3.97236530456384 3.232978326733585 1.5555864787836615 -2.224701515921925 4
1.352652805519662 -1.239548521180589 4.104672255031 -1.968181277500325 4
2.2516331752229743 0.837953961082486 -3.121968106450405 2.4057844183370665 4
-0.604810676224236 3.0474847765228987 3.166219396385247 2.734120160054422 4
2.8367858690281795 0.7941749949491692 -1.2033882034613521 0.047933769636194445 4
-1.915762742503243 3.336153303314397 -0.6995416519762733 4.1773082109162285 4
-2.9227525059961073 2.1618832826326138 -1.8410143601861195 -0.8001572630614724 4
2.5512610114616927 -0.8776821387667911 -1.663593257258574 1.1227903578202238 4
-1.3425715002022338 -0.04624704636487076 3.4011309493695494 1.6279217870293707 4
-2.2283126384953498 -3.709677870650496 1.7271167775095484 -4.399761006245899 4
-0.8780080630761303 1.2760295779937572 -1.28030107959965 -1.809501416382687 4
1.1193482790053841 3.698357402705 0.2591878611488482 1.611500228461836 4
4.266056027675156 3.5354544881312697 0.3956929061502418 3.1557630259578797 4
2.3159863401975027 2.7469829262720733 1.8408051890520951 1.626731624974897 4
-2.3696458661814033 3.0840203747949144 -3.942616124031747 2.5640977563470218 4
