300 60
-1.7285854263752625 0.17452331374770647 -0.15283758627771504 3.2383591559080847 0
2.4146789538417606 2.6029866255377376 -4.487968893677181 4.215538427375679 0
3.335058562282411 -2.80870747540138 -2.9906361940077986 -3.7929769589842675 0
-2.0744527894477356 -0.03427073110924883 -1.9539711318700377 -3.222274150990845 0
2.1520957240233964 -2.745432075225235 -3.65971083662238 -0.5527853662016863 0
-2.882292779466792 0.34943632717637985 -3.533301853951419 1.5088918844821242 0
-1.955109558501202 2.3484588251588883 3.6306530858240986 -2.1860199002702982 0
-2.0727635251864736 -1.8583244161739536 -2.1604982980888043 2.798058849980014 0
4.16164960451497 3.718928935539991 2.603559141716257 2.8465740949419187 0
0.6135736086519831 -0.13056881396823727 -0.41472040757246187 -1.549429722442192 0
1.3833393358372659 0.3296645867643717 0.2404593736138656 -2.0790450091818915 0
4.461650076603776 -3.22215782506707 3.4895912679396597 1.0883009078582129 0
4.278074729163538 1.0760172660237675 3.650991141124605 -0.5996128710695884 0
1.9843758693447695 -1.8444278576198536 -3.4461305546458125 2.716104448234289 0
0.9011876901307457 2.2557192485207915 3.5093167528643394 2.7787254661368577 0
1.2722955717643856 3.8096951356623863 -2.0038397774201706 1.854703746775749 0
3.4985721726243257 1.3020421726503144 -3.0796630799175966 -0.7195972926233302 0
-1.8392183094438308 1.6433434154896776 2.953718091391179 0.05096093872391172 0
-2.0070245881954563 -3.362130416831421 1.1991002765392142 0.2834446952655737 0
0.6292554399418137 -0.8184645516937831 2.6905616071913037 1.8931046746592206 0
0.5436463255653289 3.189090782683504 -2.9957233011366275 -1.8729169818293663 0
-3.6295299255165183 -1.3109141417750179 -2.285931335471891 4.267173130918619 0
4.262595941354412 3.797695147894761 -0.5871813094205548 -3.3620085670532474 0
4.217998395740378 -4.041392535624103 2.8782217809656907 3.830659577039097 0
3.4520029212841794 2.429772180377928 3.0166634760870576 -0.262532010903461 0
-2.3434611327797317 -3.5656672473599254 -1.453151222518617 4.488159756778649 0
-2.8233241081833684 2.2744823900302102 -0.9292703203066969 -0.14627525195266877 0
4.076075033213661 2.615238216212723 -2.5724991619045534 2.5641553533341748 0
-2.82051677067787 0.10842244431437176 -0.023391295351581354 -0.5470576123742257 0
-3.7669582090467504 0.20915796858323055 2.0288449966229445 -3.5645591297775088 0
-3.295267760124786 -2.7123793808326084 3.1500785210685223 1.530382859724762 0
-3.5262422124764905 1.194527030323655 1.3062685488641979 0.3702602355283764 0
4.067264716532461 0.23723849699346022 2.7435343694236876 1.39650108227836 0
-1.4686448530196703 0.07477145615192726 -4.43824668840206 4.287141891250556 0
4.414229334941111 1.19937374425716 -0.6019740213107542 0.5059911659499431 0
-1.2175231719719877 4.281525853636924 1.399951158624543 3.0687482568242794 0
2.5420605539679944 -4.150847090904004 -0.010816250871614197 -2.3036568320246666 0
4.3686520431489875 -1.3313492311557855 2.3915870732516824 -1.2156748615339839 0
-1.9993295442416754 -1.6764474064499788 -3.3956760396741594 0.25918826205638934 0
1.2615636888852615 -0.11791981880112123 -3.0824748732860408 -0.860109148015902 0
-2.056943637041605 4.013189811563275 -1.8267768483700553 1.0745589292336737 0
-0.8119677221242526 -2.0902311817659895 -1.348295686994644 -1.0269259891168034 0
3.270180401226326 -0.3480180759944579 -2.116437946440143 0.8726915370508993 0
1.8053713295130165 -0.41481400119682255 4.2799361147010675 1.4617298936576189 0
2.2076801674291033 -3.946352410217028 -1.9740381423103905 -1.4257505025222046 0
-3.899254879217856 -1.8324835434196651 -0.49384002246205905 4.216131880407986 0
1.0102005793796955 -4.3791073774695795 -2.382994011890099 1.8857159227529707 0
-1.059641522560434 1.6165822253443398 -0.6897415198148622 -0.9633207691439325 0
3.7217269916244007 -2.1867455095234507 -4.21265842726953 -0.6257366226327817 0
-3.5666163886700333 3.0047125091079647 2.9071675437219127 2.106165607016455 0
0.4997887639404711 -4.4546012534580886 1.2265670399954973 3.506407514798504 0
-1.2178600653924903 2.425176093709971 -0.1300397481349398 1.75237167050805 0
-2.019353286477267 -1.8676958067394567 -1.0612646757779358 2.9710403842470354 0
-3.7324961255461453 -2.8110616132768267 3.6262373409116417 0.5249509109083446 0
-2.1371330472182875 1.3054185051554579 -2.0842218432250665 -2.4515767582908614 0
-2.45595358112375 0.1255705259756793 -0.47319816814535454 0.9116353330703764 0
1.7559251218657561 3.3991448074012482 -3.0159194403150464 1.4324395711672884 0
2.763172327991718 3.6049639500839907 4.385742333989395 -4.3412454994563925 0
3.2160744470793388 -0.5600224063628018 -1.8770971325942152 4.076686029388071 0
0.8026886783003061 2.5672561530927602 3.4339040104761174 1.8684244128265164 0
0.4852449871668839 1.088128597691426 2.405358079503046 -4.070012396714109 1
0.6621142179975533 2.1263363335243612 1.5322536236228608 3.5339340389138902 1
4.3927077414981035 -3.3042238000379993 1.3046305396634617 -3.193055996747194 1
-3.478931244637242 1.8144220773198692 -0.46255576918383934 3.786942389733125 1
-3.9742349513717024 0.5358319424416567 3.743548527062769 -1.5547445539849547 1
-0.12968472926272667 -3.6375595231841658 1.4124799423039698 -1.3833950089938418 1
2.7041954511448054 -3.957243319827714 2.378138687086825 0.631504163812682 1
0.5418105505842475 -0.6314055812853346 -2.1877751258021885 -4.317444879883457 1
-2.113528797353163 -0.06534041608778662 1.634439185893235 -3.7698916929286144 1
-3.866313258804573 -3.7248792055421114 1.9948251452139898 -3.3182826739088074 1
-2.3124602761233577 3.9476665279442216 -1.3210208532930614 2.289268582729284 1
-1.168832330750579 -2.7997402236779196 0.975798812660618 -3.2490660715359803 1
2.7265821086569577 -3.194901535044406 -2.2625420759936663 3.7489920841251325 1
3.3165343314498505 -1.8638618079690148 -0.4344380025379396 0.10668082174770832 1
-4.021627502677267 0.6185888803519625 -3.0311381533677455 0.8895035519199371 1
-2.5566783211618263 -2.933133567788184 2.473333213585682 4.367572106735782 1
-1.8650796280279462 4.209347393653982 -3.2454928688950635 1.154334544078485 1
-2.8728420862671338 -3.7548796756842107 -4.315260849795765 -0.21566236579376485 1
3.2395781342007712 3.9163797923497206 -2.71601459198444 -2.576514897280217 1
3.542355212105928 3.9832238312645716 -4.145428428346135 1.287002175911737 1
3.5682499310058318 2.787817189409159 3.661342961439649 -2.9710315906399973 1
-0.005613532423753287 4.470371798585276 1.2013930356353368 1.2295249228217666 1
3.627060136573453 -3.5412021204639212 -0.6210959156471723 3.1439736048803484 1
-0.27176957246608757 -1.4382396860471949 3.485757290614966 2.9723718266472874 1
0.9440016124540666 -0.659345606404031 -3.345039854862108 -1.7433227432307645 1
1.5252370292334034 4.15765588802592 -4.440395634781368 -2.048000529847994 1
-0.8441643543906677 -0.8549648534731369 -2.5778027975578515 -4.448289739346276 1
2.354852142894483 3.161259603147977 3.436753187235024 1.469743099056147 1
4.3698805307151956 1.3066856959172521 1.8041264216547386 4.013719653083143 1
-1.7603843379442088 -2.8808864905855365 1.0851708174915684 -0.7130433475047014 1
-0.7272647809560973 3.643472664122244 -4.0743858703444875 -4.207689315466145 1
-1.5463587334217195 -2.012660607437586 0.9814133684129751 -4.488637540032386 1
-2.0037188629866947 -3.625140021584964 -2.9822239254005876 -1.5084377480933258 1
-3.189196074683924 -0.33754987730954134 0.15700266704830756 2.7739453830379817 1
3.6234823346936427 0.8539732522273994 0.07921264283387408 0.35796263260662964 1
-3.4273781880033027 -3.307122809094409 0.48429900741992216 -4.4647683700711855 1
-2.6953418089075085 2.279590604594984 2.6320017735182977 -2.786293833507043 1
-3.4418944935112954 0.701627465717984 2.694375233142022 -4.4004585351798555 1
-0.35393847395057976 2.5968159290988586 0.9868757878346089 1.2009793994941482 1
-3.157262031066612 -4.445681834635448 2.2134081689250036 3.081251174857 1
-3.5986584491324543 0.14061688657804172 -0.36023622615702877 0.44260405102346356 1
0.4592060262610489 1.3288704005091365 -1.2388393652456084 2.9716906573472066 1
-2.963103802936542 3.551693092070562 3.9150837789730133 -1.4733149692359335 1
-3.839479016346229 -1.0394903084853655 -2.9321756767062688 0.17171967313923342 1
-1.5189694187400558 2.644320884312079 -3.286031165564803 2.751790712181327 1
-1.9480667606103688 -3.1859143671504127 -1.2741223087417095 -1.976154831988409 1
0.8401670302551025 -4.449048143280455 2.57953363080034 1.4311800719259606 1
3.8501440647416536 -2.562562659260574 4.324167611335009 -3.0418746754827057 1
-1.0339033184871458 2.1380939944069395 -1.23286534925903 3.5072216322818175 1
2.5375275878719887 -2.450221613151769 2.642785369901182 -3.987109346481223 1
-4.414919433248855 2.870493363572675 -3.6784490150422293 1.7573860068865494 1
1.4473623711993855 -0.9715243934154781 4.148678607303406 2.2535823656807077 1
3.3365820780261144 -1.8242881209010133 -1.2961174981265504 -1.2478402842734662 1
2.542404645546834 4.428838664682451 -2.823114536023923 3.0122086505854284 1
-1.8100836490376508 3.1686805253401875 1.9957005990758585 3.5535374460644156 1
3.655511670731832 3.345422070207597 2.3498377694955734 1.5439503153929954 1
0.2597809734534381 -2.880317903100275 -0.8854030987212317 3.646479793308502 1
2.09441026290994 -4.120304811739419 -3.751292575027955 -1.7333757671627752 1
0.054376789833575856 -3.8093914198516794 -2.99302998378521 1.3710014178211714 1
-1.7014791732240448 2.379236926409605 -2.2856517435682955 2.703303431324968 1
1.1575340375254972 2.7179771739845697 2.4004579773358654 -3.21561556859665 2
1.0794383057411552 -1.4379068087686924 -0.2582156199756708 2.376020975987564 2
-2.4761967022380555 -4.322672313223595 -3.44507300230769 -2.626198221482856 2
-1.3511705561437548 3.8464216666328785 4.138269447088331 -0.8381176488291301 2
1.1652705062438589 0.09467551727625956 -0.5105947773841629 -0.8554451343119223 2
2.5156975231280176 -3.3976967335990054 -3.514754746513 -4.169616975234425 2
-0.24584231175822868 2.037576909905609 -2.884366539294075 3.8904340097513495 2
2.6791776902624935 -3.457186178892012 -0.9638291796107568 1.7210308693862328 2
-0.8337115063283952 -4.026402255578842 2.4366366404913413 1.6985908544853452 2
3.666522138078345 -0.2356230078541326 4.282535188244962 2.8002872963203798 2
-2.9363895179014143 2.5467283313547546 -2.410645285232568 0.05806707612245865 2
3.2390932132067 0.010954156630572531 1.2128008126929746 1.1835586625124583 2
1.225791517513025 1.3790468367916964 -2.1942797935786658 -0.6402301576956552 2
-3.8535715042612213 -2.3772333830857946 -1.8624115907523586 -1.6734925353894006 2
-2.18876202689551 -1.2631631302394135 -3.033663195325711 -3.263038259854909 2
-4.240758076466187 3.4163607647771697 -1.902897829624444 2.0776814713172804 2
-1.5624518483929668 1.0067958106583483 1.246628433009867 0.2747852431130333 2
4.34973687703001 3.9599207416465823 -0.6481520119259114 4.1597053807376865 2
3.8506792525143103 1.3732347958543811 -1.2941494706203929 -0.24798500420850345 2
3.7748045520281486 -0.45123641240638634 -1.8308625557763325 0.24250678764297262 2
2.5813353499589513 -3.2508158454825686 1.811179088016647 3.2692561136794054 2
0.7885292857250757 0.25414099043104144 3.6945749393277643 1.503884282796101 2
-1.1303668439627845 0.0899890557921581 1.0647106890781743 1.7454648767078527 2
-3.162644711984692 1.12494477618894 -3.1452806966202904 -1.3834991649624149 2
-0.16613078373068357 2.7614060956249196 3.96143801183879 -3.4384299623377563 2
-4.011402324545662 2.116431468812886 1.863840885977036 2.398754688853488 2
-2.8166370028308325 -1.8343053797863529 -3.125456264005628 1.30231183682691 2
-1.2404191665328415 3.5836352402370144 -3.21001053797832 -0.21043337918589478 2
4.106937549465883 -3.3175940086711027 -1.9969384118772615 2.164660663103062 2
-0.4223488311886924 4.39828412694875 2.969668994211219 2.881225205722358 2
3.7090569964712636 0.8720150123477651 1.8587596585289694 2.2457154061386584 2
-2.557349055124642 2.8005578119888175 -0.31044228783408656 4.218392875949507 2
-0.4919649278583249 0.2194257885297891 3.087126026595962 2.5010745588692105 2
-0.24613194352643053 -2.32290400049105 2.1787102079926006 2.0303477680596416 2
2.7864785564404904 2.4661249191177053 -2.457970846594694 1.3197542840273666 2
2.794287577999052 -0.06751597326504921 0.21727734135735055 0.17099856004191538 2
0.6708291449471278 -3.274937854251752 2.5924385442348767 3.512312835667668 2
1.6396988411255802 -3.9860795681529124 -2.8475041217402057 -3.4766184150613837 2
1.9160338639056267 0.4822724728008301 -1.8408764512804994 0.9594349760111656 2
-0.4299261813596119 -3.4061891829077955 -3.651532832855999 1.1580643929285137 2
0.464097832441676 -3.7792766598155407 -1.3083407911099236 -2.2781360166790874 2
1.7354483956759847 1.1783483725265018 0.6068838035434881 -0.24654137968430823 2
1.8432984731893067 3.7432933454216344 -2.4874475874553608 3.276144997189714 2
1.1014363250323054 2.5622522856215895 4.346801718556645 -3.021607126211072 2
-0.3808233582570383 -2.995764301296439 -2.168028056873453 2.2910321571573546 2
0.355466993020789 1.0440737044400952 -2.1352499291327667 -0.9411325004005351 2
2.0589202837138605 -0.20816474615682035 -4.171269524621482 -4.472012068268369 2
4.094442041534505 0.5757941277414378 -2.430628420481894 -1.0690624101631303 2
0.1256708667891424 2.7393766365893155 -1.0619535816043397 3.3187004639067617 2
-0.5822438707440067 2.869009129521825 0.958499745506655 -1.9286274520458733 2
2.3888225017282076 3.375858127004869 4.1503034662526135 4.1617618087484685 2
0.6611088535108469 -0.8291625753156421 2.3871271511395107 0.6034344991401098 2
1.9396460902865793 -3.5518161702811284 -4.1301105755162215 0.10391335333593321 2
-1.7866060537439088 -2.9702172628248134 2.2428161868445256 -3.3680094911986274 2
0.8466828001311771 -3.6551866718337265 -1.599685347829999 0.057477253590696886 2
-1.3958573324183763 -3.2176029892236016 3.5261281526368133 -4.458418608914482 2
-2.272032075222728 -1.2842364634097705 3.2481997165577408 4.209744855334481 2
3.9425641193498624 -2.2653010859860414 0.03227586850436803 -3.8586543602179666 2
0.824180063053608 -3.0564228892649425 0.5381662106519961 -0.3864973718566891 2
3.0556787254507474 -3.187169881933624 -0.9508874617898664 0.3154563004263279 2
-0.16522533964370545 2.957905155800687 -2.2618920527169064 3.305199011249215 3
-3.456286534972598 -4.110716332442281 3.882084269939879 -3.219917271081471 3
-1.0228874925564377 1.3280224573052064 3.954840747079412 3.7995532598171446 3
-0.5249557288062912 0.05725616014151824 0.1778348038275377 -3.9639203680882833 3
0.5908454701813177 -0.46825799664697665 -2.464360061049318 -1.755732780814765 3
3.2287952114304246 -1.5510930120924522 2.16607169538362 -0.409012743761052 3
3.3100599432648807 -3.1456015121741077 1.3786297104443843 0.6472005255146931 3
-0.6216884331242459 -1.9667282051232746 3.413660284061575 -0.35952396819986787 3
-1.126243701169514 3.2245568559887894 -1.717222167444231 1.5322730705476644 3
2.8629739000815126 -0.39353103654767085 2.211556738824747 -0.9921327365232598 3
-3.183377630272929 -0.6450309031683352 1.9660620574117853 -1.0583585270545464 3
-4.1532545393414395 0.8649741168321243 3.062935668569091 1.3158333136126374 3
-0.026086285669262077 2.92113374936818 -1.5132219026141336 2.3827792532393515 3
3.233405559318598 -0.6007809066852019 0.42270859039377573 3.7000808286131366 3
-2.683477069549372 2.8906822503767318 -2.2414417257606334 -2.058098209075409 3
-4.150753377154262 -1.393252483036737 1.817424957407928 -3.769472294015427 3
-4.2676604101546065 3.9851024548111496 -2.2911938264225578 3.965525799476375 3
-2.4314067595994016 -4.4308219454451185 2.2949319952268064 -3.6279629504093394 3
-3.7339759279121587 -0.6614580454055046 0.48727768886476663 -1.2879616804811727 3
-2.518187512992046 1.624293662763632 -2.8421827342031594 -0.5355855449224977 3
-0.05226383851200689 -3.36052950717528 3.3092234569881684 -1.4663139214075054 3
-3.0740475098987545 -0.8415937450282643 -0.7350979573152093 -0.13388268590714847 3
-4.250831020119015 0.031746726597417174 3.5104818135790423 -1.953282025390509 3
4.477520315402989 2.634784782771228 -1.2012231913617806 -2.0570687883954504 3
1.0074582767673508 -2.0525101897444316 3.965918034583176 0.21756473661888853 3
2.6196595797676587 -3.701843957121842 -0.5305840099715825 3.007135949109696 3
1.585454164795852 -2.741594404777375 -3.975927236261606 1.7660906652670787 3
2.9621544034655423 2.368052465577959 0.4414319316405757 4.221838392067547 3
1.4188300417745774 2.0665406794171637 -4.423703811509569 0.14653839810602232 3
1.2500173720670795 -0.34104146470142016 -4.315404324371669 -3.599804491964841 3
3.6327249766681193 3.1721304352183832 1.4132186053195817 -3.690692308085144 3
4.314400657440616 3.659202902237047 -0.3718337957828389 -3.5362499548289903 3
-1.503287021802046 -1.5075758120672687 0.6188810185904157 4.460459512204789 3
3.2449176354152582 -2.71568592339824 -3.540116082280341 -3.273053236864638 3
0.31928403388854554 2.9784004234904353 -1.6931539237832574 3.6056702277909194 3
-1.8226477660136373 -0.08752712492979697 0.4387370224691497 -3.028658276039053 3
2.3335384005114124 -2.128341566268806 -2.155282004270031 -4.262264390352998 3
3.65044147805016 4.271585069348506 0.6382435446158724 -3.138324480619283 3
-1.5176263298506079 4.4001664104145695 2.566019551362037 -2.0180994704078734 3
-0.7291698087213658 -3.2163209942287 1.3845893689780424 -3.89110591105903 3
-1.9146157152291061 4.222870261093084 0.28088067467298405 1.0695393168463756 3
-3.835105955725029 2.9960371389092453 4.365582408840686 0.2609604762973865 3
-1.6147169192293722 -1.1109336446741334 -4.148950674277981 1.3555775388908693 3
0.44466436299180123 0.6436821909782441 0.7494777180101249 -3.026350004622852 3
-3.4721290399849214 -0.22316946201786736 4.334275267856815 0.17157672562933135 3
-3.1810254193189027 3.4421272914416425 1.1577806764970853 4.4167424804446505 3
-2.393081381142703 -2.6983594301576854 -0.21357484600102172 2.515489802800018 3
3.8398384252332707 3.5804020350405708 -0.8446587149334428 -3.367326748481956 3
-0.8932093181344353 3.614698870919006 3.1966745186928476 -2.543684522871155 3
-1.5238544161006162 3.8249042118562606 1.5722215956774643 -3.1386838595158872 3
0.6572948268146964 0.5545241482204868 -3.229547487006753 -3.1560043627776673 3
-2.7960988285529274 -3.1336472847125427 1.9589399509547798 4.0886423580465 3
-1.535298964222974 3.5898556911456505 -1.60340282338037 0.14573661876438904 3
-3.1589631651247427 -4.410667502197637 2.871965641422642 -3.3478008441015774 3
-1.6570879589778325 -0.45758038106060217 -2.5329205237696506 4.1122705546952165 3
-2.184339419244339 4.2558416233135405 -0.3656679203949733 3.3242203930865215 3
-1.8852429625106712 0.02729733416195468 2.939752487376169 0.5564879606885409 3
-0.3686121177520555 -4.441177530667255 -2.4663739419569195 2.4838053444100945 3
1.317160680747775 1.7537158830643698 -2.956818646917553 4.262497013454338 3
-2.5944160515542407 4.464392727425841 2.0943476535362953 -1.1597311220745379 3
-3.4663172881539728 0.8562796973846644 -2.3086176948500854 3.92488205698197 4
1.6328597230804505 2.8087200412326934 -1.205055685486928 2.4050125874042774 4
4.371957814875598 -0.5864523876054454 -4.312197695132821 -3.2968873686494433 4
-3.790892485103204 3.984741780868006 0.15945568667917798 -1.1767446166827904 4
3.2036020701315633 -0.4466407308192585 4.047074717350038 -4.144457298252927 4
-1.4886771202354616 3.0363826200880695 -2.412719123220473 -2.7824336210179803 4
-3.509733127376446 0.35594693722338644 1.0138029312257082 -0.1581549941034287 4
-3.6851604706550845 0.538774926861762 2.942799323053039 -3.1672392458073118 4
0.16261006893423846 -2.943222604169355 -2.8979607971583787 2.7604875738437262 4
-3.158497797945271 3.5634889472380373 2.291259179112009 -3.569207476081665 4
0.3982990088852961 4.075313169379025 0.8508076212975892 -4.359814155196817 4
2.2957512284005372 0.5637435421264483 -3.9783837152525825 2.4014001399527922 4
2.172808699036647 -1.8973635148559502 3.5645618280000613 1.3366238076104553 4
-1.0570900411776751 0.9435751247204575 -0.6687821668743628 -1.3832763325602984 4
-2.775931454082919 -1.1988704960534506 -2.5264786850817496 -4.198966611840293 4
-4.096006979776083 0.015573382989115925 3.0455772383283906 1.3874871172735115 4
-2.6382098694448883 0.32807286713606554 -1.5604280838046116 2.6617212106951316 4
-0.09477800023835514 1.9096386541328667 -2.6162391139214565 -1.3451677159757907 4
4.046974363918011 -2.5027424040747914 3.866949711587037 0.9224801013643431 4
-3.5091099783650415 4.177151642792437 3.546180407949443 -0.47632170034314025 4
-0.588586359028211 0.28540714262224187 1.3399381894393798 0.7225223388083951 4
-1.8882990976853526 1.458094274444936 2.2738150482475383 -4.06845774233577 4
-1.37573127848982 -4.344274378669248 0.05938339741064114 3.0308449996528344 4
3.8475714538706054 -1.5150277039415867 -3.017388676428492 -0.3671327129587607 4
-1.1073099549220178 -0.03500956808648559 3.9681137775950015 2.5532501738184727 4
3.4139794115740076 3.3678379196713086 -3.8780048855053972 -3.850674410362932 4
2.4650322676323317 4.407207939215697 -0.6434272527304628 -2.6496353753032627 4
1.1842762183449667 -4.282677783597112 0.9285597552526906 3.628949091814368 4
-3.874216193522232 -0.8631993092531278 0.8864304192763784 2.4587852073066987 4
1.8266993229307231 -1.9325544434053232 -3.9948501735604562 2.6195614535918637 4
0.7873327779658824 3.30350054414589 -3.3271151797606375 1.4914168999970001 4
-0.7372735853063077 1.9459933518568528 4.165278032798518 -1.2620557366084588 4
-0.7807191511077163 2.604224593949754 -2.773896181256173 -0.6266039461932105 4
-1.5976199344588962 4.1391061755946685 3.2686263460243477 3.6417392376457114 4
2.0747992942283973 0.40753461254445533 2.839045943262756 -4.290322106029538 4
-2.52042334135124 4.004247037690952 -1.8247825592928226 3.6887160430783834 4
1.925157008215508 0.7894052214067976 1.6849487573700044 3.1543954213638874 4
-1.2994179582690493 1.660485412473637 3.4189260253418774 1.808688522917698 4
2.316721840426312 -0.6322147041146559 3.8734761009937726 3.2668696669613895 4
-3.93678525851852 0.8145119188138081 3.3357948367096806 -4.288736888048473 4
-0.7269329629950494 4.374773116444437 3.6710350333154684 -0.4941012525648234 4
-1.8766738504991218 -0.7073245408086636 1.9153787936260294 -1.0368345226647666 4
-3.450207394225433 -1.282285196744448 2.5948807961982534 -0.3161049602606337 4
0.212095740641163 2.1868429674254353 -2.0563459530694335 -2.184823698910904 4
1.641401606190914 -0.40007020237728996 -0.2607677178941644 2.3823663000163755 4
-1.0009142434993614 1.714056063335074 2.4416459531514514 3.024856733579628 4
-4.04097706425682 -4.093718949318888 -4.169596028089321 -4.14902854064905 4
-1.8873359548869038 0.3690681271199987 -1.8907959376672436 3.2561336724541325 4
-3.089098687001176 -4.3471868457014375 2.878496418592597 4.45565707367166 4
0.11743636688439063 -3.9654994004889286 1.3338621143210028 -0.46782053964532466 4
-1.397828166247341 -2.364993596031831 3.7748229859492883 3.3352481953396342 4
-0.8402573141412027 3.302896816392182 -4.0060699647673035 2.8020508955044843 4
-0.2913085093809138 2.2229972916865943 -0.3527854382525173 -0.3483248048346699 4
-2.8629257782356645 -1.4820824003695243 0.8327745696929051 -1.366403239136233 4
3.8955168931172826 -3.1915845090231643 -3.8849378778100436 -4.249713076803926 4
-2.937155357098534 -0.26788823728924305 1.3709421305529905 2.759012368889151 4
-0.8577313092284113 -2.141749512342421 0.3132093108776134 -1.362047106334372 4
-1.1652521478481144 0.7964249630307011 3.518986628948594 1.92876199926787 4
-0.33543253247035565 -2.808207454613676 -0.9908316074038573 2.7582164274344256 4
-2.4032269500092367 1.2290824140869296 -0.12730544642714592 -3.7729952217814198 4
