300 60
2.061123680602072 0.5511564209487703 -3.687084640970885 -3.5475641177211523 0
-3.3752961719168315 -0.9216686816989456 -3.5578527526980364 0.28766942290730346 0
2.531773856461285 0.09893683487801819 0.6554998115384794 3.5263039192918013 0
-2.855759774257575 3.181615877239675 -1.0904502078144371 1.9341807098998063 0
4.098347033713283 4.35792121426601 -3.040818005906082 -3.4806164664930344 0
-2.7656912355536853 4.237155912331954 -1.6649279793329712 0.35677933316007193 0
-2.386724808587014 -4.262815363411164 3.9673389146800098 3.120266509248613 0
4.0145430878726005 3.795523668188521 -0.10842790090613419 3.4879716101131204 0
-1.8542180896921752 -3.0035366802087817 -3.615856392410541 -2.154522798816044 0
-0.9411944415081641 0.09602761279616501 -3.687596514711334 -4.362675767029143 0
-1.727664943583434 -0.6338804976725612 0.8821602721115731 2.1492265000701494 0
2.970624650859833 0.5615421432550421 2.6082200121538577 2.207125443911239 0
2.9779947919157523 4.472363619761691 -1.451679337673637 2.0117391193540506 0
-1.5067907532564155 -3.6809268625168694 3.567416260300064 4.310532908090706 0
2.464484027299679 -3.155546425496613 0.7152021483199861 2.16128008702822 0
2.0281955368312863 4.096317908858282 0.12968090551022904 -3.264188325652313 0
-3.842138027106359 -0.47553524164032956 -0.5056432053746599 4.010787492152842 0
3.0700626099972 -3.1901429911265864 0.8355537740777785 1.6345444299515024 0
2.387443824133701 2.5360642625804752 3.488649396614964 4.329005696710056 0
1.5757069075057784 -3.314680326130733 1.9862041439825426 0.9054138044643648 0
-4.146271360476964 1.4042076929141463 -3.3054414012318576 -2.6250802264930764 0
-2.2393564746688503 4.39576545628461 -0.06883821219848252 -3.852003563175746 0
0.30044740137145454 -3.9674228080605793 -0.4479778980990239 -0.4594924178856663 0
1.7887978267361733 1.1445728982533447 -1.407289691568911 1.5199856484085486 0
3.5620068487834255 -3.0426779623510085 -0.7219991080274429 3.388106831358168 0
0.9934342056539115 -1.647134120095694 3.006809119592188 -1.2539251698746656 0
2.369391029211163 -3.0934612657469023 -0.34452486753145073 -4.4681093109518 0
3.868988176520943 -0.019705320785944003 -3.3636853305646275 3.7749945767325825 0
2.999105727151972 -2.4302751535620493 4.413710002694779 1.7144400283367487 0
-3.5387098984804544 1.5633034279307538 3.9209787017595836 -0.3329851787567176 0
0.7108492691968726 3.3826443644521147 2.2589358953595333 3.8149095445563237 0
4.4741487680685195 -2.022242923761362 4.457123713771187 1.0124657877111805 0
2.1837263630259396 -1.9374124272012896 0.10513520514297792 0.4066600887576375 0
2.0362380346620412 -0.08036689715985212 -0.9575981765478572 0.3139713575734242 0
3.3121448316708992 -3.039644669899614 2.5756073226835103 2.6919451690876652 0
4.241925896601867 -4.060028757387884 0.11803189697132987 -0.9429377645198983 0
1.8049131906940308 1.3675041867706381 -2.3581142715390793 2.3857976111810886 0
-4.081868188683742 -2.7242921129190156 -0.4189467887702647 -4.062261254975873 0
-1.524536947261049 2.273804521275609 -3.140532188640358 2.6391127377314327 0
-1.214868764612596 0.2769390577531642 2.990344494312538 1.862867961079947 0
-1.31236813913425 0.13206655173010629 -2.0286344153781086 3.5309604314597913 0
-2.144705652632487 3.1656553700380186 -3.4231307479851214 -3.5245371514777633 0
1.1091713466845592 -1.7597722462719403 2.3181036566758415 3.638209775979848 0
2.47930701795031 3.5599678474873526 -3.9136921529095057 0.15433517665679908 0
2.1366693167875503 3.199971698760044 -1.5813427809651133 1.2596783833857745 0
2.881128002581715 3.286988512656748 -2.1637273967457844 3.520123571697911 0
-1.0608334365543053 1.0026635367929635 -1.63822374337867 -3.8213181708044153 0
-0.7604464275960462 -2.320786784796424 2.079614158901545 0.9187630391074055 0
-3.948740512191498 2.857644964621594 -2.3880108439402026 0.7211930901486554 0
-1.0473110441860363 4.309564328777642 -0.7220125641193057 3.578555639888606 0
-1.0631472995232483 1.1713471563978453 -1.2552249748116104 0.6195306371351985 0
-0.5098337407237804 -4.270299953349495 -3.05107338839464 -2.546250531811845 0
-2.4010627921498875 2.5132360990120692 -4.207705207532717 -3.5693501064480575 0
-2.9702769148956794 -0.7688600256223762 -1.959437754457483 2.8097718712092217 0
0.8532005573242427 3.6978307011027622 3.5140765302093753 3.6185580269964532 0
0.05752411689556258 -0.5523011866882798 1.9662258773946695 3.7286096042153476 0
-4.209370655765927 -2.444317009153017 0.03268032901733664 -0.4017603168959816 0
-2.8655602850163504 -2.316994035082897 1.5710908035384186 3.0272137823940435 0
2.7851004233174486 0.1735962135819641 -3.336885576622415 -4.088673026706208 0
-1.1824423171499614 -0.33881697271027256 2.892036464149589 -0.9182988332738791 0
0.9439515911307841 0.5164077543581064 -0.5348084334028445 -3.4765623252760807 1
-4.202506900125887 -0.9088184024781558 3.117560752468065 -2.9660597312007058 1
-3.7501098683747136 -0.15150280842202524 2.21402252857212 -1.400999337628571 1
3.2088388525327805 3.129808878572476 -0.025678726239144578 3.7893111748587818 1
-1.1668452388296835 1.9630825399717726 0.157198279055221 -1.5665294003132266 1
-4.458504207256792 2.377695683123437 -2.3556385302282234 4.317691349784893 1
2.2203008259572607 3.2302694131537777 -2.5099421191114355 1.9763173037586954 1
-0.38907935212349853 4.0299490417697 1.7309466818380337 -3.951037628544186 1
1.236361190905806 -0.021416466502035214 -0.7947767004193412 -3.2472392475191527 1
-2.7978976846451715 2.33834443119653 3.1193066255209585 -0.48883599529633437 1
-1.1592753873439405 -2.6165362904042864 -0.1983354267854993 -1.8907990428428334 1
-1.5969501769904357 -2.6444450424231842 0.8437450338096101 -2.140963066199636 1
-0.8111820031828001 -3.2806081085888086 -3.472818586771511 -3.4444654623826145 1
2.84764160293921 1.2445513927247545 0.2693990117726164 -1.7635712672501507 1
1.582304784837861 -4.423145945862624 -2.4619508498508624 -3.1927775126363054 1
2.1375341539234656 2.4045322898241195 3.801498660312764 4.359622138085354 1
-3.0398770152735737 4.146182096097194 -3.7139090259626153 -2.8463418065608157 1
2.680795565896532 0.7570605592749979 -2.8225458302428263 -3.2158466223853615 1
-4.117296258748021 -1.4158018078400194 -3.246671781073824 3.223591442938815 1
-1.1909138505954346 3.470408860863646 -3.904896691257848 1.4801826668578772 1
-3.37448021099372 -2.7113832786585936 -2.820455500836874 -3.621583657700576 1
4.119319107118728 0.16460079590251608 1.3129325472097801 -0.5078050252014273 1
-0.04101189755584633 -2.370809701236961 2.13106406133036 -4.432092917240169 1
3.7824756311288668 -3.933435508635361 1.811962421718304 3.7612768847762448 1
-3.229717372234524 -2.431812382544033 -1.4993776333937827 0.5441336340633358 1
-3.8108081466870605 3.2659995405117987 1.082366284912383 3.701497318808643 1
0.7894525291122276 3.548818000333469 1.1805095213163201 -2.716520944467454 1
-0.024284304548862545 2.514666899442805 -4.203451222932246 -0.9539395682798468 1
-3.353951284965312 1.0048852577762248 2.554449018756102 1.6258123067064274 1
3.6963609149306573 0.07859632343632983 -1.6123940401668886 4.098030034493627 1
-0.34991726604725504 1.9841226524295368 1.4380939450972567 -0.6114498488507099 1
-4.142712553017683 1.9842025799399998 -2.8205572276774844 -1.7198171326585017 1
-1.9005655353807018 -0.0842333999448519 -1.7750196248275847 1.6643599092402726 1
3.361124057086028 -2.8008752481796764 4.3381700506342815 -4.439046111025108 1
1.3110612621617381 -0.1609208621708248 3.4127823610784755 2.7977643590132706 1
2.581872900759156 0.5456985117774886 2.255813741781155 -0.028519968438054932 1
-1.922583956448535 -2.851998557956972 -1.211408833774997 -2.558236620860133 1
0.07637608801063533 1.365945787795242 3.0208645752368564 0.8575454980084849 1
1.8945176220122386 -1.0420204261722286 -2.1791494194629752 2.5302758802661196 1
-2.069687461223101 -2.0079076410988073 -3.9128180107314714 -3.9976698322789286 1
3.543441931604128 3.488535693278636 -0.9063828679711802 -2.4786440081379246 1
-3.9760634653854834 0.8628966429171468 1.0105466529761227 -0.4719549358386421 1
0.17136927203897712 -2.9044928070038507 2.70456891165644 0.2677715741389268 1
-0.32649171501411633 -2.797499242001366 3.1785564000666637 2.213092882864748 1
1.5823322880852217 -2.978262930268106 -2.0060792434493577 -3.1951323688226605 1
-0.009912378634791108 0.0770385048813812 -3.5997995588946288 -2.8385798485994087 1
-0.5676415407873494 -0.11436644312914401 3.120541451824785 -1.2432734742169247 1
3.8513432962605965 3.635014698448778 0.4334573405523938 -0.6143891089899994 1
-2.460999454235187 -0.3539592699376891 4.225034013516504 0.11261250528265665 1
1.667688248431454 3.013769082083188 2.3804217561614345 0.5812003142535008 1
3.832376810098272 -4.27576325040827 -0.1240696326115368 2.317154935442388 1
1.4492756753753877 -2.256442506140875 4.386490592997981 0.7104286835299379 1
4.374500386853495 3.991082644539116 3.099630563190326 -2.3797723293741573 1
1.6427554518502507 -0.3715622609156678 -2.201839284449072 2.389318360389696 1
2.5362251393733537 -0.584964757302753 -1.1551605529489395 -2.7370069644805093 1
-3.3129088772177617 -4.394130177086382 -3.631450078781174 2.012884530741816 1
2.1809265876589556 4.295306975623292 4.241572287125596 4.4152128595420095 1
-2.6919377255268926 4.143384663259662 -4.069573830822254 1.8698646861485098 1
-0.37347872264521875 -0.4834532112971749 -1.8540461781445339 -0.028572327654988072 1
-0.11535173234033347 -2.8167170058756943 0.5615239175725549 -4.376293331769821 1
0.22794245617362496 0.2873389117900068 1.380084838716543 -1.7711899836948595 2
3.8583771091712458 3.5373085688390296 0.3051855366975673 3.4954942534372755 2
-1.817003854590293 -1.8873828062876057 3.3363675294071067 -3.29566921471846 2
-3.0544902556975337 -1.5454641408899317 1.522203250116827 1.3397790754505572 2
-3.5330374908322235 1.7809219720906193 -0.17234328579881397 -1.6917772147866161 2
0.4155371903178895 -2.38733437776576 4.282553169414183 -1.0735030556883678 2
3.8878862580467652 1.774476729051892 -4.403806060041113 3.01972935831176 2
-0.6990249408546055 2.7838350600357153 2.24076413836401 4.353981609769617 2
-3.1942043032642484 -0.8602600632024275 -1.2171032919394629 2.1870535117666896 2
-4.1973521808322865 -2.2321545439458137 -1.3778259130523594 3.3604626078779143 2
-4.309543862786447 2.086026108918687 -0.33364212603787125 -1.015972089627798 2
4.143361211519371 -3.942220624006984 -3.0618157624591125 -2.0130678070829418 2
-3.922917077118164 -1.05698427479509 -0.3829095777921918 -2.846204813514218 2
-1.5749379428681962 -3.588026285927743 4.410309731795113 -4.028042466842713 2
1.0124687057139719 -1.3235600735814268 -0.7370455110073858 4.018063706697128 2
-3.579686840699314 4.427184873786476 0.7834148883509634 -3.4253756190839453 2
0.37507834300015586 3.7897099481568155 -3.039355507960184 2.111537775533847 2
-3.5603917822108095 2.5717097725397515 -0.2189761659139381 3.3278983417276917 2
-3.904209134252524 -0.31833386373213235 -0.5480994716793064 -3.4890936986232686 2
3.834768678169113 2.4149815106674337 -1.089059577971836 3.6139715929440395 2
-0.944572077216263 -3.880458149995502 0.3699491700892594 -3.4048943888471177 2
-1.6770891591767987 1.9903762287451834 2.2018345623543496 -3.816493515591614 2
-0.8630470749124933 3.0060680251962117 -3.179425388928622 0.44621560097674395 2
3.5483138207928384 -1.234129532462373 -2.037829899469612 1.2751379977513375 2
-1.5978121221029462 3.14815460782192 4.345791680233539 -3.6333692416094765 2
-0.6408822463894414 -0.2766633842585743 0.3756550509249542 -3.1561654212136383 2
3.338869272832352 -2.5490746329071867 1.8597279852558088 2.095430751195997 2
3.5652305246656084 -1.7126027723006836 -2.3620605196127555 -0.9451707742751879 2
0.03334196669573086 0.43928378947783164 -2.1287050444611113 -2.715877424908385 2
4.1248279421057035 0.5322741782965056 -1.00582079040498 0.3930449380516685 2
-0.9896201574806509 -4.210422083564816 3.5387193811495545 0.1460838530961479 2
-4.218111466684139 2.161790266982273 -1.3641417240152585 -4.307502178091333 2
0.9585363922796002 -1.3588552176495996 3.3704603283560886 1.6063675237003738 2
1.273804498515208 4.090571494072738 0.42852238691745126 -2.744190516023294 2
-1.2329244239878256 -3.866057446165375 -3.699518879157404 -3.7333565743877277 2
1.9438482212649175 -1.671778897985996 -2.383310979844208 1.440026387210401 2
4.016610033398317 0.07581868412582149 -1.034460098383244 -0.4973239513061919 2
-3.348626974525958 -2.185561881932693 3.4051135919368676 -2.1348272506959334 2
1.649678876389768 1.6092426186766975 -0.22960979617595678 -2.5482572830225783 2
-1.2900480987681493 -1.2340960420810647 4.171555543185093 -1.3669887247261792 2
3.3816682345592453 4.347592037249133 -0.9610012102573481 1.7365408607229216 2
3.709032086191894 1.987559264110538 -3.4802358316745603 -4.421904907612853 2
-2.807592010116375 -3.588061532913588 -2.2355347674939985 3.4457522976861155 2
-2.75797681951802 2.075742697632092 1.8886922468618936 -4.461407931131853 2
3.1491354872496586 -3.934293975017364 -2.7168908571279555 4.444248406599875 2
-0.4180576669644832 -3.8452009770420013 -2.511251351448461 -4.215423576509762 2
-2.248169395398728 3.9351453777093623 3.525816116711388 -3.113975082381939 2
-0.3642182804791473 1.973559822300908 -2.8811221306236274 2.0299556370190976 2
3.7281505920345337 -3.542410718645421 3.9526527555791033 0.40444332792552085 2
-2.7194095525476554 -4.403309836123739 3.005129578933108 -4.493046622599602 2
0.33426712737361586 2.8383518240649703 -3.7385831020715434 2.4490366015815543 2
3.145630871995759 3.4716561617914397 3.4843993492836116 -3.891906872713397 2
0.7708060474089313 -1.9271961619328843 -3.16935358845363 -1.5218368200538324 2
3.9881366126509388 0.26896826694240805 2.4461687326387014 2.332732992995582 2
-2.9366228642009045 -4.364733957530677 1.0277632532464098 4.048529175042046 2
0.05833007551024749 -2.233615808660427 3.225441572501881 -1.3328502895233352 2
1.6895178450599158 4.229314192509993 3.3049693205921 -1.058201037091142 2
1.7492065583776966 -3.9451891147847022 0.6090725955779379 -3.0174498575652606 2
2.2180879721945312 -1.491239635528765 -2.811559087574185 0.8068846291377664 2
-3.0247304576021397 -3.0899427464013876 -2.850735695342941 0.20101249329731352 2
3.071295961501546 4.269286018256402 -1.001674441188956 -1.1436267773107356 3
-2.976585485357763 -3.256535289013894 2.0344020174637167 0.5415134325287017 3
4.323659604662124 2.4678627919960716 -2.840270592297628 3.4904933451795737 3
3.2388465750593602 -2.713792725255521 0.9568964514176899 4.122418222362561 3
3.297007824577844 3.3958374899009103 -1.696846321070701 4.301265472559059 3
0.19295240779074185 2.4450873528244013 -0.3692365099126038 1.443270659467839 3
-0.16047726656272265 3.764328837043875 -3.139164076090725 0.8394712352224932 3
-2.986089525926302 -4.2461714517444795 4.01271104846449 -4.2374982453597445 3
-2.141142855373057 3.077974695914744 0.28663554267209657 -1.4088136130820723 3
-4.306553487247442 -3.1782214449276065 -1.2949459696601533 -0.3909753452386321 3
2.5559784537668238 -4.1873100110984005 -2.429613037031461 0.8430380995755136 3
3.1413331038689467 0.8111981985969269 3.0827920556501764 -4.180169456321011 3
-0.05792372683274716 1.2778845597370763 4.474669600655359 3.151604363409546 3
0.5761065357310156 -3.736197848270831 -3.917368240514066 -0.7302195510941122 3
0.22857499049929642 -1.1683676950827793 1.702025760832913 -1.5210370786398248 3
-1.9132078097254253 -1.204038055760183 4.352132386585533 -0.9879746867107431 3
-1.9944205535918667 3.9192493154692873 -2.3493787631253578 -3.4510177787400496 3
-1.5216975419857999 2.2643165622008197 1.274811925822013 -1.26232329397014 3
-1.9256239486310673 3.6196873496590367 1.2381626406001844 0.5641397427562265 3
1.6516121049015158 -1.5096337284723056 -4.483520050404343 -1.5387162648961423 3
-3.9609334734863344 -0.1612567277089082 -0.8751351597159073 1.2471117106322125 3
3.2004982529110553 -4.444985072473206 3.1489595960478574 -2.328689400586853 3
-1.4901719383198957 2.308912203240751 2.2949627893753535 0.9618214837873691 3
-1.0008596679936845 2.677309948961377 0.39197325370514324 3.530304119987988 3
2.894402210243415 3.8374905344311836 0.344759266080771 -3.0941136745410978 3
1.2878165760520655 -1.228937692763064 2.4978732355161593 0.6401392438570418 3
1.5704466389273772 1.0361251982636868 -1.4937565523740521 4.452186251825896 3
-2.4528855770320463 0.029163055421964623 1.1119750201571414 1.6144878526795168 3
-0.07052148784184409 -3.8069347931321222 2.502704522221399 3.0235763423106916 3
-3.441871529705357 -0.4847094825446394 -3.2944208861633513 4.4791821771234055 3
-2.9627598593402444 0.20164812664706633 -3.6311093005485082 -3.6874079165756553 3
-4.007279851706391 2.8977025153752076 -1.7001541502828543 -2.4534573162515865 3
4.069538030433155 1.537518699012529 0.6287333059464288 -2.2833433775544885 3
-3.3832284568329696 -2.152636785000655 0.2665946986200879 2.1051806587781847 3
-2.7396062019383107 2.5107187187900863 -2.7231040390921537 4.014802956778088 3
-2.405561448599956 -3.389821853689636 2.795865415318702 1.4415881065907503 3
3.574688061443491 4.0438665384725025 3.8825954227204 -4.253210170813329 3
4.114308101884271 -0.04051981676762939 0.07938364191179459 -0.5397245044741473 3
-4.4956313870195785 0.1510726722388297 4.3955318245215125 2.7472383502186166 3
-1.713952288452375 1.9199831790102624 0.4454931053384762 -0.6343257945262797 3
-2.3462865821425862 3.732616873727285 -2.354818921994933 3.769718238166287 3
2.73818566432126 4.38441635316627 -3.4455895109957986 1.9472110209237743 3
-1.7616233703617348 0.23807968362135767 -2.6545467109732073 4.2986116575897135 3
-4.007562101999028 1.1361716080977082 -3.007778040949274 3.633412642824715 3
-4.185781657939609 3.695819700724399 2.6895074433502906 -1.5181286290268865 3
0.1698356602698493 -3.182310943467464 -3.3190410939447927 -2.5740836189428373 3
-1.9465537846375467 1.9667731617679005 0.7627598376130881 -1.5326780306938688 3
0.27309491667683516 -2.676108409518679 1.5135343490048836 3.329073702874737 3
-3.477580938985309 -1.73416241266219 -0.7505917836501148 -0.7250901229470196 3
4.450157657852468 2.610104621984477 -1.5938128151409252 -1.91395569706707 3
0.8707484176893355 -2.6828789453027757 4.243957078319486 0.7446877459169463 3
-0.09265196930975372 2.2647528621976667 -4.42104501263984 -0.026667175407339094 3
-1.2618250629475352 1.216402278937439 3.085732241087354 -2.2693779700146983 3
1.208191276861358 0.6003218424030141 -3.5310314831478475 -4.270410777844219 3
3.4429881659429595 3.8374219989400165 -1.5103915388955018 1.6897996818832242 3
-2.6742672167656756 -0.5665646223862594 3.7681923293747612 -0.7892939535944697 3
-1.6502967384244265 -0.49411696286479534 -0.3260980045101667 -4.3609063796663365 3
4.2050711757979675 2.060707317785031 -2.6451497946815885 3.312859955567175 3
-3.04947061750377 -0.6075770474445664 -2.377692626313217 -1.6593452754185742 3
-4.445596597800836 0.45347358677277294 1.2217880985090348 3.104302586184006 3
1.1557091509971005 1.4058862343630454 2.513727954441254 -3.5412701562231925 4
-3.321745941251965 4.217683379052022 0.9739555152880889 1.1078065839623634 4
3.4990108456817994 -4.384771863062237 -2.9909360999593586 -3.446084963256348 4
-0.7011588800069988 -3.0866443184916137 1.5758822903077196 -0.0631263572758356 4
0.0016104844994700995 -2.3669557154246212 -0.18061120230117678 0.3761937514853638 4
-3.8602800976417795 0.03908021884740642 -3.7323185266530885 1.3327463154111352 4
-2.6480233435762353 -2.033977037356537 2.605783135126535 -2.0223236937410274 4
1.4084442634864374 -0.22449127006059855 -2.440100001642993 -2.9078926023353437 4
-2.7232289766486852 3.0697199156478523 -2.86466478584931 -3.812219155219699 4
3.0018648381517177 -3.445052698228603 -3.8198427692518653 3.59196642243184 4
3.6315410503804975 1.712912861320665 -0.903770423863289 0.24558694740821085 4
1.8986189759010366 3.226780797006465 -1.6500854239954883 -2.7301066215245635 4
-1.8812731792740416 -3.714598287722387 -2.771999060007473 -4.329076902600645 4
1.8635104021955637 -4.380089866232747 0.14892927019348723 4.22989346727795 4
-1.327609536349931 -1.4669460445405451 0.3216580142575495 1.266180673868113 4
-2.799839458093697 -1.761976447631652 3.046884168205738 -0.7724962364046575 4
3.753385480254617 -3.455466718599946 0.5233493543495282 0.3320631709300427 4
1.0401427108536292 -3.158194773222431 2.408737682528566 -1.482281992453188 4
-2.8866809998281315 4.1715582224616155 1.4654291090997604 0.6210058545577611 4
-1.9692054936363907 2.4329906266376065 -2.544015537325573 1.504566614179104 4
-2.749550081505098 3.0577519223771823 1.8511455301988686 3.604832996172482 4
-2.3791963525629445 1.229619299079752 3.9676351925374007 2.230847272442098 4
1.0244873761103535 3.4945012276307765 -2.1165376887382292 4.019033414322667 4
-1.9671629496276537 2.884361285034532 -4.200273587292299 -0.6336784311801626 4
-1.7443806662798091 -4.171068606064639 4.358186908762189 3.4358426742559707 4
-4.254608034014856 4.151736881811887 2.935484102854002 -3.704286503524096 4
1.0958497483365957 3.6686080509564074 1.6125107806966366 1.2470348362989994 4
-1.7517397950559563 -1.6309546259037182 1.0067224012124782 -1.146774155286162 4
-0.1412986903127288 1.511867499571613 -0.18064644594770196 3.965982888156958 4
3.385647115029876 2.67388791005323 -1.9019050612481683 -2.002605553901941 4
1.0205407775924704 2.8321642671436424 -0.1941748935922455 -3.7320556494057633 4
0.10308404466021959 -1.0972814751792939 -3.8924320681226536 3.5990501515415865 4
1.074469145645137 -1.2336777886503092 -2.17783247680151 -0.3793118760138192 4
-0.421463151774065 1.6626124900218995 3.227574522153521 3.379712157193212 4
-0.33208614761384425 -1.6776158399040004 -4.1604959901136 -0.914389473860714 4
3.5656721893479792 1.89918965647536 2.97840584288813 1.1271055314718943 4
2.4687419912070374 4.156117769090072 -4.235659798550615 -3.188093348927374 4
-1.1961199482322962 -1.4718739530688065 -2.4710213968040815 -1.1539391299217794 4
4.3034065072624035 -2.4446377070981966 -0.735736353436073 -3.836406812855711 4
0.8969726445298281 -2.8415720085921343 -4.310416532744652 2.925929232283045 4
-1.035045554077413 1.9618904487355537 -1.8843299576380186 -0.3119873902256529 4
-4.023531773403751 -3.5829140076969126 0.7703894079535342 1.057443136152095 4
-0.3052890687272657 3.932516091132214 -3.274616534430918 3.482747509497491 4
3.99860639694673 -2.9927817307222995 -3.3396229617150084 1.0972348315252067 4
3.54540130644183 -0.950693429721489 -1.939216929183794 3.595056442369531 4
-3.3809577237587174 0.011518131647137109 -0.9156334489167355 -2.6974518060667987 4
0.4741517823352791 -1.0919194588547245 -3.0390687198262545 -1.913599371186502 4
-2.348937944339557 4.052212647456577 4.008179248332445 4.114108207974052 4
-3.947055912046215 3.6868374244437945 -2.96521809989499 -0.35882983483865905 4
-1.0244058028053487 -4.067137809833337 2.919794925032803 -0.6201103368478184 4
-4.03598244509025 -3.663962507294892 -1.822792162095152 -1.7707643404810773 4
-1.0521231618762639 -2.658900821968773 -3.569310425761649 0.02508950756963302 4
2.2314030817970045 4.441470066124442 -2.8969016983356464 3.829458128410891 4
1.963397157265654 -2.6521261734989086 -2.7206130728768794 -3.579457341768221 4
0.5067534324635019 -4.423921537242878 -1.2647050140599831 -4.085425031998918 4
-2.454868362324282 2.412838170302463 -1.9475517257121362 -1.2068507111395768 4
-2.476654065794515 0.8022415969219915 3.159927766108482 2.9287661611526925 4
-2.488249450667979 -2.7477910995716326 0.01936205292304949 0.4946777131797362 4
-4.222567712454958 3.106301738814148 -2.0452678735853245 -3.5527424856720957 4
-0.20987243065493932 1.830573177737722 -2.710409721730385 1.6355449325828486 4
