300 60
4.20326855112309 0.42509024258150097 -2.175220978577132 1.6826717416386316 0
4.254159239683959 1.933343943069282 1.602742649140897 -1.093410067557088 0
1.7795594213754373 -2.5551945397766125 -1.8178820917978298 2.207770021274924 0
4.286470092986176 -4.443927703158691 -3.761890061139709 -4.3025216372263735 0
-2.2231587385490044 -0.5868762083599879 -0.8490339993362398 -1.591030858439585 0
2.514446296143772 -2.7208343285977223 -3.8633581444261784 -3.7232693475645386 0
3.2669391203930003 4.350606094577815 0.0064447834475572785 4.095912271421063 0
-3.0254198273577115 0.8760054953957329 1.7967094444105096 -2.8806289932682048 0
-4.419125120992005 -1.0208584562073355 -1.277074809551403 1.6296593862020163 0
-4.102559478616504 4.109876709428123 -3.803119687382363 -2.729986954610186 0
-0.5746801780818211 4.040795761034065 -3.8736421651040436 -0.2614736696317418 0
2.576753873415549 3.296603687235286 0.4079111093010974 3.266974415457938 0
-2.9415112065364664 -3.8254627168820368 -4.212977447534628 -3.256751051723578 0
0.9066844923999237 -2.9882503465343655 -2.0043225419506214 -0.7732230135804867 0
2.100421507595129 -0.8240052586318675 -1.761603774024275 4.41473573680971 0
0.25117941076128303 3.938144255558478 -1.3136245544665335 3.6693243288294077 0
0.195265102004622 -3.5262595540149237 4.441399658872417 -1.87249684045152 0
-3.0759893353368053 0.40682386532891524 -3.108839377341475 3.1760498061963967 0
0.2196367206162605 1.2384921971339429 -4.3686633197343205 -3.370620579772921 0
-0.886541007687544 1.3482459811740806 -2.7355866489887495 -4.292564309822318 0
-0.927899973884406 1.1152450219340078 1.22010868643221 -4.351468007827632 0
2.4066447038111147 -2.8892348096298224 -2.0391175434641418 0.5119886833853595 0
-1.1198180827121185 0.022797533942409354 1.5466722346482102 -3.402777680068604 0
1.6800037192471122 -2.2168831620475515 0.35118970367147384 1.885301629472481 0
0.4926677664830268 1.1243775965768794 -4.084778104959848 -0.3311532010319267 0
3.5595104945053144 -1.234317704101862 -1.169249041357085 -3.8503111354099504 0
1.2380136571686298 -2.7769823809293297 0.7305136905506596 -3.804699871378516 0
-0.019852968444248553 -2.8579913588591386 1.6619181539985437 0.02851934043294002 0
3.7654473522578646 -0.6136013579289513 3.2772855586176575 -0.196253031104619 0
2.9716929188851164 -0.7490132578947368 3.1731743496020295 -1.2810137762616494 0
3.6420082986903024 -0.8565730442018457 -0.20061701034626378 0.9187396061594195 0
-1.5194294721798953 0.6492489324547376 1.7207608365692129 -1.7513404520103797 0
3.1089928418470194 3.249128805777648 -4.0599173454410025 1.791036562971449 0
0.8611930536150102 -3.7380455008163076 2.3320805560684112 3.409216815102242 0
0.8753994658725742 -2.290916622752081 0.968254439796121 2.6807898472157135 0
2.09334103730971 3.551861630850649 -2.8606993667535336 -1.4119452748121943 0
0.1326057382183059 0.9320715932418575 -0.9094116424427403 -1.478710143607254 0
-3.914389688554734 0.36067256678525705 -1.5560859516306507 1.2868480975969212 0
-3.337318946966061 1.0310656171529877 3.0112741635957883 0.23265582767668258 0
-1.2271468765964588 2.409822308976712 2.065243054014697 0.8286695287599172 0
-4.063192772224028 -3.5116369369394036 1.848702310760314 0.8967822750002459 0
1.6562089361126486 0.13188327375290843 -3.258465017444228 3.2469917416955862 0
0.6447723445327423 3.0933629459158984 -2.98682703279272 -2.0221748726498276 0
-0.11036124765293154 2.791299799135304 0.3106134594593255 1.600816075435981 0
0.09219266365446044 3.840486239162261 3.8564647447760567 -3.1825849310451795 0
1.5023499438566341 -3.1614584450934875 -4.06165810571205 1.0178318505021777 0
-1.2190214220681976 3.2919742434968935 0.6617692605450536 2.064184224958516 0
-1.347433102300359 -2.7987681648946063 -2.8558434822651364 2.5504283829913925 0
-0.24640821750804254 -0.9649694266008306 -3.9225007115638775 -3.3372581955643636 0
1.0703693397968426 -0.569103372544381 -2.8992115247202217 -3.7088216030252124 0
-2.1517005843495403 -0.7877500950351886 -4.111150513659394 1.3306120502501466 0
-0.7286936890292967 3.621796702885268 4.29442088465189 -0.7208718499042082 0
4.316546358364368 1.112119554662225 -3.135706779508046 -1.8396695680372153 0
-3.7513428968622495 2.096988458363955 -2.3004133974762606 1.939984284872714 0
1.6081686223108562 2.934205803226976 1.0969147577305463 1.0020246416940708 0
-1.372937969600499 -3.9700791525768917 4.361868586226657 -2.0167981077757937 0
1.006396348097629 -3.383868435180552 1.1353209798509791 -0.9352551490719867 0
2.3357657624699826 2.64980985818978 2.1352515973915187 -1.247379772624344 0
-0.8223589192509185 3.99417755294741 2.9589564391634586 -2.0100865409990103 0
-2.9359818562025173 3.983272647542822 1.7305155308625988 -2.608737690499307 0
-0.31059292664217897 2.3669427714782953 2.3480473052431954 0.1671742529021515 1
2.2753817593237162 4.330889272181347 -2.368313254056866 2.1824351567155134 1
4.259501947160376 -4.139179878229484 -3.451116471216326 1.9172870939434143 1
-4.356258502215954 0.3896128352118068 2.3872771707404414 0.3358361799798647 1
-4.1951014389143175 1.4173617225174526 0.29889690794952606 2.3329151329452276 1
0.31412341498007323 1.4990255649023412 0.5957385995490048 -3.82833211608805 1
-0.5279336606459697 -2.0477568714863748 -3.8356822568657667 4.1041567962269125 1
4.047020459530596 2.054424961739222 -0.0605259749315703 1.478430532462788 1
-4.443084564610655 -3.6060501159524296 -1.2183358222611471 -1.2823621220891102 1
1.185230206124816 -1.9076685570206267 1.6649115363468177 -1.7029602529238583 1
-0.8314049043750811 2.5337801150793875 -3.588230662303458 -1.5244041722955446 1
-1.3126901563857118 3.832277375513331 -3.433742739373614 4.283989058672693 1
1.9840690928215472 0.4673379665823718 3.1421001326206484 1.2298119466379749 1
-2.8713164757740786 -0.8136774929911553 -3.8486708757654866 -0.55614094365061 1
2.365936108589911 4.417171366653514 3.548618246974975 1.0433016434533307 1
-3.8371286329143603 -3.2872265369840044 -0.9655591992789002 -1.1439663035322065 1
2.1604025700173333 3.0040323292925217 -2.915332126281528 -4.472586157817402 1
-3.7010442834881756 2.964761547489051 0.34744877232151616 1.502738589500929 1
2.5805908299157605 1.6939914588371345 -2.637915703001915 0.7747524137680161 1
-1.4406622516606045 -0.4991340191912963 -0.8273861024660392 -3.463481125924604 1
-1.2029747467361913 3.06419458249964 0.2918230993835591 2.9662417940525385 1
-1.5451007680718265 -1.5968252137206986 0.9255907682124872 -0.9338701163725605 1
3.917617715103187 3.7798861292810804 -4.289122327087153 -2.196762112923201 1
4.218067128394637 2.7679405789314067 0.9414952604943779 1.6809747036666325 1
-3.717759441215113 -3.681805035411808 -1.5446585745084447 -2.6835447392454497 1
0.5137386773868363 3.2056539383503586 2.4289665465760346 -3.6817561801130845 1
3.457780775777414 1.2316380557994075 -0.7548547090267067 1.0419999555346373 1
4.102241345855239 -3.1330295889057247 0.06381630492558799 -4.007629864237873 1
-2.505771630175023 -1.5075434971125317 -2.62878973902497 -2.9380636132498186 1
-2.1887557120659857 -1.6901547094795326 0.10450529278886433 -2.6489057427617935 1
-3.433990352997737 -1.1219387099729787 2.2456180767616685 -3.7321111719911735 1
-4.232034029405347 0.3400349955799201 -0.9463288642679921 3.443573594394184 1
4.012454652078991 -0.4938732624575871 4.063385654736911 -1.6937196183166359 1
1.1173791989729183 1.0063111374155616 -2.651996562984234 -4.314849269056664 1
3.9004125127293623 2.1106714770778434 1.7927445146612349 -3.846959676368413 1
2.9233883538542194 -1.4773553108778896 4.475385642653175 -1.7992061202766387 1
3.667181817852731 -2.833116892440185 4.164070909568434 2.0134494318869267 1
-0.8281595799544424 2.1370677607320863 -0.7880807369472532 -1.6061222501282881 1
-1.4988925641258501 3.4752080821871942 1.538967884353983 3.875052828588262 1
3.245902759222931 -3.013936916401015 -2.0964558331207948 1.3060602947535238 1
-2.4232865244500155 -4.028086091822376 -0.5949553448915821 -4.152616416250329 1
3.228487636403565 -1.4469758259829302 -4.039956977697351 -4.090387981503429 1
-0.9607794447009995 -2.06671065985528 -4.083921215523703 -1.7369183704480586 1
-3.3909490014352937 -0.38754682414141284 2.6777886217292504 3.9945378632961983 1
-2.3875465222544254 0.5683791143693318 -0.8013914925826208 2.477699717257062 1
-2.6751145703448707 0.1024855392217382 3.4860311499245524 -2.191456153855738 1
4.0349329554859725 -1.1534966427342594 1.1474232811361889 4.084092024472965 1
4.0879718039941215 -3.985146753699178 0.6820005270029298 2.004566030035358 1
0.43924606453874104 0.898177420702797 -3.4355695584919372 -0.8361611459693187 1
4.155779859712737 3.8266661810558045 -1.2871027791329994 2.525823578489876 1
0.09815516566249727 2.3353752614875276 -3.2640358220591743 2.4005067742879014 1
4.283147534467639 2.1285023756694197 0.43530789166245254 1.2631858520315533 1
4.085603765588544 3.950045813873394 3.8870966038842267 2.4025719177538383 1
-0.1640955474006207 1.4390480779219632 0.32987741653219516 -2.039800252838185 1
-2.8813533037389156 -0.5667887482607589 -0.9867625520988419 -2.409644232091319 1
3.295117699563542 0.6950886322719335 -2.1668530025958006 1.3367241290868535 1
-1.9849175622845385 -3.3948967251058564 -1.0781717861525117 4.245102033913392 1
-2.4133031836348073 -3.3750669169194847 -2.47317163818256 1.878445902206043 1
-2.3959761279507017 -1.0477799096371005 -2.0666454761575164 3.3945285537024783 1
-4.113913222047837 3.048396271852253 0.10461605595506729 3.4910034722345564 1
-0.8657076446351918 0.6063206804668242 3.499183861161411 4.447013245082739 2
1.22520613287729 -3.304421941805194 2.3780854301138543 1.1536578264506803 2
-3.755631493684292 -3.091210085414221 -0.14546481789121568 3.379429702879495 2
4.376022509970474 -3.559362822150575 -0.10716924066168043 4.005354531179711 2
-0.6960967068095606 3.3755611242061176 2.233578379121286 0.5663471549555632 2
0.7584808743790891 -4.3421969576539 -2.1087670257605473 -1.5372434821059484 2
3.498323229327706 -1.0426710310611695 -3.102242341331765 2.412083340355376 2
-2.990428130214723 -1.4653815240945942 1.5091997418775067 2.189863373481134 2
0.8473331868692849 -4.160293379674525 -0.29433439943037976 4.105853658423498 2
1.289776691830523 0.9909576028666973 -3.054317136598337 -1.6484018939946776 2
-2.4408547009467902 -0.6658401579719031 -0.4047783990398125 -4.124911867553948 2
-2.758365328819022 -4.308031444486011 1.985015202272967 -1.9604956036938899 2
0.7552788655198921 -0.49178659925378176 -2.416076029845666 1.1010090471607352 2
3.0785098323781797 -2.708499114326215 3.18325461807035 -4.223739774375289 2
-0.5346085755473013 1.5070907927529464 0.2024853779315936 -0.5134997230426207 2
-3.884988329846437 -1.301970340051847 4.354342754372112 -1.2688284571248494 2
1.674326728298393 -2.294352926602623 -3.597178137148161 4.269333981095305 2
-1.2242040978056083 0.6962732891188134 -0.35547889202320637 -0.15136692120380346 2
-0.8150796695065674 3.3910335240457914 0.243013998499219 -2.2169643536918424 2
3.238931502539109 3.00579203416229 1.3398683215464877 1.9659878230498427 2
-0.663559499792728 -2.788830039668566 0.9614419585415716 0.7914772512616604 2
1.2497679282923575 -0.6466051670201971 -0.7083932081469626 1.3650741674730997 2
0.052263637004316355 1.3594640253098276 -3.860680844772929 -1.214898199394014 2
3.959473810817979 2.774247539705465 -4.3112347959591535 0.6668977734243706 2
-3.3910503007596713 3.667159881177107 3.9832641326067377 3.886573954916466 2
1.5936059943794731 -1.6251732434747472 1.921030032339607 0.277216219710674 2
2.0699368969612446 -0.22532472744426035 2.5141062718819325 -2.39889844355836 2
0.5492930743390537 0.6464222427904636 -1.8931677181581579 -1.42205214928941 2
-3.136596756796642 -1.2421609354701395 -0.46536781594131926 3.447523728271576 2
-0.5783873288040028 -3.9804741074791576 2.6782101156319364 0.13177609063070372 2
2.013592596739535 -1.5587570756000648 0.16820739461717538 -2.90445131481461 2
-0.20832420751965952 4.032520247894931 -1.1723430869934943 1.6715573115288018 2
3.3117149621556554 -2.042134410257127 3.442736762884091 0.9668351387959767 2
-0.8975546749059731 0.6411078349665009 1.9080664321619751 2.6254899714900235 2
-3.4246627401185505 2.6656594069607245 1.494027711401324 2.9989131768391717 2
-1.5862323592582879 -3.4593421151979458 1.6417780349816562 3.3327626988210217 2
1.8647986365810207 0.13417414276346995 3.3797054540487044 3.762421483151201 2
-4.25609639135604 0.5650525182247654 2.2581551504203317 -4.40500831948281 2
2.3778796000283835 -4.220615987985315 0.48277834889192006 -3.648588205148861 2
1.4182885863426846 -2.24872279976412 3.2423950536454855 -0.2985026673813609 2
-0.5825132262874354 -3.8504932193916948 -4.379300804959103 -1.3113906502538897 2
0.2900567062351809 3.949460177900619 2.808845592200179 2.760245417770114 2
-1.7566586307608123 -3.9281635886230295 3.828134968407781 1.1307553676820894 2
3.1340369460060713 4.028342087422539 1.9638608346114328 -3.6112281549530967 2
-0.08036324466909628 3.6765853599771945 -1.7577120996070454 -3.5029965887482613 2
3.677763713119368 2.110672619964686 0.8786243798347775 -0.4331745856928295 2
2.981945989356294 -3.0419618948635403 -2.752654889207222 1.8196587605594323 2
3.1098519037434516 -0.759219082581032 2.9807545530910633 -2.9997346128515314 2
-1.9198166724724328 0.5567604273241714 3.247842522185091 -1.851660643404605 2
3.217439113412066 -0.6014821157204934 2.862739761161949 1.125020744674627 2
-3.8000810886673975 -1.9144954778191385 0.14683958703100375 -0.538159190610527 2
-1.932201612604916 1.7734629409352598 3.3415103456996853 0.8159973258356691 2
4.095593439058493 0.45132684829246417 2.649961933819463 4.172663507150547 2
-2.2174872680974906 1.8281689204653466 -2.926022504798336 -2.2280210666545357 2
-3.170456894944978 -3.945338154660435 1.235886730137575 -2.867535252092477 2
1.3410696065735443 -1.118229115319246 -3.1641018184488825 4.006876786419291 2
-0.44273044050942767 -3.8341579790141456 3.514770350394377 3.4268414781897087 2
-0.18280962389786715 0.95529791734369 -2.208307839968373 0.2283065519332128 2
4.342606811550907 -4.306770996916369 -0.11142350790546962 -4.172855282945486 2
0.15072087493382358 -0.11909597821888074 -4.19350371392988 -3.089743685908404 2
1.126270753022108 3.178560898096598 -0.8977923176808595 -2.9601080169071987 3
-0.017703817985920467 0.6532305068196651 -4.097530582943691 -0.6957912583685173 3
0.022990660046766975 2.6679783055581767 2.4296093485564727 -4.209976183907852 3
3.6624160264287067 -1.596050876926181 0.9929470761771584 -1.3905159848801834 3
2.0195730534382674 1.3928035357187616 4.248724783002193 2.160180937592207 3
-1.1404095106462604 2.731463994234563 3.478628770289362 2.51903533801012 3
1.7554830949515048 -0.07314057396064655 1.2648146470611885 -3.9248838233417596 3
0.6473025926055003 4.040454880943635 -0.6719464023974887 -3.9612551734616477 3
1.2615308367625016 1.2140201215150397 3.9901622914858574 0.9773139189503129 3
-1.0742409752820763 2.537140397590637 -2.8671957671668418 -2.1729770750079833 3
3.3514558578582543 -1.7145811995168394 -1.4183605729501316 1.2947648107435445 3
-1.562294059758985 1.5587682526849893 -1.9456301909582407 3.9955516480918347 3
-1.9003056808118661 -3.764573770200298 -1.9934001405111212 3.2709422911726005 3
-1.9071083554062058 1.7737070169402052 0.4212853877799463 -3.4444156777247743 3
0.02398937548339386 0.7205714502445538 -1.3570121054060618 -1.7427763007121104 3
1.136137809572317 0.3159384514201641 4.4234126922798485 -0.7307230122650173 3
4.151734173473565 2.7959706788643763 1.189039961366999 -1.3653571168417737 3
4.1704395162158425 1.7401004164558247 3.0862748191109044 -0.09263097670456155 3
2.715426806118792 2.2624510713935915 0.1799983631612636 3.322785188964138 3
3.9698776254553203 -1.4359263771516702 -2.563699073782825 -0.7260142755169275 3
-1.5802057040228386 -4.392708047600732 1.6430415777634504 1.0663731493303032 3
-3.8897265637494325 4.155071274791316 1.5833075397420084 4.172873292598344 3
-0.22565634887592645 -3.405261279029231 -2.159591077202009 -1.9202790086116808 3
-3.529041968742578 0.1584011105003712 3.1033402398764593 -0.2545458237892817 3
1.3635125020942205 3.0070560809295235 -4.444611452976659 3.563529887598061 3
0.6430079060595918 -1.49487702130933 3.498721885479355 -1.0461781797729142 3
1.8072650726075623 -2.8107655340038558 -1.0132507242225073 4.189635862659054 3
-1.5048755704842325 -3.411618653546973 -1.480909611408074 -3.388979126204414 3
1.6262013085149936 0.3568648812335061 1.5707499708496955 -2.148106182247062 3
-0.5447323331868412 -2.427604360359598 -2.9659277642083133 1.6086435753517665 3
3.0932267873722816 -0.9318174591029457 -3.8207092246727727 4.426235951569323 3
3.7106975087217213 -2.0538592416761454 -2.397570780885273 -1.2199876925702906 3
1.2352690196902156 2.137335018373544 3.9192422273365395 1.087078686495722 3
-2.9765379182136154 -2.8613249305493387 -4.413535721812973 3.8194904778456156 3
2.3819083047030762 -3.695259096716371 -1.5433882476432004 -3.2369654608243454 3
-0.19484524864281483 -3.7545882920052582 -2.2016966256156283 0.5410168820915198 3
4.173744979178846 3.0167932018963715 2.3530297978776358 0.38233586276744624 3
-2.408631279720132 3.0907674771432907 -0.14433147758226783 2.3023348850579115 3
2.2276969121822923 -3.5239801600514618 3.8792973731030744 -0.08969905888933272 3
-2.0978793287530775 1.2766042650461842 -3.634678215825795 -3.245217797735994 3
1.8643196580456425 -1.4074175633427377 3.8976421554222314 3.941274824002667 3
-3.3391459662892435 -0.046172536473616854 2.0810058541838328 0.9716547380113838 3
2.3759284237986953 0.19008299772739157 3.3790325330257014 2.573950125165345 3
-2.750409855508308 -1.7609262285343577 2.021959480403578 0.4443018538236976 3
2.316387533494014 -0.35369574293916617 2.013151450421665 -1.293322317410798 3
2.38719056877553 -2.9158786396818055 3.2080411255421257 2.731687939974209 3
1.664359638731639 2.6962339003547457 0.4231208996718062 -3.946670986990209 3
3.487161066877174 -1.8150570369883083 -0.8542469544924427 -0.26744470218359995 3
3.7093980816696277 0.7711504283963014 -2.9238760506671975 0.860253721437918 3
-1.8524964840265423 -4.221387833764531 -4.1934121846063 -1.9132884276877151 3
1.482038683939833 4.0446134780986345 -3.1546178360868833 0.46271508002779316 3
0.6705001102904069 -1.7974686087843943 -3.278709437945304 -2.8609413794700336 3
-1.5321408171026398 -0.08395279237638453 4.095906501593751 -2.1645610564609545 3
4.355691441865844 -0.6250813941642913 0.1965530931365176 -2.4014316139750687 3
-1.0151470470655888 -0.04917974947594894 -4.279609920155971 1.9459060097770882 3
-2.5045586065162277 -1.8832921184557936 -1.2109566298961596 -0.25525957968707513 3
2.7907404039757213 3.5358821570444507 -4.368338311453763 -2.832009364124322 3
-1.1679828391538039 -0.16111937656650555 0.5021878003923126 1.59383615629464 3
3.6315693231024904 1.920756896914157 1.3007605733307932 4.0279623025000815 3
-0.3801671732962415 4.123069114984992 -1.239264058102583 3.2584223897459976 3
3.4691211743012964 -0.3371701293465301 2.257911621202529 1.782856801707948 4
-2.7592292309321076 3.024512085067214 3.093975954490595 3.5193225448833205 4
3.5786122872524655 1.5476076716765959 1.7736764913914753 -3.9382687711560096 4
2.7484966667497015 -4.328830075492908 -2.7916735697544715 0.5701660886246717 4
1.0856113895045252 2.7631848117170184 0.4951538937404055 4.224368131349323 4
-1.927289019688509 -3.1016552121602015 0.5914263539704814 2.794749417150184 4
3.514120547814308 2.5410586253539305 1.180267913628032 -3.6822513388065383 4
-1.2760375822717547 0.6990348541278528 -1.2694021282633794 -0.22968993394331583 4
-2.4487425483392915 -1.5181718870365737 -3.173815818883445 -0.30693753762896037 4
1.6793935596175524 2.3506699952116112 0.7887710910884561 2.6758354530609796 4
3.4165659229414067 1.4300915841101585 1.425467560143702 3.1557843904509215 4
2.6948367905738997 -2.7939880956869336 3.239145540306214 -3.9201307759715593 4
1.9718864448538391 4.327736686205573 3.8447730346752302 -0.6481112560052841 4
3.6790043355945086 2.558587373312148 1.1441638349418568 -1.9423460919596915 4
3.536991270899367 -0.4042538379933266 -1.8663870038768344 -0.06337580138669752 4
-1.6404386924642758 1.2497803089298758 3.997498807150619 -0.5986928456764588 4
0.7693859456357282 -4.136777139015075 4.158451573779091 3.9499667627351585 4
-2.0708479923557874 0.7600561601080069 2.528318744151355 -0.7273570374888695 4
-3.915905756983973 -3.935233682760313 -1.006613461107941 2.5195867860398087 4
-1.1126194077055502 -3.409435737244875 -0.8744276539814547 -3.8848381304316577 4
-0.7675402772076322 1.5739264720170287 3.310580291882288 -1.7195799560949498 4
-0.24989272522704842 -4.332861948842239 1.5236375605132522 2.4385636582338144 4
3.8566291459031907 -2.241574293446439 1.7449559356098523 4.23237714728888 4
-4.433498129439937 -0.5169631016394417 0.08369928718573216 3.9252703071172137 4
3.1554401856867336 3.902735743183456 -4.084715333281904 -0.38501445004206913 4
-3.3013070788353667 -3.878124292614042 0.33572329634982523 0.8173548940236103 4
3.01232299523272 3.098148533560434 -2.462420680009587 2.7901821821886714 4
3.7339409062434896 2.6143391156336677 3.559822287225034 4.031634792027335 4
3.0273894556187626 2.8597295191803584 -1.1917224325943934 4.437853149096691 4
-4.1417147688764295 -2.915143377147138 -1.0424453883888858 -2.195903169017099 4
-4.107762739854472 -4.491839968062399 1.8971605370776579 -4.221252683284811 4
4.289373058732503 4.494276356716176 -2.690348661184551 -3.3143169294074797 4
0.49977253806241895 -3.1681297791022187 -1.6056271048350546 3.54930001903195 4
-3.2744317384298665 3.7035550781055573 -3.3032748911898127 4.27163789487764 4
3.7596721036095375 0.7628610038981972 2.3039063854815307 2.8987331039057347 4
2.000770250493212 0.8965012144916091 -0.2334940066034139 3.9174687602141858 4
1.9165168369325996 4.304892922315772 0.9361756560921416 3.6257977084167923 4
-0.5867302325168207 -3.805132750092365 -1.535530208051074 4.142159816166441 4
-3.798814749248753 1.3872318198321594 4.3190818991597535 -0.8635066362211321 4
-3.9700334297834354 -3.5279007402052613 -3.032987731228691 4.268294790021791 4
3.447545101028892 3.9420364232628815 -2.330467410708934 2.6975311131325452 4
-3.478165266848014 -2.511640286827819 3.977568683736101 -4.286016764156764 4
4.416010317629831 3.7768519294139593 2.0369515978154 -3.930128460567874 4
1.15374084059011 -0.23432323908936703 0.21414925320317169 3.2014870298727183 4
2.6086720848694407 -0.11007048277401343 -3.7731174097953066 -2.5923270844524042 4
4.281028191524678 2.414359737687286 2.5602579262841902 1.8335405035072094 4
1.2334596650537533 -3.491290676928252 2.3499092962889945 0.1420181116077066 4
1.9835529798143332 -3.4427910879957597 -2.037055806389639 -1.4249659345883545 4
-3.183195530630285 3.262240100798974 1.9607874164383252 4.393145771691307 4
0.6603543424437311 0.5668077435397146 -1.7176250399173179 -2.4112771435390585 4
1.7858521102587495 3.1078923793016804 -1.6022352186827789 -3.8448672151791468 4
4.020925774502653 -3.918399317047729 -2.9203121400534813 2.9297521407244633 4
-4.138219417151762 -3.801967479161899 -3.489295090799665 -3.085996936723356 4
4.301965583694623 0.3068109659099916 3.0585907945435094 -2.348745659516179 4
-1.1199157277534302 0.98337193205803 4.003801490044785 -1.8320838905158703 4
-3.40865517788164 -1.0008929834007416 -2.863851431601869 -0.8633913721110745 4
-1.8353622555397413 1.5734522656091534 -4.439351202000017 -0.6930258228264398 4
-3.090845970796917 4.257418659232067 0.4169415688884378 4.29850298486807 4
-4.1296209331966995 -3.573712985078942 1.9757714777914153 -1.0274494637832303 4
-3.012650561810703 4.408373311791607 -1.1604790229813546 -0.7531730930280948 4
