500 20
-4.4066326150287 0.016871329338648766 3.215100081561778 4.264089553002485 0
-0.03804036179268522 -3.2955342393665106 2.712524843797042 0.6849620951720078 0
-3.221000230909153 -2.5329719193652958 2.535806126121399 0.7857390017047542 0
-0.7334263754059278 -2.267089484277968 -0.9753028917797142 -2.3388667686231757 0
-3.7434631395118494 -1.3905122395463991 0.9846308089880682 -3.5187082807401717 0
-2.999012881209107 3.4070317697939316 2.4007867391589217 -1.2750453096619399 0
4.058676284640448 -4.1512646175091215 4.392345558135289 -1.3376412286317585 0
1.791966522588849 0.6548383401246832 3.099483017042786 1.9831197132841991 0
3.582064064026346 1.5020907562767296 -2.7263023666706125 -4.131417822282284 0
0.43054004741833407 1.8218468166124973 -1.5123420852212233 2.5396756584192595 0
-1.0217054734680115 1.749948099880124 1.1728173726832214 -0.26547213984022655 0
2.923834180504933 -0.3089837216946073 -0.4245406844360303 0.5367809530371346 0
3.9647196857399045 2.73365793011086 -4.364974645429092 3.5222733030782405 0
4.350233234018993 -2.973273681746096 -0.7608244568975483 -2.379926199352777 0
0.1897624031381756 4.009656752786166 -3.228211828341318 4.471952155254517 0
1.3458641684442858 3.2474873090312704 -0.8415862598509594 1.0170880148033663 0
4.237614108812027 -2.8301248175898537 -2.841011589238141 -4.10059315143441 0
-2.3119589221793237 3.3606075879101227 -1.677784265141688 -1.2133058863101323 0
3.656495492311569 2.3245018811698395 1.9715267189548067 -4.387506523085192 0
-1.3778824160203227 -0.3281875741434821 3.8557763775137293 1.1162674842190692 0
0.9948396676331646 -0.033464540959316946 -3.372967264737748 3.6696214287169395 1
-0.19823387815487792 -0.5800008171028881 -3.5822652861326825 2.0806268693834227 1
3.3336746678387796 -2.813772176447206 2.96809157654991 1.7260303550430456 1
1.6890668387340764 1.831762564212493 -2.7044898492913365 -1.4730100839186957 1
3.826800695439967 -4.144906640931596 -3.626908180612893 0.22313043556673662 1
1.3240504219060023 1.2424858624564645 -0.292764267009723 2.2348304846774147 1
-0.3447210377637271 -4.022465179631463 -0.6393860432210436 0.8608971943856676 1
-4.152861691538775 -2.974217272129108 -2.457049631734648 -2.633408886467168 1
2.6509309828068544 -3.0365455809592725 -3.5230719698471074 -2.986129594193091 1
-3.2513517019840332 -1.3237474209058628 -4.285962039717037 -1.0584912498383199 1
-0.1395139036247811 1.7796274661139981 4.4184358988196095 3.101778138439216 1
2.7104078852611737 -2.099030606352528 3.9433902487610095 -0.7164291715535958 1
3.6852858833242523 -4.294197450272908 3.758300426662691 1.0887852201227186 1
-1.1238951375380348 -2.703300042165978 -3.192198543276467 -1.017499052878338 1
-1.4147529375473071 -0.5029893446035817 -1.3805349504924105 -3.593827631040611 1
-0.016743506743866043 -0.7708830768034053 -3.3603985434426016 1.4570806436477883 1
-2.571696334035563 -2.550242585458241 0.14296877415474507 -2.620407693901562 1
-2.4092358547815125 2.061770585637713 -4.3969468795093976 -0.47571095067132463 1
-0.7567319968668703 0.7550836021241956 3.123237150298131 4.180513019130064 1
-0.05097055380563953 -0.6295786720993214 0.3423455115243055 3.290038235627577 1
2.1128923533255266 0.5059483812328399 3.152801184285496 -2.2673554788937196 2
-1.7763242250599411 4.237183753321104 4.184719172184023 0.5051543138404139 2
-2.4764164908902626 -3.2510775874079454 1.0514879810105273 4.187755438520942 2
1.0343922782599686 -0.07263954643728388 -1.6576902526944188 4.235103452516706 2
-2.8516253971210155 -3.516205363517703 1.4100808172061488 2.992850415679663 2
0.3561797243108148 -1.8963064660658058 2.8461283194884235 -2.312508622817351 2
-3.57251353338489 -0.08458606643115896 -2.7787558343092584 -1.748520096020016 2
1.1888251625920963 -4.158277047657466 -0.3265138014722987 -3.1134702786960147 2
0.000971283975833015 -3.748109130634992 -2.8811924438298258 -1.2314867567740992 2
2.621864112699383 2.322324224304942 3.5105181834997206 -3.6420819313243995 2
-2.139541012773433 -3.592272680593005 1.5886848497247499 1.241332042792262 2
3.754734355443901 0.15714217591947388 2.592470757805186 -4.390705224246985 2
-3.2981429166890974 -3.4871119736097906 -1.1383918924122698 2.5186731059256644 2
3.074770335726694 0.4146726287737924 0.8034113417177144 -0.6185739145024678 2
-2.150850751672248 0.6824296603787752 3.8324198387730535 -3.973613516241123 2
-1.6753265389986987 2.624608667760674 -2.965025300658776 -3.57938368547161 2
-0.06218353437337065 4.186423651140419 1.9360757305017908 1.85226020648911 2
0.1828075004743801 3.6271943594754252 3.2614195438325497 3.404407203156712 2
-2.251758954579148 0.19338572865546388 2.1606641062284004 -3.3396141523171083 2
0.05171115051003827 2.817643326554376 0.03281167328040935 -0.5607174131359663 2
-3.8412520089225293 3.025863006702709 -2.8134273009902113 0.1620600548039539 3
2.7381207184094674 -0.8431085623224068 2.1581986844985335 -0.29018554159482557 3
-4.171938765100496 2.405286962573183 3.83682231153306 3.6205749988431624 3
1.6103481212754174 3.7703599943167583 1.1457034463721054 -0.49694792136241417 3
0.5416706007185134 4.209470637531652 -2.7811132255796176 1.9628428078352056 3
-1.7245408403188514 -1.4499903049618297 2.480586221061465 0.018485876072983354 3
2.0779363030227005 1.8123291534088062 2.183216698134899 2.858275347093417 3
2.028140296796267 3.545484696601971 2.2872792472482284 3.3279901708191715 3
1.949841786541261 1.6393749315426247 0.09889374799926931 -1.0516818462963702 3
3.088051578469007 1.3060709864565547 4.332780510829736 3.716588549639208 3
-1.775710006841173 2.95903082024617 3.5981918003157096 3.1297891079410878 3
-2.2975240709128575 1.8340262369323281 -3.618480551374989 -0.8306969532234973 3
0.3229941675927346 -1.0727143312633831 -2.572362023371042 -4.196972216365555 3
-2.8924385835703283 3.472484439897503 0.16971380327422325 2.063246266925864 3
-3.7778985586369185 2.7322978236796343 -1.6986841647884825 -0.6156735889513387 3
1.651233167041898 -0.34190602831796246 -1.806898019364747 -0.1681981930469646 3
1.4764437849725836 -1.9560036393390006 -2.190834953985096 -1.7826799548170418 3
3.254172974428512 -2.893683996965371 1.8512005080188463 3.9321940224029888 3
0.7173970343455166 -0.3272905577822792 -3.7794790833365957 1.6486437743923767 3
1.5589964404741163 -0.2148799102987594 0.3829599664990908 -2.937783346811989 3
4.072600381582537 3.1793186737458683 2.694576586637459 1.3149406958928127 4
3.5865639537402414 -4.2698780700087795 -0.04499412528370461 0.6330962711819246 4
-3.092193880394091 -0.2079166484373558 -3.329802466219481 2.8646146153776186 4
2.112496569119984 -1.29321470407538 1.6080687716781599 3.767504945025003 4
0.5800826940973305 -4.090774516624326 -1.3796227283656237 0.7089843582242819 4
1.2639717503966978 1.6308574272704752 -3.700820937890913 -2.8556650400653263 4
-0.9392627240056662 -3.269942906955976 -2.239087999482731 -1.9414063313123342 4
-0.7518802305637617 2.146165507407522 -1.5133866309510946 -1.4941302846850126 4
0.7587687218121143 3.450899034764722 -2.8531129543440685 -1.6019096712805652 4
0.708746501885286 -2.8982658573726914 3.748247118205736 1.233448827721139 4
0.8257652376087797 -4.0151003069127285 1.9513288302888219 0.873255060383094 4
2.1907181958944055 -2.6906610466915106 -2.5339213610019287 3.7704156899224426 4
3.6420780822484833 -0.2378890778295527 3.3120048820426202 1.355748528796266 4
-0.5251213425516558 -3.2752826810487035 4.458522870066364 0.8904513553510016 4
2.769260377957176 3.7532588173352757 -4.217065634406866 -0.9613239177614481 4
1.751296428513318 1.5079001303305577 1.8488852573284897 1.2519479872304633 4
1.8595598837380072 2.203322411317139 -1.9603465544417642 -2.562640941158708 4
1.9313564313705958 -3.213337283322749 -2.125762805424767 3.696890409695632 4
1.4972215307126362 3.6932165388457623 -0.2458451687984241 2.904541500687105 4
-4.208175370237258 -2.836670626525363 -2.4664200564850165 -0.20840709038353067 4
2.361168759495426 -4.123199252261181 -0.9714787470635938 1.1088787062634315 5
-1.9891217427281584 3.221643724052296 -1.2549011922134508 4.318247985664679 5
-1.178640031787801 3.5909268781771835 -0.2253510045568382 -0.498173521979857 5
-1.8981195187275222 -1.0770886715338897 -1.921504021537916 3.333938118511796 5
-3.515639465816929 2.8316215007064116 0.7969913542127444 -4.111290111081427 5
3.90136897970063 -2.8520352967430673 1.7232854636206785 -1.0489180379552485 5
-1.6992128983855783 1.5723363894614377 -0.45921630517941237 -0.7090489895253179 5
-3.788090620413323 -4.205484051289741 -0.8490471602966073 3.389123964570379 5
-1.5608194307705199 -1.0204902511495528 2.753770635688211 -3.6124119119354066 5
0.44070610589612114 0.47638055198899987 -4.244089544551619 1.084339140088945 5
-1.52885543661258 -0.6691400890222258 -2.0047318912332788 0.9607206227083938 5
-2.233288268632676 -2.676283809250379 2.9204217907555075 1.9004065557267404 5
2.497729617593188 -3.243664353881805 -1.2467941436234078 1.2168281882404268 5
-0.4391666463161418 -3.397296382101774 2.999192760299217 0.20894737402295915 5
2.8465731136027888 3.091409358989365 -2.094153641003252 4.089575476408281 5
-3.4670244838344813 1.9888353823794098 -2.8221203819690954 -2.6925839519242456 5
3.8098393378632434 -1.0257216106257738 -1.5565145212857838 -4.189660550210241 5
2.494015251940074 3.814971341494536 1.6020366246392228 -2.806889961935043 5
-4.45543731187651 -2.0467456763626912 2.978474912478305 -3.3092668208589706 5
-4.171327895418544 -2.7072742061071646 3.9120575527954724 1.4290585847419357 5
-4.399129383015916 -4.059904199945114 -0.7328353072595616 -3.3285037900318186 6
1.3440834586773338 -1.9014881890880346 0.3001355510072077 -0.5077236913653592 6
3.09969210246353 -1.5003281855478114 3.18842495889373 -0.4517189205522065 6
3.791762954105048 -3.3175197266357497 -3.9392611119624665 1.9148698205775039 6
0.44104489440384587 -1.8500894876446579 0.8983064947166621 0.38462262351014387 6
2.7553788165522546 -1.4609105650683845 -2.6927157171401888 -0.03298743082834188 6
-3.4107353941029297 -0.39962217257827237 2.8311316797232355 1.1095260624670837 6
-2.2510650019785055 2.207097940935544 2.213581578221215 1.5974034638756196 6
2.1232804228867797 -4.408156290006438 -1.9707678581867816 1.9890538094383108 6
-4.473072274023723 3.762057759450758 4.361677178727527 0.023847397681847404 6
-1.5941244525714093 -1.8325885896414205 -1.4237633534849894 -4.41009307906851 6
-2.0616647387973965 -2.28848450070506 -4.35023518032774 -3.587536027260677 6
2.478323798080413 -2.130853680489436 -1.0945064645196936 0.6863506392277098 6
1.9708840254988353 1.5595989840350972 0.4662705796030756 3.2161362561958966 6
0.45480415352918446 1.6449572356741098 -1.4292195545518922 1.4318093184629297 6
-2.933703674099759 -0.3193373732994197 -0.9088484650002485 -1.3681763638083966 6
-0.054369801649831184 -4.253298585911002 -3.021394574655743 3.6211244910096068 6
-2.535854955831632 3.900679378041472 0.5507987053117467 -3.7756722004834007 6
1.4277985867433767 4.307962412199523 4.132670590280543 2.679607348957915 6
-1.176173623248244 2.361513416416592 0.4068307076138419 0.4878185945422472 6
0.8969864382895655 0.9188315363615982 4.16192256669885 -2.3772217767618917 7
-3.480231230080974 -2.500192933350407 3.0599233499428076 4.186867834321363 7
-3.8496372872856837 0.04772524691323177 -0.1753787072327616 4.210377864582866 7
-1.3941074365044277 -2.7295150799352004 -2.568548449751494 -2.439168336904259 7
-1.1277254977968336 0.237660505073797 -2.0692279970706693 3.3210631317276067 7
1.8974423985365947 0.8097420057790649 -3.7014535151640513 0.4245842577457457 7
1.2518189363096726 0.9338572000465117 -4.49359228106791 -3.4591383835816663 7
-1.1378258644340855 -1.5700112259038952 -1.5271124840655088 4.2466460816417495 7
0.5502788131159119 2.2469714875443647 3.5955429131671233 1.681218969894506 7
3.7727174493964695 2.9490224904334315 4.176001871778984 3.643215211782389 7
0.4835462583640573 2.9233972830012482 4.288765569166113 1.3747532957992838 7
-4.245911519005205 2.6776903882788043 3.4812875292137653 2.1553198180625412 7
-2.704601653625258 1.6725686347658963 3.9569262642169782 4.030592865485284 7
2.926707808772128 -1.6653322735647131 -2.8346358072981523 -2.851767444863726 7
-0.9022733686542282 4.370300081609672 -2.642711094886968 1.3874330103805215 7
-2.2179177843594085 2.2980539157625213 -1.7124623803963697 3.9877535485624223 7
-0.8454638192553622 -1.662930576325909 -0.9133607501197387 -2.180798402568795 7
2.4346432989648847 -0.4512548088301247 -2.792111649355193 -0.6717976112777686 7
1.8907736949525855 -2.500196045388873 -3.3035414984851674 3.6208366075647 7
2.914532211095351 1.9509670603899432 3.2281092768056525 3.2029284056524157 7
-0.006828095812817847 2.623959090415629 4.447614825733203 -1.806122383001226 8
3.7773478487400896 2.5865002914024275 -2.066751762948038 -3.66792238779541 8
-1.8194684948347528 1.9560155860783144 -4.412101198463647 2.758342579613232 8
1.0355111799930086 3.071907201138952 -1.790139622843323 2.3746326340899353 8
-0.858888247153926 -0.41974785089771793 -3.4544446571938243 -0.2402034139273167 8
-3.65611873949758 -2.532207101058011 -3.5628508427102252 -3.480443776007401 8
0.26408241982632275 0.25979694440138623 3.739329959519927 -2.3910424569173134 8
1.9176880475148628 -1.9224672620157433 2.615267109964549 1.0253048993746163 8
-3.4553535199810765 -2.8147354605115447 0.3078606070761838 -4.205227807841398 8
-0.5965280233915002 -2.8301186458289322 -2.2989054100289423 -2.47457200009983 8
-3.3888080857292855 2.02522887743254 2.5633280796003053 0.2120659945564206 8
3.691509800519335 -3.951792076742352 -3.7917138181170307 -2.0331336249169105 8
-4.123580183138594 -1.928574739589961 2.048474880405691 2.02373408133286 8
0.7167920514720328 3.944352718034768 -2.2820858260115284 -3.0203389818029223 8
0.7351671631408025 1.6198538264396887 -0.7799821892518897 -2.400670516700619 8
1.3498086951584742 4.009541300469062 0.11177499194869922 -3.7457310573438933 8
3.2103781191630327 -1.250928668466531 -0.5813901337427627 -1.2713799938113441 8
2.89955546863038 -2.1490480651558443 4.320763071515331 -0.38412018887321653 8
4.374321092424126 -0.901860122252643 -0.3402080264105397 4.2165956047448105 8
0.4900519178273639 1.330027885856489 -0.9786522563544418 -3.153031832406584 8
-1.6739920588704515 3.3316773954538332 -2.669968378043913 3.044549479984223 9
4.408130212998638 0.6255765190902961 2.8259423164791206 -1.8933845907415907 9
-2.4950618691078024 -1.9277763746380727 0.38096387990674163 3.6614515738562012 9
2.863105081754214 0.549227019426535 1.8431940079272118 4.0839249305775125 9
0.38153244717110524 -3.153955487137575 -2.266238290727501 4.4216984882759665 9
2.1622037031978785 -3.091360452965863 -3.5441305178268294 1.2135775179285493 9
-2.819269879619387 0.7750286873467563 -4.295787789997226 1.9939559406779157 9
1.0723262351913148 -2.7919362468898727 -4.368291481661373 -1.0420851397183912 9
3.9163588438775294 1.873073627908623 1.7072225135424985 -4.153903520931764 9
2.715448431957005 2.5267976061390414 -3.1554786026285893 -2.0658283965592275 9
0.20974822748610056 1.1859472969040215 -2.961422364849092 -0.3800265648467418 9
-4.331341419974595 0.7471197592288165 -3.761733718040532 1.8057489622856528 9
0.9876158368864344 1.5101624094169033 2.6984437502852883 1.1475509530043613 9
-2.6674197207051575 -1.6128586925264272 1.3842569538170468 0.7871865998459439 9
4.261342136996951 -2.0357195830639583 -0.7349285805050689 -3.920494953795499 9
1.799831781671318 -2.1122528899795565 2.7627778744726728 4.02530941638691 9
0.6542771025469103 3.3492804649504206 0.8972349038734859 1.7341358732260292 9
2.8537439406640566 -4.2369286192509215 -0.639726349083759 0.19899120302119333 9
-0.6807505259839897 -0.9575088396401477 2.0288296501623853 -3.018235215224931 9
3.602930683925003 -4.1777460516784775 1.5110165789759409 0.31717281284835674 9
-0.4068547868320602 4.33202474201648 -2.203201157178989 3.4254616951006316 10
-4.172353692657635 1.5367902911435252 4.494818428323092 -1.2208712935968602 10
2.1124467680811714 -3.556017015859746 -2.0181614156656726 0.2518725415153945 10
-2.1490468163549026 -0.2238966918531855 2.2847777173510684 2.43316175917313 10
-2.690144323220871 3.8941470350500094 -1.5145140702421132 -0.018800340204381927 10
1.9462016712036596 -3.590178327983966 -4.467325186326133 -2.727215897170005 10
3.364663611515371 -1.906159579477303 -0.7510244158993912 -2.088930160418257 10
-0.8566238158076842 1.0768805143547113 2.705027913546153 0.7536539892865923 10
-0.047276413762186276 0.3200931970181229 3.3510123959988958 0.8147888533458645 10
3.968432032763892 -1.0164613540946097 3.1001079578601645 -2.5433883936161257 10
0.19214655792157054 -2.761068270945022 2.5548120845927498 0.06272968903060505 10
-4.197045835806625 0.18658239353544515 -1.9365704438329114 -4.166860148934081 10
-3.60050929515675 1.5957332846617338 1.3442690691399637 -2.2522278599685404 10
-2.4067851768788526 0.0726024440861035 4.1816533379096485 -3.701962035375133 10
2.8392061170009546 1.749983906938927 2.918390944635126 -1.0976977575657658 10
-0.6542700892068246 1.63635293684123 4.394924705812746 1.0422449843884065 10
-1.610342301458429 3.6858673492511858 3.506735351255746 0.8644796596145781 10
-1.7094646091848378 1.0397606335443281 -0.27832839125573205 -4.467776992096449 10
-0.4993971432817993 -4.03204438579159 1.855438797146633 -0.6911619257063619 10
-0.8495083181289274 0.8046057880531651 -0.6459878109467367 1.0098084517625385 10
-0.2393379177711099 3.9354106873623054 -2.2700363943430575 2.5557425908983595 11
-3.3467466401453434 2.262286214949266 0.2590305945664084 3.5139954627626784 11
1.1054289158794064 -1.2999345245485858 1.7933277571694637 -3.077838119975226 11
0.4768152742903017 -3.3316329184227382 1.8513764365824754 2.305888228248276 11
0.8383472825923027 -3.2619743261505527 0.7891455219506577 4.33271950997562 11
0.8062002320397392 2.985376445387299 -2.0203545469218085 0.2477195122333391 11
-0.8250046423609627 -3.9832967231439538 3.395764905724337 -4.288286761965106 11
-2.484215099627564 0.6081563322852784 -0.022223362936927615 -1.121227394465548 11
1.0307240816296501 4.034619613174738 2.3368854220252016 0.9466342920522971 11
3.578821692738644 -1.8791059055213442 -0.8283868444335681 2.234074315046316 11
-3.4724129797317103 2.886369779690117 -1.8075948987853188 1.3215003868342738 11
0.21313565401893642 4.188796094880398 -3.9706922811715115 -0.16911025713137595 11
-3.872105209691097 -1.3313110644064936 -1.884010944323263 -0.9489027763317239 11
2.1879567637107047 0.5647877318198044 2.8376787158001004 2.565507962274953 11
2.846924997451487 2.21343616079292 -0.47673615563065186 -0.3414826350315229 11
-1.289855688507468 -1.0638643960388792 2.6121212523281105 -0.4271296719202521 11
-2.452091906882768 2.774498737911753 -1.014631131267524 -4.416933214678045 11
-0.5840504378462306 3.119185648582677 3.456900639373507 -2.443830700259541 11
4.0333653321918455 -1.424758308425257 -2.3117710041759523 -2.464668968183825 11
-1.1920907547452901 -0.19669220376893193 3.774022497022297 -2.0325492605369755 11
2.2391532984541915 -4.348409323130777 -4.069705877871268 4.163306722779317 12
-0.6361109999677712 2.7240833083266427 1.631019121176096 -3.3430562736207623 12
-3.167190915920368 2.3079125883258733 -0.4192493591651366 -2.5600005534644668 12
-1.3617364113831925 -4.112280211794368 -0.5900762708907255 -1.3783333747252002 12
2.0204187457419724 3.218743424431506 -0.36530969123624857 -1.7374068649701795 12
4.293602995858087 -3.1320370324735314 0.6885378944947842 2.980850111835303 12
0.8236064737368775 -2.0489459059991573 -0.03612296333848841 0.43164959879463416 12
3.4541101923674646 -3.677289858019195 2.099722537107227 -3.470139179508358 12
-2.86973435017196 -3.795161804876108 1.965520754449051 4.3486224164855365 12
-1.8317336563764612 4.077010557302671 -3.2924892963426595 -4.1114169439066295 12
-1.195574249899504 0.5490514935637145 4.409415105541198 -2.8762951628489475 12
-0.9337958537023452 4.325383521288669 -0.9005858558584308 1.1322552230068026 12
1.9380482819113594 3.075333566524076 -0.8883803594777862 4.2683790167899165 12
-3.3527886931354787 3.931387067823951 -1.9221133256462886 -1.2546386148399373 12
-2.0293084174994487 1.6883833800276085 -3.1654593279977044 3.6208557721092376 12
-1.8238546442064674 1.3428637098080571 0.6981171651807399 -0.7901360261222157 12
-4.177368695038049 -0.9878997085880226 1.59527378613093 1.318883459259777 12
4.060413918705381 -3.2156831777737827 3.2232028383189606 -2.423390321989614 12
-1.178180448714806 3.8870473144125146 3.5919369473647627 -2.441170835040678 12
-4.424339020672818 3.0470427509173996 -3.146182275925064 3.7414872329140265 12
3.0418093785855733 2.5323560308756123 1.130072478370474 4.361771827537473 13
3.4424900605364224 -1.0814282396773836 3.328252917603546 -2.573641767196595 13
-1.8244936134033058 0.22892360512633037 1.3505208217909859 3.0634541130867037 13
-1.8563804003870228 -2.2789438534911977 3.1116103166681968 1.8691736460833792 13
-3.9444541031426015 -1.31960977942456 1.2438207605797822 1.7980000286016384 13
-3.0879049296517174 2.3391179762879495 -2.2587429781471733 -0.4903794803535373 13
1.605129079150792 3.2589076655188043 2.7062756585031935 1.7442768672412408 13
-0.19558608297158775 -2.310531282533576 -3.1943357971900896 0.6464729679146766 13
2.3422759055491578 -2.7856484204360075 1.8566376554382122 3.4108669549633794 13
-1.0541613968279928 1.1050243267645636 2.0956804429776676 0.87603270860618 13
1.2132708286584986 -0.1635787415836074 3.156085900226734 -3.961001861577392 13
1.2281252741699618 -2.6024730491087116 0.8012683227198197 0.5648060432045918 13
-0.1710621517701586 -1.664456247362557 -0.060248413811779256 3.2679181221496676 13
-2.9714660878029457 -3.8709210898438497 1.599756483446826 0.3203851857446832 13
-2.67578040985423 -0.8372020841209309 -1.920461047497584 -3.715406711449182 13
1.4805158083940415 -2.118149970064678 -4.453384898613756 3.062867283770529 13
3.4158347230290005 -3.8775356709984736 -1.6427420157048065 -0.09543085653619565 13
2.7292670561649075 -0.2810062513406385 -0.6202891900123769 2.5929951868011174 13
-1.64399912770436 -3.234377527994316 -2.0998297952012543 -2.3529172019336384 13
0.8675276746373954 0.6311624252452928 -4.026238040616992 3.085517363810799 13
1.6869085774012993 3.189640603233635 4.3987322554272374 -1.8200708267016092 14
-0.35067593697167443 4.0391981944141975 1.0697750396618697 -0.9388048941868 14
4.368495114539263 -3.4306539279046886 1.1935391161733406 -3.4239727009753573 14
0.4192506845025684 0.8919305380484717 -3.042525356704428 -2.0358666369975955 14
-4.365627025556914 -3.1729877402671467 -4.178922885106429 -3.9322133196120386 14
2.186051490507993 -1.1435594489756336 1.9580041144168199 2.0168916088348388 14
2.824379089245423 4.435999330387018 2.0320830594738153 -1.52897866404009 14
0.7793802327625612 -4.313066326503406 1.395347416569469 -3.5843020620922053 14
-3.1052674036200334 1.4747972888030365 -0.06535989968507716 4.014839770281188 14
2.427582360790936 -4.416494795714123 -0.25334209652118966 -1.674697911258765 14
1.2200223986749226 0.3228633181934668 4.487550369863004 -1.7558478258316768 14
-3.3194515061386216 -3.7366292601104454 -1.635991088366612 3.3113197398222183 14
4.080840529100445 4.133058779639686 4.406643111864147 -0.8359869565165079 14
-1.6314607825462863 -0.9536562133960182 -3.984339757412095 -1.2648342676887903 14
-3.500173012749971 -2.2607982167180487 -0.15998940137534412 2.9148284466008896 14
-1.5905296712458203 1.719472679116647 -3.833302769659121 2.12152497508306 14
-0.6393479471293944 1.12342423302759 -2.181821079556615 -1.0458073635913565 14
1.3785654672479228 0.27625583057560654 -2.9019839415883584 -4.3587161251884385 14
0.3554212818390792 -4.499446319220424 -2.258768316374078 -1.002084317380659 14
1.2119117908559582 1.7178138920120705 -1.0764516429557043 -4.10050578035564 14
4.386537382576874 -0.31929312135755483 -1.469716235914373 1.5090881200025397 15
1.6434960390029552 -0.7172911992340629 0.7312051202805876 -3.774306473900954 15
-2.5928206613688873 -3.2259788228899637 3.2465770582814644 -1.816239633417315 15
-3.685947786975548 -2.493274134166644 2.116892284560525 0.6493763302205793 15
-0.7612459036896911 -4.008111849887398 0.05936598005002636 1.7110371484683244 15
-4.445139221220076 2.476848159553908 1.5067712268431652 1.503213778839338 15
3.514484959936404 -1.839132146731017 3.8446626006188267 -4.055056892740761 15
-0.8999724718127671 3.834060747284959 0.452552022614537 -3.4247631131281264 15
-0.9054833007623032 -0.08614290668076585 3.473653697084924 4.083457653366797 15
-3.8929681940033967 0.06329791773843485 -0.33240510376216925 0.2560688270985759 15
1.908403050731292 -1.9777148141263874 -2.8407716819504114 -3.0673042254500844 15
-0.3487825231572139 -3.953141103224846 -3.820244716593215 -3.8797300903279206 15
0.9349897483095767 1.8505498023379403 4.073884666506393 -3.211737423149203 15
-4.2884862275817355 -0.20015238011976555 -3.4845755933298745 1.4041395375929846 15
-3.7271237520174774 4.321089208569006 2.0961283084440847 -3.1383911180262745 15
-0.5956523332382849 -0.009153453544039736 -1.0043553667445757 -3.810909610360805 15
-0.08395405741355755 3.892847410947191 1.0749430497400483 0.40869736813955004 15
1.2659811125111164 2.055347550046384 3.6326979646945783 4.4084857661745565 15
0.8296883556706421 0.19533652839561177 0.9877811127161525 4.071110072340212 15
2.8767901467575427 3.010053387145879 1.6911771834782692 -0.5211295777078435 15
0.8362078859799835 0.142511064838166 -3.6058236262840233 -3.7073675680498788 16
-0.7956869386051832 0.1145130963740939 -4.189834442408121 -3.6497272488731958 16
-3.9808897346786725 -2.090088237883278 4.2176487707662105 -0.47460054522659356 16
2.7066476980424254 3.896162381401597 1.4964455317449565 -2.1764613161327766 16
-4.391973048480595 -4.347652497404783 0.164872304683489 1.3317158245314134 16
3.876005751691029 3.1092291752555856 0.4930588778037168 -2.5052645059173417 16
-0.05916717629329449 3.9747110645607706 -2.214268610875507 0.9297729295722538 16
-2.2469783186681513 -1.6530843852194348 0.4707084096821138 0.6152079054974542 16
3.97950418987135 -1.470114139049239 3.4423149427539084 -2.402836896980112 16
4.3087007754144295 -3.2253966791958897 -2.5267232105331137 -1.5239440470229355 16
0.9790883100033877 0.9507757412466727 -1.2450774262272994 -1.8225717408614197 16
-3.049712664391131 -2.675609640006223 -0.7871400933403643 -4.422178838928348 16
-0.8318260965403164 0.006365303064438277 0.03806654334865944 1.964082081094522 16
-1.5180029851988928 1.5459276727858975 -3.833210413060605 2.3064571943296572 16
4.0290616735975755 3.1960987134902386 -4.108768601893761 4.035143985404877 16
-2.9281230114965253 0.07468499710738952 -0.12672510827096206 -2.8128686314893976 16
4.4481136688839 -0.32637282975700255 -1.1403272975811918 0.0903774279522318 16
3.293947512216021 -3.773497732083491 1.4613230922818148 -1.2236660195499063 16
1.7916222323410287 -3.080633139422473 -0.7131858348012111 3.2228469559861317 16
3.7671549285947195 -0.8923738093554678 -3.292984653740642 1.0944922983820318 16
-0.7987061852487968 -3.6416976454925534 -4.38175865671293 0.7784494238299232 17
-3.8127806258555426 1.0074195640206853 0.35544371128597296 -2.692085835533609 17
0.35733241196384147 -1.3632432840347521 -1.7694486082166387 0.9651845028924211 17
4.200001617367311 -0.5198382920481693 1.7283033133582253 1.1935757785294965 17
1.6671810122353703 -2.3642929208699224 -2.563218235930652 -1.0449672535578276 17
0.030752152708906744 3.944130908263287 -3.550176954701998 -4.085256325636347 17
-0.836578894530532 0.36140646313541636 -1.4216459350991681 1.3233079764898927 17
-1.8245675105250945 -1.5842567401292738 1.3384060833779365 -1.7083323415536216 17
-0.9677222954609551 -2.195994572822273 -3.008422663747248 2.9438534329413226 17
2.452297324419611 0.0753852971633322 3.9472149645612538 -0.947660822951846 17
4.0236139245142715 0.6739138981271545 2.268892548132019 -2.3840750054533277 17
1.9596327335124346 -0.3245731037741817 -2.918675472305093 -3.2894727280033242 17
-2.189179529059225 -1.6975290215702905 -3.5561198531512765 -1.455587857415333 17
-2.4496207450217193 -3.904246211422576 -3.972939627969361 3.768556925150971 17
1.8391410692428294 0.19721480322471296 -4.014989546175536 -3.967352642241875 17
-2.3138182469160324 -3.620627227831977 -2.315401222465069 0.9005125258408456 17
-1.1263099500810876 1.4522066567579333 -0.5907271051720138 0.28859018184589447 17
-1.4345495276167441 -0.7609084192918215 2.700899435871953 2.8617967378297604 17
-0.27763496510597263 -0.5633575457777222 3.2646383933448644 2.059390585302906 17
-0.7298412483580801 -1.106430793089931 -3.589010996889539 -3.6075508717418874 17
-1.2284276595915702 1.785345719021235 0.16105937175051854 1.3315140494808206 18
2.2588341260090394 -1.445673604289893 3.4796929347873085 -3.4226187234251855 18
2.4888058233467723 -0.014420114617535007 1.1368444516049543 2.6207625966353008 18
-0.43512015960777284 3.776624359777712 2.86936019679301 3.5933108485075915 18
0.4953413346878909 1.4052686724693142 -1.1905077120297372 2.660938617100869 18
-2.450406985501887 -1.3774554598422675 -2.5607945086671844 3.271981144317546 18
-0.2501435130771772 1.0175633564875355 4.334198769351341 -1.2810695897906828 18
2.09907755654357 3.0891070565478165 3.6951602417461182 -2.390724415256485 18
1.8224986777635217 1.005437906086153 1.7240947815305225 1.4780247523290768 18
-0.13375740489006205 -0.7647737684273114 1.3767690514381377 -0.06624794803271528 18
2.5350516379275385 -0.16612705356285995 0.2710389347116805 3.5047549706984125 18
-2.940379725757182 -2.21831977872128 -3.377539784451388 -2.287650274916766 18
-2.3173931861961607 2.8360270080428123 -4.453657536140186 4.396312017775856 18
4.47580541011155 2.75330660121657 0.9439673982601475 2.8038283470523027 18
1.9506757980750415 0.9101124622481834 -4.130269395894905 -2.6363613331363442 18
-1.0631783841331044 1.842114234832703 2.6768520766919 -1.4285709800268949 18
0.37799410855255144 -1.4623043038053467 1.8008471618730977 -2.0178160151754563 18
-3.758699838582827 -2.6314266008775493 -2.85236474283042 4.1349817521664525 18
4.321352779008075 -1.439231392133029 2.4170139001214936 2.5316180605325207 18
2.000631018305479 -0.1979793446848459 -3.0722789713312473 -3.9745781984824857 18
0.7641099165235291 -1.945548163451093 -3.1986727258690832 0.5011416276599955 19
1.3332431300459047 -3.7057968197346987 -2.76058585608078 3.2572502640468852 19
1.2703531133940844 3.296085860574584 -0.5053650418320502 -3.751868702465615 19
3.5601492004014057 0.8912520971830686 4.459708483320135 -3.4150096453122543 19
-3.2182527055711585 3.11201762933844 -1.2042425225020978 -3.2907872742644266 19
-0.634846293470482 0.4447742381616777 -0.8726983522766371 -2.257217270852525 19
1.6519399480353083 0.7053750333914284 -4.098198173942987 1.6361045625790527 19
2.9562074762443737 1.5173035861736732 4.4784920102146435 -3.3658967212815645 19
4.050409227466183 -2.208324013728874 -1.5081024676847012 0.5776224205890593 19
1.1539773533216806 1.0005701473607047 -2.3432874820684164 -2.286446743654931 19
1.7634288922770214 -2.484927494154758 -3.172744725835386 0.8920120999408846 19
-3.82272102074016 -4.308921409090353 -3.144934183180061 -2.2012417776152944 19
-0.30508754975134034 0.7224972894122018 -0.2270976784961508 0.4187783541141401 19
-4.195104565139061 0.29885278317299746 -2.7142441991647894 1.982003221781996 19
0.7240882660181274 -3.86742526370287 -1.284588153170346 -2.5343941759822375 19
3.533650433047212 -3.5373844061535746 -1.9237678871475672 0.7950993316522939 19
-2.698654111907516 -1.2663518036344774 -0.34588127100993804 -1.1203159276356336 19
1.1323801930863213 -1.4274420637744003 0.6290837283668558 0.9238736019934918 19
0.4300783129647433 0.452009441624193 -2.108463015626654 4.138133924776122 19
-1.8412771055289103 -1.211592083536798 -3.5877030157530596 -2.6801730053547743 19
3.5696097658134707 -1.3589685597167622 -3.133122686871493 -4.235811819365453 20
3.5922983734783513 4.171930318149331 -2.121790577563263 -2.924070849629973 20
2.4410689351679173 -0.39658138794765196 -4.121425013435441 -3.202571695629479 20
4.019515320223395 -2.5277871428144643 3.312458239239958 2.280214834087757 20
3.8312670674442484 2.5573794032281256 -0.6871225300295999 3.068557187950074 20
0.9924915801879167 3.196481980289353 -1.686512235155802 0.8779343729916139 20
-1.377664002100992 -3.250182722589784 -0.039174887800655034 -0.12058642191674096 20
-4.401817350344907 -1.0990220335792826 -3.9484836548901345 4.477966286162296 20
-0.5888627139307909 2.0525691492319464 -2.8239281572272765 -1.9877884709608455 20
-2.9661060420947827 -0.7848864690679783 1.3911832910592163 -4.296427608970157 20
-0.28620358427915393 3.3501963468342284 -1.740313120633422 -1.1724251053088786 20
-2.104848244693801 0.20333326447696687 1.0734306490501804 -3.7993650105384815 20
-3.7655659183365167 -2.5763163826964237 -3.576951369297765 0.23365148064617758 20
-2.6202964157742787 -1.1287873126537682 2.849893310221219 -1.865271988637705 20
2.2253941723018866 0.21606818213170875 0.23916064545604565 -0.0011957665866939582 20
-1.233089901245851 -0.8721333471729878 2.427197841952777 4.410720703367546 20
3.925636878496772 0.475451122529039 -3.328925370064136 -0.4761946311660188 20
-2.419794772964294 -3.1539415496618544 1.4363600563713859 2.4885205002720956 20
2.744109427321545 -3.6987386490140777 3.5794849644615376 2.106755455603446 20
-2.2845268361229323 3.785647162313932 -0.22950066039869044 3.538611629023404 20
-3.175938919223863 0.9966937250048203 3.816005403135967 -3.16806656969783 21
-0.12644209908957416 -3.528332428565549 -3.504381890212761 -0.7870853596273704 21
1.8029402254954052 2.948883240623063 0.5535250707964848 3.9314130243936307 21
3.5192338713072444 -2.4499346278694007 3.5358002840578826 1.5992668480104473 21
-0.9579055026779247 -3.715784189693711 -3.9642145250318093 -2.8939002334026647 21
3.590027509833426 -3.6006219389682723 -3.896054142114212 -3.6530907815716738 21
3.654050130962305 -3.996479085212214 -0.8288341058337891 0.8407332779046339 21
-0.9653538710804035 -1.0632061635543417 -2.9106426191119597 0.8229073542851292 21
0.14248996728634544 -0.2808457615839163 4.277009349103865 -0.7905404342119745 21
2.7743257345690493 2.3688362876291196 3.8095831358946803 -4.322514119591126 21
1.719535563108423 3.6405282387498143 1.6891077104321133 -2.419100141054046 21
-4.139343218121946 0.7463808223276306 -4.275368674012217 1.379808799465156 21
-0.46020117230339963 4.198588386363863 2.8097312352291386 -1.0169906424998931 21
-3.38745485071178 -2.5337623027053686 1.6017415561535138 -3.649843355193111 21
-0.22914218015293852 -3.7663838110840926 3.426409904089961 -3.644300649585634 21
-1.3443830603834859 -1.7646497395044776 -2.9313086785414093 -0.7985189430003906 21
2.4878616323446208 0.37187476271521636 -3.197306049914996 1.3736029206914995 21
-4.206954457783716 1.4214831288017815 -0.8679761114038498 0.6581495817970898 21
2.471614451700957 3.9525306295313234 -1.693040921898288 2.378430116098532 21
2.8467416206555365 1.6702368248390307 1.3446859028210914 -3.659931991942657 21
-2.82257091544453 3.745601808260712 4.372635594568104 0.3249744233254406 22
-3.2148740087794514 3.5270898254214855 -1.0510329988769038 0.4205331201840353 22
0.12415874603090749 2.6379931212209113 -3.5362710351244906 -1.4523445716290115 22
-0.9934580551270329 2.7102092675663427 -0.43060212000477693 0.19280764389665672 22
0.7012658738565819 -0.8001443394945538 1.287175127749864 -1.3981172429699944 22
-1.0304867598893606 3.8123064282346046 -4.495609072018483 -1.840388972471771 22
3.2577037662656103 0.23940956440386152 0.49656269848847634 2.2606691494499986 22
-2.058219518489814 0.35938845272357134 -0.591279512350435 4.258233618209967 22
1.6674285036091363 1.0812253245133592 -1.217094206665038 -1.596276570094683 22
0.9690832140553316 2.3878486685674036 -2.0503491968800276 4.229121457431962 22
-2.1137312144182574 2.888113885525593 3.260929316278353 -4.353073222764042 22
-1.7975726734412212 3.6752052668909205 -0.41304078758566076 -0.06454719267108588 22
-1.5495349057799837 -2.258067515057888 -3.8492244222751784 1.7927878193305973 22
2.4846057954969125 -3.479848483331152 -1.2584778570477675 3.4201149398518655 22
2.323561572855915 0.20343296927741372 -1.3253491755411835 -4.200178670894889 22
1.3863425361324015 -0.6707938247755703 -0.1795238453514013 -0.8616323626381204 22
-1.0090780323966348 3.707682255218857 -4.296903014417778 -3.294032563819191 22
1.33509190480641 -2.0642415857246985 3.34972168115418 4.002109120943682 22
-3.1533567477511717 -4.233900453119023 -1.7372799543943072 -4.386939966718152 22
1.140752539763169 -0.8997250837635371 0.6912453614005906 -0.4802391601771584 22
1.829436287766582 -2.0541057708605193 3.6021164358052236 4.2032097712650645 23
2.728797302144777 3.806953317315869 -1.7096634454863024 3.4030588635766206 23
1.6816996841063556 -0.4110087017573184 2.6007525659310304 0.4967576724598334 23
0.44806408631510697 -2.857747827368337 -0.8246407905997414 -1.3573408144727406 23
-2.970614680216041 -3.926126225564866 2.784548790293107 -1.3533878347715689 23
1.7151225090202227 -1.9614330335911523 -0.4312409851233263 -3.679632507797554 23
4.298493211762712 2.23968677339193 1.6215814132291175 -2.0738459186954916 23
1.5915301083324738 1.505928268530409 -2.0803498299027794 2.711158854309649 23
0.9240795271384118 -3.4741338033819185 -1.1170172610057303 1.440325072559025 23
4.171003942233017 0.23718377863408668 -0.5917237049462284 -0.7414893122309528 23
1.566771148499579 0.9599590365831536 -1.2908112990479104 -1.7541089897765239 23
0.1488865562463919 -2.062747895219922 -0.2738579623156553 3.6581947043919008 23
0.9533004327660812 1.8544149685538498 -2.76749606632883 1.8575026423649326 23
-1.1435784762988037 1.8440861484731101 -4.35501299852612 -2.895584590119725 23
-3.279954660589787 1.8676884407636902 3.405473984880204 0.7110823277141006 23
2.509295188950044 4.35180204073765 1.0242486117554381 -2.8421748991269555 23
2.1423009565209443 4.01083723323525 0.15077210076063396 -0.21970342296321532 23
-2.322029518775364 3.1055748155559426 3.50129914496644 -1.9352944871630728 23
1.7130691726897094 3.489910560454573 -3.3498610989068736 -2.1877345807069504 23
-3.7954012731451408 0.462356798710433 -0.0714954025167377 1.958529494586621 23
-2.7701502952933073 -2.584675244131576 -3.567906846104181 -2.2788963717443016 24
-2.2485330985695455 -3.601743724647317 -3.265931627815937 3.067769148798879 24
-3.3365699662345105 2.123623623252703 0.7689034402592827 -0.2923256723419827 24
0.7034151894816503 3.35628707392535 4.193956131753335 -0.9528671761380092 24
-4.28072200064602 0.3762603699809648 -1.9720962254735936 1.6163547802462723 24
2.7524379201055216 0.9604693337221843 2.875433812855297 3.2382645243060444 24
-2.4295684793962296 -4.350563222641075 1.101113109138472 4.353081168169324 24
2.1109655228931654 2.7523344323833916 -0.1473916621828607 0.8866144871458839 24
-3.9339216119766487 -0.43444043237215946 0.31443992741492666 0.31990918917885725 24
-1.801763856336731 -0.19031623183504076 2.72851819380382 4.203329400935548 24
2.419947664724462 0.5825584924550886 0.9825945261561552 -0.5361865200521766 24
-1.0611094141251716 1.8362904626630094 3.507495330617859 -0.6889267515194903 24
0.8507296423483794 3.3617353204361615 2.0800947670741263 -3.5388082885173584 24
-2.9269284437876473 -0.4338489803124511 -2.8074697011483187 0.7138719836950517 24
1.0870743596422154 -1.4533468489812997 2.0607973162344266 -4.256243147918144 24
0.7458374513856585 -3.8694035495122057 2.7405863624875524 1.158625205349419 24
-3.6041572496063097 -0.226902792706125 1.3915458053083736 -3.7648869473635527 24
0.37133307279662575 4.35386886071626 -1.5162305591139011 -0.019719908328335034 24
1.486915508042702 1.686997349860355 -1.333911499790149 3.150436164912943 24
1.057274586437043 4.448296347522824 -2.1339785633959787 0.7781433003848253 24
