500 20
3.360864625126346 4.216865965388388 -1.7018850542439676 3.0717584197205956 0
3.3227508619252797 0.27770122400039077 -0.988933328689446 3.559794625864881 0
-2.405445048204384 -4.397410761503131 -3.613755852761389 3.695042426890602 0
-0.6257806353675854 -0.8788377596637166 2.0596907170598358 -3.3553349910429917 0
0.20407204217312658 -0.19447383777837812 1.9625275070491994 3.6635419561692504 0
0.498208264400974 0.3904741578828631 3.1451728318241003 0.741894306302217 0
2.3480601804263608 1.9113711667388213 -1.9459120556524856 -0.363494141900227 0
1.0771388649309563 -0.6651740657142704 3.858220564455342 -0.50047636824073 0
-1.8983247478372105 4.264697170804016 -0.3563544630213489 -2.921129020431317 0
-1.4960335904039668 -2.5307904526215483 -1.970203859381233 2.7242222220035934 0
-3.9077245099150972 4.345834918980904 -4.029294936522542 -0.7651602045680732 0
-3.3492985836747136 -1.6008228611623858 3.4685765821475805 2.7054113778894124 0
-3.8615143972482113 -2.4770705492875913 -1.0509486127639704 -1.4503441533765487 0
-0.9572857655075557 3.565305043925717 1.1133829298351574 0.907284153343032 0
-1.3908454920191964 4.3627449355674415 3.690966915713921 0.34345140436821053 0
-4.241411559330341 -1.3348373735689192 -2.613079966354567 -1.1208475670917188 0
-1.071369997165323 2.3774411822936408 1.6194427305850767 -0.02526358628145242 0
3.949235219796946 -1.622791831796751 -2.364807370130178 2.600274828264548 0
-0.6077166048862573 -2.068688325676812 1.3324091105480358 1.7712912250491155 0
2.70950297693755 1.2441492551080922 -3.4663924890450204 1.3259330712692783 0
-3.881788798876585 0.932800287322001 1.1452880772967304 -3.299543797934789 1
2.6601710258607896 -4.211926592167829 1.585628408537954 -2.7165333144999324 1
-0.4009696010466026 2.6115528720445704 -2.900505096621066 3.853312809086617 1
4.397368663023563 0.7556808915087004 -1.3983188419217538 -1.8988770842573275 1
-4.149789321219103 -0.4821938323388767 -0.17556357852112248 1.7091912997877068 1
-2.8064473623601716 1.1435008216972355 -0.5290898969525174 -3.279810994118799 1
-2.562139804745284 -3.1412690310825324 2.33799370472338 2.9521592585774834 1
0.3252987601161702 -3.596518851979056 -2.8751718774551263 3.8393221997913294 1
2.0804258878259647 3.956859354970573 -4.105996762183323 4.014286449153584 1
3.989863660168816 -1.1273534548400144 3.1416813153006204 -2.7495732770426797 1
0.8617522128662323 1.4578444104702093 -1.0667111957703157 2.536846439208564 1
0.09522409727943304 -0.26196676520535445 3.3123297633700863 -4.175812874156422 1
-4.420149429733643 -3.888932367911677 -0.680547446473139 -1.9488257159166245 1
-0.5866539445477008 -0.6165573220767533 -1.4752749661927864 -2.9797270952856354 1
-2.827046830322061 0.26734785031714114 1.7607897532183285 -4.4263612773421075 1
0.8917762764612546 1.9883202001882512 -0.30286264069976254 0.07519001098938338 1
-1.7424372902468983 -0.8604408170271114 1.81962759716168 0.5616450851460016 1
2.9050417844777385 0.784173161117675 0.5404528778510359 1.3092326121091977 1
1.8586398906491066 0.09524022013964195 0.27875126054130395 -2.8515837238590693 1
2.9705549489380587 1.9861021033183972 -4.049294635437647 0.576705984805787 1
3.2963551459348266 -2.6693120506320853 0.47911832689515066 -1.6634091128562976 2
-1.813186338447373 -0.2177638014260347 -2.9388645688760917 -4.340697910933908 2
-0.057559518706788104 0.9690851764600883 -4.081230780866855 -4.272930467805422 2
2.8704201932932762 0.24951454577920895 -2.015770331477099 2.6990402956854602 2
3.9528372242148446 2.010450734885464 -0.10940657614719107 0.22971391135056352 2
-2.8911868589891916 1.0775287493631807 -1.9193411060771859 1.5724136040866366 2
0.5605504556547012 2.3706415317343175 1.5572606201539583 -4.006179511919497 2
2.7598170169190324 -1.8123731770248 0.1357724135647892 -2.0420446269228876 2
-3.2545376395551875 1.2185812276097734 0.427593519994903 -1.6366040656238847 2
-4.425224630106866 2.5972493804810046 2.9111566903402295 0.8354020772856807 2
0.018696533719396058 4.474067953828698 2.512573373636033 -3.340481228856767 2
4.3563658263613245 -2.4562923607505214 4.343247666326946 3.6162537400611345 2
3.149615611707487 2.8153578207435443 -0.06055788375584015 -3.138107262320646 2
-2.3747906677297537 1.4116796478501683 -2.508831458334778 -3.5968276889984794 2
4.294539013934333 2.0841166332216843 -2.4520346547460194 -0.7693106536517936 2
-3.6393447482920216 0.00545495349884384 -3.3936099285804926 2.64921544666434 2
-0.3387592931578113 -4.493304995009344 4.410347073096908 -1.16713591440366 2
4.4004504641438 3.398579470575855 0.550623269903545 -2.750857850598644 2
-2.5450996237540715 0.9483975118135523 -0.9750568417482358 2.3217769463815094 2
-0.25242191517663826 -1.268019766860478 1.2366995827417453 -2.373561564030034 2
0.263632070774971 0.5834079961536432 3.9559128381341395 -1.3731274429982125 3
3.001941011242714 -3.9346800976350993 2.7115719561567646 -0.3702906781344364 3
0.9572996084167946 0.03251470446619875 -1.1409660887038608 0.8950199951251266 3
-3.057311764570007 -3.190990692993545 -0.2162183862509962 -3.521012472476696 3
1.2405677581942158 3.446155263251688 0.20504051704598636 2.5756234731535397 3
-4.204207702344857 -0.6478028867869188 0.9027215826219401 2.4282680950879456 3
3.4010376593534613 -0.21143628463200403 -1.952630166404994 0.5016274361005172 3
-1.1918651620581653 -2.3341477332682943 -2.772443473803608 3.342029675498363 3
-4.065914005527332 -2.9234989871176507 -3.0376286962995964 -2.00332755239402 3
0.5109788939971449 0.2707693467561033 -0.18820855349517607 -2.9671687625087246 3
0.39799395555299555 -1.8085252624495516 -0.23756225600699477 2.995115514847602 3
3.2888162809301607 3.122518891919426 -1.8122319502258466 -3.448342747357871 3
-0.3086967003254064 2.2622237710722186 -1.1682433646181616 -3.137153905611231 3
2.552136054900104 -1.1871283632345873 2.4969967761288543 3.167843744254893 3
-2.904182094293893 -2.224165467140713 0.1992820627714852 4.168050140223925 3
-2.3661804640855357 -0.9729399433540111 -3.322940068106624 0.7478879502814076 3
-4.435142314390739 -1.9719823496705153 -1.087608142024939 1.6494800240192582 3
0.3336310525134668 -0.6924662668981875 4.020127215506761 -0.8861838231941684 3
0.28643692092637196 2.160696237875211 0.32010397377288047 -0.7171307632004487 3
3.880938954824591 -1.5660265278026468 -3.6369330101773816 -1.235795211438765 3
-2.064838301892764 -0.2139847922579624 3.8657145736060023 1.9146030068795863 4
0.986545892073871 -2.8147460920447536 -3.7139128192335886 3.658756165301433 4
-4.248041710593944 -2.664058049925197 2.555402980273899 0.4700690530817202 4
-2.2940589506007663 -0.573024938582437 4.458331347905924 3.104499746720242 4
1.1783631792434164 -1.787187451623193 -3.3159789496220826 -2.569707430338129 4
4.279560419211623 3.3403350723038847 4.172990320891604 -4.298873176079458 4
1.0865882825581745 -1.4590163317854759 0.5102594804252443 -1.6836925440253743 4
-2.9724155553301026 1.4375713612580086 1.0194576166877185 2.063869742831618 4
1.9390416280132354 -3.905093548869548 -1.4967121944267143 -2.053843160739724 4
2.476045893240923 3.497659300038676 1.6215677515262825 -1.8323096808477888 4
1.1900139561257483 1.8301726794249853 -0.4282889982822713 2.6161491488022603 4
3.2709980075348692 4.038515188978155 -2.0941760134654688 -3.4746661251136715 4
-1.3331122028739069 -3.9671837567643182 0.8404221008783015 -2.4701425296257313 4
-1.701404177156459 -2.962341221474549 1.6880536268804416 -0.12081085088350973 4
-1.1335613401669606 0.03573928739448373 1.723864693182659 -3.81181908486546 4
2.6144271269363943 4.0723371009280624 0.456794172601801 2.7393494576841384 4
-1.8916124931005394 4.0681268496687455 2.181080702895645 -1.3996968085288848 4
-2.843601614739452 -0.539447819399192 1.354126044001978 3.010567843390012 4
-2.857504685190414 -2.154141293893379 -1.1627228806971102 -3.8081765424441905 4
-4.345137919893555 -2.2834834516060116 -1.9115121805342818 -2.0260574852422537 4
-1.021392975452446 -0.025487536034180747 2.728304414838219 2.8835772692007313 5
-1.7681266617686062 -4.382630481590294 1.4475758683701376 1.3593310783751216 5
3.3916511527516593 -2.3751444004702917 -2.3425829661925306 0.06863707144600173 5
-2.5298867199463135 -4.462513210939936 1.7612999140944952 2.6024576361692366 5
-2.1597215798455256 -2.0250675090612997 -3.2621368747763353 -4.250846411395733 5
0.6607931256183126 0.18365933685812474 2.819145269229831 -3.1214509579467755 5
2.6930678023529215 2.505100596920141 2.30653288177695 2.264100205560559 5
3.870708619206055 0.23138935708050545 3.5943146544761833 -0.686145684834174 5
3.914615335036684 2.8472846506447724 -0.48801703567483035 -0.8758639193812131 5
-2.797651921908312 1.7774562240766418 -0.941879436205816 3.804332842828166 5
3.734744417308839 3.6274629537665755 0.8017103484192708 3.1846919602175996 5
3.2553093181143313 1.3287275632171052 4.441621665841077 -0.11589302890545727 5
4.140383629970859 -2.249849082638918 2.4525519940268468 -2.39616513089359 5
1.7763659714323743 -3.3873137713841666 1.3354504798533149 2.314848513592699 5
1.4649076542202653 1.88676739142066 3.4892013676771443 -4.080049739926885 5
1.5478594560949535 -0.01664652643715181 -1.699237761038198 1.4883753890399487 5
-0.7973906483034 3.3001127512392925 1.9208474749630695 3.615074450295272 5
-0.27226174346158516 -1.6396041097590022 -0.8829261374208254 1.7981307585604398 5
-4.0757656710758905 1.4321085151574326 -0.8838545935664511 3.3760251538216313 5
2.300110505256783 0.034857446724917196 -0.561160334888705 4.180384019916678 5
2.0652023305526463 1.2571983588118234 3.0747991155524037 3.9013073713721913 6
0.019653616315940536 -2.805368215271485 -3.375855477443139 -2.872134782702158 6
-1.285095186087671 2.067501217206478 3.7642637523602156 -2.301145243170171 6
2.2550783411580704 -4.021854382358332 -1.2112098529594655 -2.4013884329516366 6
-0.6467773768758537 0.9816336839802599 0.9736203098972234 -2.7565469502797626 6
2.090527652362665 -0.9074915125056476 1.4437997247957637 -4.256106068240403 6
0.39981548527000954 -1.0930999141191944 4.263837582848584 -4.312426321981219 6
-1.4392650293880913 -1.563988555054706 -0.725070357496806 -3.1477736120034114 6
2.8856364620675805 -3.803707779372536 -3.729853161893245 -3.055095935630444 6
-4.17270635989042 1.6656140489076317 -4.025175688626028 4.315116332000674 6
-1.2330553429083102 3.9633330571689562 2.18592158960573 3.7653061403569357 6
-2.9653380955196647 -0.795005707082462 1.8296689012391347 1.0793173180447846 6
-0.9128829405036958 0.09516111038199226 0.5193665566145225 0.0636341916257187 6
-3.0878164776610646 4.343995906018431 2.5170335308762093 -0.10116886063592923 6
1.194773170328654 3.8670197527021886 -0.5144520814921136 -0.8576103854228315 6
1.257349401871569 1.2230831743880364 -3.5861443648552793 1.6437867055726736 6
0.9089912471028617 -2.2840585463377217 -2.339870630281869 3.476598478596508 6
-1.9198786482386536 -2.998505260868644 1.4314834476354885 -1.4802358615209956 6
1.8676782774355454 3.2052439626684035 2.667864429396765 -3.601496188127787 6
-2.5249865285974624 -3.9412503268216152 1.3440741254409772 -3.6079778477119175 6
-0.8688739381436479 4.191393916600938 3.4035840588874646 -3.4559226978394775 7
-3.1983502085166426 0.4992652271405318 -3.7698737547273398 1.278727850191071 7
2.489348294448811 -2.7458152100756577 0.22640134375491372 -3.4740189394533125 7
-1.3613354453444788 -2.4959390799524943 -1.9881123281478565 -2.0915922224448606 7
-0.29764425174011844 3.9162410674405406 4.4755925212664405 0.04480773288583639 7
1.1809726352793597 -3.5051893806593877 1.6384194505923249 3.2577843928376913 7
-1.4150452334797572 1.83377526685257 -0.626750357999891 1.6320679683306518 7
4.450755847626702 -1.2419864653646666 -4.349241913197023 -2.0589505944850135 7
0.1705970658842092 -2.4855276593608657 -1.4031202675801735 -1.1569220163895526 7
-1.3727697814426771 -3.3037283321275375 -0.6993010438023205 -2.3305862221557208 7
-2.840110392754773 -1.8097981758741395 -2.1847249220086016 -1.1187166527664076 7
-4.062766012847753 -1.9998108853586691 4.438743560950165 -4.066285467599871 7
-3.7520134538415126 -4.237678565118685 2.260510806766735 3.1306136230427706 7
4.181603237405455 -1.5624250371765598 2.925820070722761 3.531813128161447 7
1.6965518329797344 -1.982561745066278 -1.226946475716967 -1.0997558928181879 7
-0.5374861130199962 2.8735446037785364 -4.198329238469171 -3.6552836696754882 7
2.6412053786900325 0.234249526752083 -2.0309122263343604 2.03586608201079 7
-1.3155160996725241 -1.5731593832573343 -2.728437582890688 -0.9201175421744197 7
3.44766075677747 -3.4924044053146917 -2.512821412071183 0.1498568077912742 7
-1.0546874399071833 -4.1331620978372685 2.7616040207305916 1.6428067338604921 7
1.207576410048971 3.9796255279669115 1.0759735549095673 -1.6570576733390974 8
0.6201040143629817 -1.230968718336943 -3.8946900899950037 4.3346948728985835 8
-1.6838677842043752 1.827683133609511 1.8995826881320785 3.9351444894698036 8
-3.1723580040949493 1.98992632916601 -0.8555596739838354 2.499257750555717 8
-3.0334302120473344 -1.9857386859414006 0.7854231888928064 -2.8201021784707905 8
4.249611996568644 -1.5195214764961409 1.4134624470550459 -3.024139910463136 8
4.150212222864645 3.59282328848203 -3.872511559459773 0.45665761526156934 8
-2.799903489845825 -4.183578141282362 -0.0022658808710299683 4.007469032426867 8
-1.1334587778360086 1.7343491475047828 1.824491708820921 -3.0589463191760125 8
4.0544296181472665 -1.2793329811431782 1.6652861168352175 -2.305726178338894 8
-1.1824009866806104 -3.2520681323113925 -3.3836259146085204 2.949931369903435 8
2.3086131006227477 -0.28509695105004274 1.492410576369597 0.412257268398442 8
-0.16581422091047027 -2.8093097529270192 1.262718317927152 -0.9119132897575852 8
-4.010200488299939 1.6787922051858408 -2.958670273657601 -4.488818575614559 8
-0.152796686495566 2.9461594966512967 2.9442766484890015 0.9976105175004673 8
-4.2500154016255784 2.9936470811862312 1.8117822450826715 4.024566689026409 8
3.0547694541946413 -2.004201401835706 -4.155277768642759 -0.930686101521479 8
-1.5262005943325727 2.0330915590157845 -1.623566350600635 1.1609149676141854 8
2.143059956546619 2.6519331032822215 0.1716255476621179 1.2454479357724408 8
-3.7441586730602365 -0.3940443099153831 2.5946131652311157 3.5293483558903214 8
3.157009106548315 4.4028188610015775 -0.9217833561403602 2.952697540397782 9
2.012705188546451 2.773721628555785 0.6840505944761233 2.480122806476539 9
-3.4889828453765466 4.319044707176042 -4.446933217071919 -0.08913607148026392 9
-1.5711947985177246 -2.896966597706674 -0.685082566788997 0.733326080229386 9
1.5319384950960746 -4.440642811075577 -1.0862411910901333 -3.548661640842095 9
-0.7040052429780205 1.7678362765963325 2.1777838623525114 -2.7646033017557317 9
-4.45905824045498 -1.5830983627479025 -2.507215759206648 -3.469034635862918 9
-3.2161954579177303 -3.4239268119583963 -0.7497285827670056 -4.484968176310781 9
3.9537511602586575 -3.829710588032312 -2.527289010414825 -0.5360883675392203 9
-0.22838070922228926 -1.4710559459151122 -4.412739365543671 1.3246405863060535 9
3.8956510476899964 0.7437395016427039 -2.9777799186909544 -2.0620396753617865 9
1.6174161527616917 -0.3390362874697287 1.3230947017385142 1.241087182263394 9
1.4925561736524111 -3.921555102897475 -1.7332903147083976 1.8311928001327686 9
0.2244468490567343 3.3201057343142377 -1.6499400784720386 -0.3760722138648641 9
0.2601344373035591 -0.8868942025352556 4.476716642512841 -2.0880912639990408 9
-3.6903056468641124 1.3749884746545011 -0.5000863991817742 -1.8706081714469676 9
1.6580157141064578 1.785502775158024 -0.17866368404550004 -2.8061298356087296 9
-2.281155021297479 -0.8300330653826108 -0.24866946973450887 4.165672550513759 9
-0.20538040336341923 -1.9582488266119893 0.06481346358481488 -3.576678053773054 9
-0.9737751793672855 -3.983259165728663 -1.944344099176778 3.8760902069824255 9
-0.0055830242176379 -0.7409185152714947 -2.3049850797821043 -1.3675550307933992 10
-0.877908976777753 -2.762109787244772 3.1617153362101895 1.6031026545125493 10
-0.019740563485999285 1.332135242926465 -2.1869574060149697 -3.4542061757766374 10
1.1980144140233775 3.1893325572407707 -3.755142156155924 -1.7692674673500783 10
-4.329994564456847 -2.689636682349482 3.5522128403869013 -4.266508403735132 10
0.7684032991990999 3.8621440084413026 3.8677342546315727 1.7360619766459342 10
3.303666762990173 -0.44442240998253735 -0.5754604595181835 -0.8045331963900865 10
4.411046738098904 -3.213978180368577 -0.2956769729298401 3.8658921698909943 10
-1.6838507777009757 -4.491649847939314 -4.002925073103094 -1.4805582335621081 10
-1.1757994904000089 -2.4045548803488113 -1.2743128734814917 3.5403384633553507 10
-2.1616144694215813 4.175759326515536 0.9080944611616579 2.8079912196719228 10
-1.3833806894369296 -4.456577334313151 1.4434922420441065 -1.6557622649091581 10
1.3479776490219866 3.9723323445729273 3.489229330832764 -2.2310308616480974 10
0.0540387411739629 1.5764719538066396 -1.0580242694123556 -1.829605842773384 10
4.3099001659524845 -0.6468544021771478 0.8068551473370177 1.908436050600747 10
2.402586462946169 -3.8661707279899296 2.3496229144277594 -0.04552954070381643 10
1.0386497054848436 -1.0326054709056778 2.7861175576317865 -1.6760057174105676 10
3.5638453062611397 -1.7129582603350888 -2.974325390971292 -2.01781467152846 10
-2.0625465022425535 -1.2326202099695633 2.2830981370602745 -2.860982110260994 10
-4.2203373534626785 -1.369214295598462 2.0901091863995775 -1.7754984456713951 10
-2.6957930607044855 2.842030066251552 0.5782335506007156 -4.281413283826456 11
-3.5899415887002046 -4.21653908491555 0.2845372710347478 -3.408068147493207 11
0.056367954837962864 0.9536539405462179 -3.7527124855091 -0.04670890388684501 11
-0.1659699690316323 -3.2375873154993333 1.7498255626058725 1.6654753523519592 11
0.29939113886883717 2.7478738001353777 0.6066961506294885 3.210342481880838 11
3.1595263409695944 3.515554364644605 2.714477128061544 -1.2774001065618386 11
2.589000189553072 3.9961968897448794 2.373511222726705 -2.423742679868973 11
-1.5654026561825383 -2.92029482938732 0.4244909999425289 -2.2318683312727137 11
2.0032721876349857 1.0353018760668027 2.907881234052292 -4.4281018018301515 11
-4.335059357799542 3.4274497099956673 -3.493811469672963 1.1408269821515027 11
2.064305913699104 -1.1012329549799058 2.4369808993261106 3.0081867576635317 11
1.2995850989013067 -0.48051441584696153 2.801288416654266 -2.091028217873413 11
-2.9290683472361962 -0.5792041744654568 0.28342641355694975 -1.0961015431713341 11
-0.7870203014211671 -4.336229442442924 1.8398691379363017 -3.8273203899167108 11
-4.489393818442681 2.2599660507256436 -2.3874412601432398 4.278161118357081 11
2.4300495189999998 1.7083341195553903 0.8307901422948679 -0.00721756150304298 11
-2.8223184726275807 1.6121989736568778 3.031367889232811 1.8776739098202664 11
-4.21350763422984 3.4368644641650494 2.8414543353461887 0.4744494022076401 11
-4.260869688107649 0.8286651376330101 -1.743487932576382 2.053912494467547 11
-4.175791177586248 1.0630666373958448 -2.929608228776445 -0.8156576307311797 11
-4.295011170641149 1.5183094650521798 0.07414388803570449 0.556879283736083 12
0.700546954157383 -0.21113419216829976 3.870636503525046 0.6784798524503299 12
-1.8351183131625721 -0.3659864572209205 -0.3357454881467553 1.5247429023358134 12
2.8961734231430496 -1.1539800650835295 0.509102940502998 1.16471339640946 12
-3.1122959580502436 1.6477586967078233 1.1535182010780884 -0.8942868180067705 12
0.9207413913268865 0.42010849728870703 2.287657544186686 -4.316503865458759 12
-0.014632582364086488 -2.678917671435501 -3.678550568106326 2.2506278327630613 12
2.34628879905994 1.3861694406892866 1.9498117383928575 3.0369892550524242 12
3.3533019882150303 1.0627019773420905 4.424384018281648 -4.1511287371129555 12
1.514452375711447 -1.1299606530661137 -1.2018980965441692 0.3210538336578721 12
-1.2764824446417933 -0.5560681003602673 2.2881476555629936 2.3873278061489893 12
0.3070819944145259 4.473929365018007 -2.437511971793598 -2.8320537911168127 12
-1.5825348693883663 -2.876529010095523 4.067479317836318 -1.6899555415529957 12
-3.2742310551601457 2.498777507230752 3.699452292527101 -3.8908959782948287 12
-3.4567226223977596 -3.664038398528387 -4.320699248271643 -0.44162597561366534 12
4.469853290533925 3.6020951682350706 -2.910201940888066 3.2444385860427727 12
2.6165014485479476 -2.2758039371731424 0.8368219832833081 -0.6514230353407487 12
-2.826657770910651 1.601190083292766 -4.421789787000481 1.6647117484431817 12
-3.9813399795331854 -0.25737728946838534 -0.6756604225792175 3.3673573644964514 12
3.759738623870386 1.1189209195412113 -3.618561088586378 2.3109804874478117 12
-1.338676214583131 3.1351109704130082 0.5941749513935868 -0.8563929664570169 13
-3.5707778550197142 1.246411703017674 1.9240608969739412 0.457729773612922 13
1.2297570029936966 3.4932984839631835 3.9003376815677533 0.1188363856577137 13
3.4877702567801743 -2.4379596506610266 2.275984323358627 2.9724034256644316 13
-0.764349259950169 -1.364522857630117 -4.117305433272115 -2.7893701458074704 13
3.0103355179459084 -0.0055932741681432585 -1.841782871121488 -3.8681461946767666 13
1.9351364402400908 -3.516067905430783 -3.8265118764304193 3.3950425583662893 13
-1.4529826317447305 2.435468737540304 -3.7025334344380925 -1.8189435517227677 13
-4.460304409806767 -1.7146668286738693 3.5862098465831456 -0.33551972949397424 13
-3.2890846197043078 2.252758711671965 -0.184787769454837 0.6439727450284247 13
-3.968791304790459 -3.2302383085050046 1.1638176896069967 -0.32240272472249143 13
0.1032841357923927 1.4909698287232755 -3.9197116036608146 3.7449969164770978 13
-2.1527675921596643 2.604819756155331 -3.7543007179836514 -0.9842218888594568 13
3.933776208859475 2.677158916086127 -3.36157774270501 0.5217598725914991 13
-3.6785238170782244 1.9156609169732484 1.40205777570677 -0.510944020963582 13
-1.4310679900636953 1.4538620981225898 -0.31593906858118337 -2.4131546902671754 13
0.16558876905491382 1.7453020824737373 0.569147633629573 0.6434161903178858 13
-2.7447458411609467 2.4798804723186754 0.26573664254967555 0.48678127920939795 13
2.535300783565607 3.5698614026236677 -2.4215287768599203 -3.6763846552151085 13
4.327301872014532 -0.08598422778770964 4.385595357071727 4.327281218829458 13
-0.331550331320264 -0.15960080846191882 -3.8619129426944703 -3.527228058876731 14
-1.9795417338911183 0.966915961160078 4.1972288077784885 4.4664021734367 14
2.8958690016509623 -4.421373830817823 2.976507316437592 -2.357267366879401 14
-2.291557851247845 0.906238186225593 -3.4889693324668682 -1.6087632505327716 14
1.0804520274853675 -0.2493632098874048 0.7699253290360764 -0.4161903488772728 14
0.02589431926958774 2.26603964855867 1.4785726195068247 -2.104548333136858 14
2.9177941955976427 -1.6336816561643177 2.532941708210544 -2.3721374046974057 14
0.4226341041803625 -0.6308572531160939 -0.4039204500389414 3.1537243384436096 14
-2.820295685078328 -1.9309944166532245 2.7139479912788493 1.8530723822972779 14
4.447603135087016 -1.4934563930710434 1.840839899171427 -0.5835786099910603 14
-4.0276456235665945 0.5439011450958352 -3.5788939401297344 -1.5208926587511349 14
2.4951368989361873 -2.0550681857599766 3.6445533288841974 3.887253854172042 14
-3.8531104631403656 -0.24468829818843663 2.6838743994994623 4.400070703564111 14
3.3406565305122617 2.15991153148652 4.069427048809886 4.454422989445781 14
-1.30479101484489 3.5342006458833604 -3.684255870529603 -0.460292056105186 14
2.3292860873807313 -1.5877571210860717 1.263000916425928 -0.11602641916996526 14
3.657622547742549 -0.574898574084008 0.8805280210056567 0.8934778369497322 14
-1.195542136769467 -1.620676000057066 2.474691671439582 3.9765820196635397 14
3.6880856129462525 2.29771945595433 1.0334710755355934 -2.0987446840516317 14
2.529752211401692 1.2689713871041506 0.29744390239840857 0.9564795491131293 14
2.111232350110708 -4.4040723626052065 0.6829039329529357 2.253895544709904 15
-0.643061262022046 2.5638464920757285 -4.374451113453281 0.07833048623371186 15
3.7606509738103506 0.20233080463481434 3.089585011790838 2.0258295109778155 15
1.6971011763477333 4.067414751790863 -1.0205374093074178 0.9687774372111466 15
0.5213069750733538 0.8442005587292438 -0.7177692006331663 -1.713743223042475 15
-0.5908801535693543 -1.8379744526134585 0.9893752390428043 -4.4792903129109565 15
1.7790329775243543 -0.30595657115778585 -1.899155155846945 0.30976791555765326 15
-4.16172143888381 -2.390364678171914 1.6310668384199682 0.5643146952721779 15
4.258219003654486 2.1597159518283693 1.5993439515855568 -1.0347996246992401 15
0.6913297412292868 -1.9505368297418135 1.5620404437517188 0.4354542295920436 15
-3.769544975948542 1.4514582795670594 -1.6683326480428105 0.8166007526423654 15
-1.452683726621324 3.4042293758917275 4.399438607803011 -0.8941387195533357 15
4.087742659629693 2.528010143467881 2.0803912148634627 0.19174503909271323 15
-0.9923682570753748 -1.3310901338843308 2.4491890947045443 -0.4360422945264367 15
-1.0598686764380219 2.3464695750469766 -4.443658856050008 0.589643389179449 15
0.29072633599173536 2.8359401708856495 -1.6175267507994586 2.0971596546884665 15
-0.7011168720196301 -0.753775800450413 1.513309307045787 -3.6269030324215183 15
2.2521020585798115 0.595701252442951 -0.7379895650634039 2.728680003246217 15
-4.17614499676144 -1.1632876577957925 3.3022978909105003 -2.483566088742166 15
-2.114845076454879 -3.8533769206022366 -3.4317783360008387 3.0417009351221034 15
-4.189052642645009 -0.23064589278197556 2.690560689851045 -4.427401690993655 16
-3.251055147437015 -2.1509328929327216 1.1778195491558634 -2.4953729535555578 16
-2.7719808734548277 -0.4508724972802777 0.1399435117336394 -2.661816094868478 16
3.9089565893487186 -1.0751757896914045 1.347736477609523 -0.696678886364388 16
-3.195799158538125 0.6246387063480109 -1.7809920028828885 -3.2657058117056392 16
-3.9143202829591073 -4.348097823040622 -4.3271867070625545 0.2593363968457274 16
1.4491008801996133 0.934047549798875 1.947252352502406 1.6368767585143171 16
0.9299700582782515 -1.2692423316611539 -0.12696911243619802 -2.4931790188011265 16
-1.7277899745683323 2.910015813201621 -1.9365895655404128 0.8688874063617387 16
0.5473071343878738 -1.3766306555381655 0.03999130935668327 3.287341282414353 16
1.5637976001650642 1.8012867427767278 3.46877076339513 4.4919812970254265 16
1.5677857975393086 1.5574327281872453 1.4191043848599723 0.6337320267507432 16
3.179735754306579 0.24573494106548088 -0.14032413389130227 2.0920595451493575 16
0.5844670355650655 2.586783483889352 2.005579833356202 0.6603937341619575 16
1.0336667241175808 -0.5214839875326691 0.45667731668933054 -0.03667410268753912 16
-3.0498770669188167 0.09508828225262811 -4.142461338860754 -0.3666030063216922 16
1.5465876725572196 1.156936706828268 -1.4093300082676459 -2.2876654862386574 16
2.62065528758988 2.798161828196847 -2.8939077953210703 -2.533849389713185 16
-1.3332666478797321 1.8553860338636994 0.7535224217046562 4.4081981566640795 16
-3.988693698509964 0.9869510782031686 -2.121378692747931 3.574457084460609 16
-4.183402348610503 3.680590493227988 -4.131811358466707 1.4834790723953164 17
-0.10080106806977351 3.61273399850582 -4.196569783241178 -3.5167618664552176 17
0.16667260021145092 0.7996993520487445 -2.5997524741391227 -1.3184037693816728 17
-1.9814866444794692 -1.2788475560674333 -3.291748466626381 4.402982790951728 17
0.5258062508539488 0.5482938440075171 4.024282335354645 1.2019183695986495 17
-0.11475684020961407 4.301396684440879 1.0768934704694364 -3.4235427165421664 17
-1.2420470629230778 3.375765396142244 -1.4054973842270408 -3.600005442699695 17
-0.042551231329353456 -0.11919185746014616 0.743470615295543 -2.376826233602867 17
4.117610164296772 -1.0388553587201637 2.9020346392420864 -4.061044773836423 17
3.041011443397144 1.667437178262532 -2.9888297662488075 1.050719967841892 17
-1.6511169797412124 -2.6643547986103115 0.6798971279437399 -1.7298853078201453 17
4.041551395769395 3.06744461317151 3.464893619776002 -3.702163098024629 17
3.3739117108986587 -1.6195364031948707 -0.6585584300683022 -2.443553544726869 17
-3.9845704440907967 -2.714168655716374 -3.2184757707727822 -2.849977623221223 17
-0.9423904859758153 -1.5898645434403218 2.4937348648841517 3.44097895226448 17
-1.0852890373895683 3.4472048278499123 3.3421699251887445 -2.835207697273007 17
-1.4537279347389722 -4.430787757481516 3.787967265893852 -0.3188564066688919 17
-2.23758733169373 0.5024157143394037 4.041231612398766 3.245225843783777 17
2.2174238827053947 0.8741661332947465 0.34824639884565456 3.46143127584913 17
1.8768188005520643 2.7302755562881265 1.7270234380141225 0.583698889778845 17
3.278465297025323 2.399270618952117 0.9094198210725597 -2.3676265247138506 18
0.9701516663851216 0.24845031721854938 3.6649594694619068 -3.176346620833296 18
2.1861589981386427 4.439741528534641 -3.4952826967668367 4.082453997136473 18
0.09667006905339381 2.210266897836048 2.440434770737019 -0.44680440662119836 18
-3.507077582242309 -2.8959647129970776 -4.325476726698913 -3.9564707725185455 18
0.2780671331811978 4.4063476682053695 -3.1810578329403265 0.8369308066204078 18
1.4312695827878432 -3.093531774269697 3.713171865746138 -3.884600392479587 18
-3.1697139411899915 -4.4502946999367285 -3.715387259282134 2.9060022478932765 18
3.234344878714248 -0.7305562448480895 0.316937757769136 -3.0591198071830656 18
3.9389908553324537 -1.960376884257486 0.2980037692390207 2.371219867302134 18
-2.2153236336317743 2.7746568292597256 -3.47242116667167 -1.9568014546868087 18
-2.336951998324073 1.6751556339650375 1.9201027326285676 -1.2807366377289786 18
-3.3361294334294196 1.1204816512487001 3.1830932700684356 -0.9791333450808889 18
4.498771252580802 1.9961523812118545 -1.9517449390572177 2.7636803754369805 18
0.3396511974434263 -2.9061743978908368 -0.7704915743095374 1.1558261444723938 18
-1.5802649837398248 -0.8861757885012554 0.10020917529293438 -1.5360455234395278 18
-1.3599997728867854 -1.6713443549768792 -2.5190701585810893 2.0669586201175605 18
-3.0122935695301045 4.17575650757739 0.7131051185944897 4.0812651605114985 18
-2.3488372597690947 0.08095722584552967 0.07582498587563447 -4.326395140584688 18
-3.5153699431002603 -3.8657535698383474 -4.382490907058526 -3.249233925997119 18
2.3537551637643483 -3.951776542075722 0.01304208979516941 -3.0949021422609513 19
0.3205886892608577 -3.0902033510810316 1.1519238833507064 3.4975966254138884 19
-1.2976842380254676 1.9193421716967984 4.360858257125132 -3.897323054283002 19
3.121573474251237 0.5027094722131717 4.395375578275761 1.268804222229106 19
-4.182688696756532 -3.1003129057684338 3.176046044803686 2.0298774843425673 19
2.5630096011821006 0.6177323476887165 0.39575681643536387 4.281267071723598 19
-2.3835437697216735 1.8817902628943153 -3.811200333156483 2.996835191489036 19
0.7308945108036976 2.1461394378711427 -3.6480737451037193 -2.5576823761832923 19
0.09465197532899894 0.5851481773464504 1.2326008387404086 -0.8850468300670117 19
-3.890643279439162 4.395826733641197 2.288159399232046 -1.8971365228933128 19
0.8067077190438792 1.5514338690098703 -2.014053455463761 -0.40666319571950527 19
-3.860604563661096 2.1920100480702147 -0.9920147446756744 0.3712160157560511 19
3.121505148228746 1.8469883601264256 -2.6104126134895407 1.35895963267201 19
0.7524811115012706 -4.289870557029944 3.383083699507828 4.335673482975962 19
-4.217214703073193 1.381097459679707 -0.48869535397608954 0.19726491315030192 19
0.7441315677749607 1.1315858542184292 0.4675850458817271 3.8233099132117716 19
0.7245762513738981 -1.6791484689554261 3.5585007967045534 -4.406942227194271 19
3.3103515812510853 0.31163460804602594 4.396299117881476 0.23491762334051103 19
-4.081132857331507 2.0870143383340416 0.5439194148688347 -2.6507099902208697 19
2.356065959142276 3.947356541786665 3.5621347494022433 -2.412329358758813 19
-3.122446386035065 -2.6994518895328827 -1.2239324797189508 2.0571143517172796 20
-2.9156800637156053 -0.5032568442030478 -2.304279860858048 3.801963994432452 20
2.6285697850507486 -0.31386691869233785 -2.540784600837336 -0.9323544415839505 20
1.8143500041592426 1.4166563959080465 2.7881482510470508 -1.7414373416937625 20
-3.756279303745332 -1.008332361079344 -2.826469205539443 -0.5279052075265871 20
0.24457833103428095 -2.1301168107146884 4.045619722213545 2.367457733585888 20
0.5558506028073125 0.7725554598309635 1.3573017430731058 1.3235321435305847 20
1.719473223715612 1.1766465823242003 2.120780595217555 2.7848896788662283 20
1.23864519866687 3.655376771272259 1.692376594091194 1.0776761440362135 20
-3.757031698355499 2.5227229704529965 3.1318804195113605 2.1983046205576096 20
-2.109797459097698 1.443847745583517 1.6268285593948222 -3.376621710563046 20
-1.3518301899076068 -1.7988491335632957 3.7060951086528866 0.25411438691871036 20
0.4261169513953641 -1.9677045665392778 -2.9931140594033665 3.236071830287406 20
3.1875041955590357 3.0329631987155627 0.3491687322761844 0.1480614011390765 20
-0.9490134019303206 -4.241973497600329 -2.0270766372968145 -2.8214360664842064 20
-4.342996308820213 -2.9758168183160754 -2.0791757741185073 -0.9583286110320076 20
1.2218090618216357 -0.6603494339603444 -0.973619692518838 4.196371571327362 20
1.3779635195432625 2.452777401555452 3.896157563016373 0.6023069079753437 20
-0.5146685098168595 2.390419680826569 -4.121030475348761 4.436449311416332 20
3.5247743251774333 -3.2642818784916026 0.8138225052005168 0.06514991618205257 20
4.181396170087339 2.2031204134716016 3.3352346872184455 -3.9007789176965044 21
1.2832776561580284 3.6071571496159853 1.98394396099575 3.1331282048364866 21
4.215832085034368 1.0045299715026705 -2.982683750711546 0.13194301664679442 21
-1.678187731530096 4.444960440075751 3.6950084548923323 -4.261441534812233 21
-2.5450843967991013 0.9024283369869495 -3.5615235573133717 3.3522033584125936 21
-0.9462747616820958 1.4479354933325321 2.5504629152185605 4.135539026343314 21
-3.378352621657605 2.5934226508270743 -3.3670115898551822 -1.2929995864418706 21
-2.8743733875067656 -2.3926308840927764 -1.4175730062603518 -2.779597034818799 21
-1.531127591611566 -3.774463611312864 0.976646106438624 -3.586110018843267 21
2.2051277468194788 2.1499866050996213 -0.23876414434417226 -2.1205870864557994 21
0.5255008176658265 -0.06808065980385891 1.6701765577879262 0.3412439798006174 21
4.0588843434540145 -1.2296164049248104 -1.9642203949780237 -1.4558302051098941 21
3.9106167739700037 1.0743006061864706 0.16628634985308155 3.4039491033476583 21
-1.1211264779805565 -2.962642418099594 1.6321043201425494 3.0641498683182316 21
0.1526896774190042 -2.997257656779023 -3.774693213817037 -3.2430700695967505 21
3.710626929165286 -0.5241110547047928 0.04019713512021117 0.6629802400034069 21
3.513206193219832 -0.5238857227256322 -1.7302095028945672 2.6850531940765077 21
1.162359968502653 -0.024253871671736205 -3.802249852109902 0.5013577403199501 21
3.878139092142218 -0.7428971932386884 3.396713607307668 1.760162785266485 21
0.6837835804271489 -3.263756285059792 -1.3207365346909246 4.247512297682345 21
-0.25534329882127726 0.28794486548750475 -4.235786116919351 -1.2643145229526858 22
0.832101733892726 3.002558450298611 0.6313969154825423 1.6421291118694326 22
3.143754590828804 -0.7769908600977263 -4.254330111214541 0.9064992202106094 22
4.281502667111276 4.005627716987556 3.541130342619324 -1.2808336600394372 22
-1.9200872008624281 -2.6071399522660177 1.6584631858446957 -2.4391118153099383 22
4.2785743932252105 4.469363431139777 -3.483445493585974 1.013890727922079 22
-2.9196890199438448 3.713149538909944 -2.6011817848624563 -2.212531681634485 22
1.8851691583231858 4.475378558296146 3.40111747058255 3.1251663920882717 22
3.043371157969489 -0.41218736414486135 3.8385735399044068 3.9106661577419635 22
0.7832638302736487 -3.3710058067126667 -3.8112296172397677 2.344086645971349 22
4.202405287006209 -1.6030380622525817 1.4916683481097923 1.3363943603319295 22
-1.7143365805286948 1.529787374533317 -4.008305354192482 -3.16566096601664 22
-3.014097816552881 -2.3789577543484497 -4.220143414604443 4.28446720117428 22
1.450009083512712 0.7381394022152119 1.4018063003268262 -1.3247125430379656 22
3.6152639414114294 1.6491278017670787 -1.2370229774585921 4.143007551297739 22
-1.5700449498881752 4.008858979352207 -3.8124648784310664 -0.6664713154948657 22
-3.113593093065564 -1.113431517388559 -3.7877152392391884 1.2489983753114753 22
-0.03531675837635506 1.319869151816921 -2.762786937976178 0.8944073231329651 22
-4.347706296250067 3.0355503601400233 -2.678818752598805 -3.4609399199704916 22
4.367940101534568 -0.6270609749208014 4.139956127109719 -3.6021258659713387 22
-3.430818312862781 -2.3103768598207512 -2.759700665358582 1.5517798193607195 23
4.1830451118065675 0.5258596677180148 2.6406480404318526 -2.2397579102138865 23
2.9074170644921313 -0.6546853478867078 3.7750086462139003 -1.9598019508327527 23
0.5278064243283948 -2.250094153513037 -1.2992103440173919 -3.261549934510688 23
0.6132332610061018 3.0647563270521303 -4.0998113006813135 -3.4066226885732953 23
0.8956614073028826 -3.0581715165532137 1.9170424059293798 2.243382830676947 23
2.0594689979405323 -2.9767156424631285 -4.470927664575638 -1.6958092301475718 23
-3.9616081738001006 -3.8338376864521972 0.10404613623607839 0.9133155186714239 23
-1.036408154841811 -4.414707711293263 -1.4678793054737227 -0.5071464241008793 23
-4.24744774844382 -2.7792886762137727 3.553657052767794 -2.207149774281497 23
4.268742134193344 2.8799433344523813 -2.293992887064228 -1.3922225182828463 23
1.0391276794802846 0.7890694792593289 3.9643446724067304 3.2226727996544424 23
-1.7309006573581964 -3.499940511637937 2.742938009002601 0.7949166645648827 23
2.922158067254984 3.632780322864933 -2.121091861540046 0.20059252957500062 23
3.002876445532293 -2.6113877469027167 4.243365952570188 -0.8168250583761494 23
-3.3041012753369303 3.5963905719709404 0.6125184377483239 3.4869393304223975 23
-2.8681449748431653 3.65399801608128 1.9714849310787292 -2.7568160277454745 23
3.910750611631642 2.9289804293461352 1.1849976953548766 1.7035291968550714 23
2.8356822481667887 -3.8276933568271723 4.1581735762866225 -2.7438976882115673 23
-1.5449645814369242 1.0226098487895445 -2.9073951819610615 1.845601490202462 23
1.1190918410348618 0.6859243350016409 2.7046631955942733 -0.5988957232008538 24
0.33808573001105224 -1.5637481203215446 0.1967273499012404 -2.8456819082149445 24
-1.3824196558045987 -3.835871432893285 -3.905245354264727 1.45537883113911 24
3.7007326409811654 2.949569593078733 -3.1957620640753244 -2.5638481605171934 24
-4.1318514882137425 3.590197687239332 -3.1601644138130465 3.6913358717708906 24
2.436653774050457 4.3678047231308526 2.9144683719140163 0.7558139495802543 24
2.643868962100565 -1.8342383206193986 -0.672989987610477 2.394267015994605 24
0.6017477138331865 3.934621234299396 0.39184308189340855 -1.3633078997900134 24
1.410457996672262 0.28435071820118185 -0.07872928508205534 -4.085419815752829 24
-1.9015627998070967 -3.0349259411684604 -2.540142289112485 -2.7985535397588235 24
-0.3801112293216047 -1.1797934501234422 -2.4979815400648064 -1.9714545748263865 24
-2.929095542843104 3.547286671304839 2.449949505674867 -1.5603336903578944 24
-2.220063678203221 -0.16276090838071078 2.4638527821038005 -1.918976339012045 24
-0.43878888099172386 3.5845028106939623 1.8753015896777958 4.160236537912498 24
-2.859143168095324 -1.101288142928478 -2.945512712709836 2.1547629514689857 24
-3.6378280438837702 1.6676803258882824 1.491027494649066 3.5527799955272603 24
-2.1406702155961392 1.6195788522177863 0.6303927592681831 1.5934516333673159 24
3.917957085513297 -3.5490217339047465 -3.922403772481246 1.8886320853962084 24
-4.028486454184607 0.7389037367626499 0.33640225776371757 -2.6046437448004998 24
-3.877878834079027 -3.948964214073522 2.0843322111821294 -1.4633383188054767 24
