500 20
2.061123680602072 0.5511564209487703 -0.8751351597159073 1.2471117106322125 0
-3.3752961719168315 -0.9216686816989456 3.1489595960478574 -2.328689400586853 0
2.531773856461285 0.09893683487801819 2.2949627893753535 0.9618214837873691 0
-2.855759774257575 3.181615877239675 0.39197325370514324 3.530304119987988 0
4.098347033713283 4.35792121426601 0.344759266080771 -3.0941136745410978 0
-2.7656912355536853 4.237155912331954 2.4978732355161593 0.6401392438570418 0
-2.386724808587014 -4.262815363411164 -1.4937565523740521 4.452186251825896 0
4.0145430878726005 3.795523668188521 1.1119750201571414 1.6144878526795168 0
-1.8542180896921752 -3.0035366802087817 2.502704522221399 3.0235763423106916 0
-0.9411944415081641 0.09602761279616501 -3.2944208861633513 4.4791821771234055 0
-1.727664943583434 -0.6338804976725612 -3.6311093005485082 -3.6874079165756553 0
2.970624650859833 0.5615421432550421 -1.7001541502828543 -2.4534573162515865 0
2.9779947919157523 4.472363619761691 0.6287333059464288 -2.2833433775544885 0
-1.5067907532564155 -3.6809268625168694 0.2665946986200879 2.1051806587781847 0
2.464484027299679 -3.155546425496613 -2.7231040390921537 4.014802956778088 0
2.0281955368312863 4.096317908858282 2.795865415318702 1.4415881065907503 0
-3.842138027106359 -0.47553524164032956 3.8825954227204 -4.253210170813329 0
3.0700626099972 -3.1901429911265864 0.07938364191179459 -0.5397245044741473 0
2.387443824133701 2.5360642625804752 4.3955318245215125 2.7472383502186166 0
1.5757069075057784 -3.314680326130733 0.4454931053384762 -0.6343257945262797 0
-4.146271360476964 1.4042076929141463 -2.354818921994933 3.769718238166287 1
-2.2393564746688503 4.39576545628461 -3.4455895109957986 1.9472110209237743 1
0.30044740137145454 -3.9674228080605793 -2.6545467109732073 4.2986116575897135 1
1.7887978267361733 1.1445728982533447 -3.007778040949274 3.633412642824715 1
3.5620068487834255 -3.0426779623510085 2.6895074433502906 -1.5181286290268865 1
0.9934342056539115 -1.647134120095694 -3.3190410939447927 -2.5740836189428373 1
2.369391029211163 -3.0934612657469023 0.7627598376130881 -1.5326780306938688 1
3.868988176520943 -0.019705320785944003 1.5135343490048836 3.329073702874737 1
2.999105727151972 -2.4302751535620493 -0.7505917836501148 -0.7250901229470196 1
-3.5387098984804544 1.5633034279307538 -1.5938128151409252 -1.91395569706707 1
0.7108492691968726 3.3826443644521147 4.243957078319486 0.7446877459169463 1
4.4741487680685195 -2.022242923761362 -4.42104501263984 -0.026667175407339094 1
2.1837263630259396 -1.9374124272012896 3.085732241087354 -2.2693779700146983 1
2.0362380346620412 -0.08036689715985212 -3.5310314831478475 -4.270410777844219 1
3.3121448316708992 -3.039644669899614 -1.5103915388955018 1.6897996818832242 1
4.241925896601867 -4.060028757387884 3.7681923293747612 -0.7892939535944697 1
1.8049131906940308 1.3675041867706381 -0.3260980045101667 -4.3609063796663365 1
-4.081868188683742 -2.7242921129190156 -2.6451497946815885 3.312859955567175 1
-1.524536947261049 2.273804521275609 -2.377692626313217 -1.6593452754185742 1
-1.214868764612596 0.2769390577531642 1.2217880985090348 3.104302586184006 1
-1.31236813913425 0.13206655173010629 2.513727954441254 -3.5412701562231925 2
-2.144705652632487 3.1656553700380186 0.9739555152880889 1.1078065839623634 2
1.1091713466845592 -1.7597722462719403 -2.9909360999593586 -3.446084963256348 2
2.47930701795031 3.5599678474873526 1.5758822903077196 -0.0631263572758356 2
2.1366693167875503 3.199971698760044 -0.18061120230117678 0.3761937514853638 2
2.881128002581715 3.286988512656748 -3.7323185266530885 1.3327463154111352 2
-1.0608334365543053 1.0026635367929635 2.605783135126535 -2.0223236937410274 2
-0.7604464275960462 -2.320786784796424 -2.440100001642993 -2.9078926023353437 2
-3.948740512191498 2.857644964621594 -2.86466478584931 -3.812219155219699 2
-1.0473110441860363 4.309564328777642 -3.8198427692518653 3.59196642243184 2
-1.0631472995232483 1.1713471563978453 -0.903770423863289 0.24558694740821085 2
-0.5098337407237804 -4.270299953349495 -1.6500854239954883 -2.7301066215245635 2
-2.4010627921498875 2.5132360990120692 -2.771999060007473 -4.329076902600645 2
-2.9702769148956794 -0.7688600256223762 0.14892927019348723 4.22989346727795 2
0.8532005573242427 3.6978307011027622 0.3216580142575495 1.266180673868113 2
0.05752411689556258 -0.5523011866882798 3.046884168205738 -0.7724962364046575 2
-4.209370655765927 -2.444317009153017 0.5233493543495282 0.3320631709300427 2
-2.8655602850163504 -2.316994035082897 2.408737682528566 -1.482281992453188 2
2.7851004233174486 0.1735962135819641 1.4654291090997604 0.6210058545577611 2
-1.1824423171499614 -0.33881697271027256 -2.544015537325573 1.504566614179104 2
0.9439515911307841 0.5164077543581064 1.8511455301988686 3.604832996172482 3
-4.202506900125887 -0.9088184024781558 3.9676351925374007 2.230847272442098 3
-3.7501098683747136 -0.15150280842202524 -2.1165376887382292 4.019033414322667 3
3.2088388525327805 3.129808878572476 -4.200273587292299 -0.6336784311801626 3
-1.1668452388296835 1.9630825399717726 4.358186908762189 3.4358426742559707 3
-4.458504207256792 2.377695683123437 2.935484102854002 -3.704286503524096 3
2.2203008259572607 3.2302694131537777 1.6125107806966366 1.2470348362989994 3
-0.38907935212349853 4.0299490417697 1.0067224012124782 -1.146774155286162 3
1.236361190905806 -0.021416466502035214 -0.18064644594770196 3.965982888156958 3
-2.7978976846451715 2.33834443119653 -1.9019050612481683 -2.002605553901941 3
-1.1592753873439405 -2.6165362904042864 -0.1941748935922455 -3.7320556494057633 3
-1.5969501769904357 -2.6444450424231842 -3.8924320681226536 3.5990501515415865 3
-0.8111820031828001 -3.2806081085888086 -2.17783247680151 -0.3793118760138192 3
2.84764160293921 1.2445513927247545 3.227574522153521 3.379712157193212 3
1.582304784837861 -4.423145945862624 -4.1604959901136 -0.914389473860714 3
2.1375341539234656 2.4045322898241195 2.97840584288813 1.1271055314718943 3
-3.0398770152735737 4.146182096097194 -4.235659798550615 -3.188093348927374 3
2.680795565896532 0.7570605592749979 -2.4710213968040815 -1.1539391299217794 3
-4.117296258748021 -1.4158018078400194 -0.735736353436073 -3.836406812855711 3
-1.1909138505954346 3.470408860863646 -4.310416532744652 2.925929232283045 3
-3.37448021099372 -2.7113832786585936 -1.8843299576380186 -0.3119873902256529 4
4.119319107118728 0.16460079590251608 0.7703894079535342 1.057443136152095 4
-0.04101189755584633 -2.370809701236961 -3.274616534430918 3.482747509497491 4
3.7824756311288668 -3.933435508635361 -3.3396229617150084 1.0972348315252067 4
-3.229717372234524 -2.431812382544033 -1.939216929183794 3.595056442369531 4
-3.8108081466870605 3.2659995405117987 -0.9156334489167355 -2.6974518060667987 4
0.7894525291122276 3.548818000333469 -3.0390687198262545 -1.913599371186502 4
-0.024284304548862545 2.514666899442805 4.008179248332445 4.114108207974052 4
-3.353951284965312 1.0048852577762248 -2.96521809989499 -0.35882983483865905 4
3.6963609149306573 0.07859632343632983 2.919794925032803 -0.6201103368478184 4
-0.34991726604725504 1.9841226524295368 -1.822792162095152 -1.7707643404810773 4
-4.142712553017683 1.9842025799399998 -3.569310425761649 0.02508950756963302 4
-1.9005655353807018 -0.0842333999448519 -2.8969016983356464 3.829458128410891 4
3.361124057086028 -2.8008752481796764 -2.7206130728768794 -3.579457341768221 4
1.3110612621617381 -0.1609208621708248 -1.2647050140599831 -4.085425031998918 4
2.581872900759156 0.5456985117774886 -1.9475517257121362 -1.2068507111395768 4
-1.922583956448535 -2.851998557956972 3.159927766108482 2.9287661611526925 4
0.07637608801063533 1.365945787795242 0.01936205292304949 0.4946777131797362 4
1.8945176220122386 -1.0420204261722286 -2.0452678735853245 -3.5527424856720957 4
-2.069687461223101 -2.0079076410988073 -2.710409721730385 1.6355449325828486 4
3.543441931604128 3.488535693278636 -3.845894421029544 2.476398592525002 5
-3.9760634653854834 0.8628966429171468 -4.40400993942303 -4.413385787748986 5
0.17136927203897712 -2.9044928070038507 1.5468085689768727 -2.338744482471253 5
-0.32649171501411633 -2.797499242001366 -2.190362104085482 2.391945844796789 5
1.5823322880852217 -2.978262930268106 -0.4213806802299841 1.080845426717239 5
-0.009912378634791108 0.0770385048813812 1.7338026311682688 -0.051370934674658475 5
-0.5676415407873494 -0.11436644312914401 3.798827672457744 0.5607422849852245 5
3.8513432962605965 3.635014698448778 1.633444254971103 3.383294300944448 5
-2.460999454235187 -0.3539592699376891 -2.6331741569376015 3.2343486276583775 5
1.667688248431454 3.013769082083188 1.5222891256932147 -3.6709394921909224 5
3.832376810098272 -4.27576325040827 -3.568673685193854 -4.186311923084876 5
1.4492756753753877 -2.256442506140875 3.74082484328783 -3.510410906895305 5
4.374500386853495 3.991082644539116 -0.6920591058093799 -4.49585559876937 5
1.6427554518502507 -0.3715622609156678 -3.779428027631224 -1.1325531228065557 5
2.5362251393733537 -0.584964757302753 1.1796914489990264 -3.3880350245511366 5
-3.3129088772177617 -4.394130177086382 1.9044349785717851 -3.372721140673014 5
2.1809265876589556 4.295306975623292 0.726016364126363 -3.209425219564372 5
-2.6919377255268926 4.143384663259662 0.4657520157434798 0.6784344251914793 5
-0.37347872264521875 -0.4834532112971749 -1.6042089354818012 -3.691878801663342 5
-0.11535173234033347 -2.8167170058756943 -3.968524886554952 4.22709195402172 5
0.22794245617362496 0.2873389117900068 -0.5866758504635061 -1.8279890745363465 6
3.8583771091712458 3.5373085688390296 3.3862107824105148 -0.7597819448671118 6
-1.817003854590293 -1.8873828062876057 -4.4739141480270535 3.812315621529099 6
-3.0544902556975337 -1.5454641408899317 3.3797460197273654 -0.010265086276541213 6
-3.5330374908322235 1.7809219720906193 2.3353469233451216 -3.7737929916212365 6
0.4155371903178895 -2.38733437776576 1.35262538181498 1.705817814406506 6
3.8878862580467652 1.774476729051892 -2.077536443798425 2.8167041103143453 6
-0.6990249408546055 2.7838350600357153 3.6949157576847353 0.621874884300822 6
-3.1942043032642484 -0.8602600632024275 0.6862451158109122 -4.316267005489053 6
-4.1973521808322865 -2.2321545439458137 -3.055004932013981 -1.840772578039278 6
-4.309543862786447 2.086026108918687 2.333062145730191 1.8362755485707323 6
4.143361211519371 -3.942220624006984 -1.9381201541934163 3.0911922902814846 6
-3.922917077118164 -1.05698427479509 2.6261088275919553 -0.1509640677149846 6
-1.5749379428681962 -3.588026285927743 2.7983519581799925 4.23577302105992 6
1.0124687057139719 -1.3235600735814268 3.142812010577896 1.435070618526365 6
-3.579686840699314 4.427184873786476 -3.3866706124239583 0.8787560364601112 6
0.37507834300015586 3.7897099481568155 -3.3344287976886386 2.7535270585652993 6
-3.5603917822108095 2.5717097725397515 -1.5173466884547975 -3.185758397238009 6
-3.904209134252524 -0.31833386373213235 3.3632463145917164 2.1131954427202095 6
3.834768678169113 2.4149815106674337 -2.283412916772979 -3.1268896628448557 6
-0.944572077216263 -3.880458149995502 -0.09957608845520782 0.32853018970480385 7
-1.6770891591767987 1.9903762287451834 0.27226101439889494 2.7647411180341033 7
-0.8630470749124933 3.0060680251962117 1.3944964723053994 0.7229663372031853 7
3.5483138207928384 -1.234129532462373 3.133767525231812 -0.027395991499468142 7
-1.5978121221029462 3.14815460782192 3.127384883001411 -0.935141325693745 7
-0.6408822463894414 -0.2766633842585743 1.4937169609119332 -4.185084668255433 7
3.338869272832352 -2.5490746329071867 4.188027202824644 -1.5972039852185502 7
3.5652305246656084 -1.7126027723006836 -0.6532496117501537 4.382909779534695 7
0.03334196669573086 0.43928378947783164 0.4714537535106903 -0.6470544144764727 7
4.1248279421057035 0.5322741782965056 2.084627534524205 -0.5353829096287661 7
-0.9896201574806509 -4.210422083564816 -0.6985791384702237 0.7255978596761002 7
-4.218111466684139 2.161790266982273 -0.5250620573020193 2.3427646020934265 7
0.9585363922796002 -1.3588552176495996 -1.739663325064345 3.346534460948711 7
1.273804498515208 4.090571494072738 0.33573867354335774 0.9608961019084336 7
-1.2329244239878256 -3.866057446165375 -3.0677712787275584 4.459993004885863 7
1.9438482212649175 -1.671778897985996 3.7938789847886394 3.278576037136098 7
4.016610033398317 0.07581868412582149 -0.9335175585811025 -0.09299991430830101 7
-3.348626974525958 -2.185561881932693 -4.298036964017501 2.8437573398151037 7
1.649678876389768 1.6092426186766975 -3.6490516873450294 0.4962262722656503 7
-1.2900480987681493 -1.2340960420810647 -3.874583116454736 0.8492735026076741 7
3.3816682345592453 4.347592037249133 3.633968291219163 0.8208932959402968 8
3.709032086191894 1.987559264110538 -2.9095418270277893 -3.3047148019351797 8
-2.807592010116375 -3.588061532913588 -0.4838052287507004 1.9906279348778053 8
-2.75797681951802 2.075742697632092 0.22787810833649924 2.161707622008932 8
3.1491354872496586 -3.934293975017364 -1.3518526174320484 3.0000163489635234 8
-0.4180576669644832 -3.8452009770420013 -3.378195599790642 0.03394681443899061 8
-2.248169395398728 3.9351453777093623 -3.459291740962226 1.7421021793144649 8
-0.3642182804791473 1.973559822300908 2.2251448511938876 1.5560553371208705 8
3.7281505920345337 -3.542410718645421 -0.02627903420722555 2.327004922177774 8
-2.7194095525476554 -4.403309836123739 -3.129791671599749 2.9801959665975515 8
0.33426712737361586 2.8383518240649703 0.0624227467857591 2.357415782584032 8
3.145630871995759 3.4716561617914397 -4.188282638382757 -1.86524821911735 8
0.7708060474089313 -1.9271961619328843 -3.5344778833764794 3.8890097445783365 8
3.9881366126509388 0.26896826694240805 -2.793975350430762 -4.058963875277431 8
-2.9366228642009045 -4.364733957530677 4.203278686405785 -2.8486499553558744 8
0.05833007551024749 -2.233615808660427 -3.4213684285990507 3.3889549727668067 8
1.6895178450599158 4.229314192509993 -1.4112030866658334 -4.473581116355847 8
1.7492065583776966 -3.9451891147847022 4.33812779327973 3.891061242610561 8
2.2180879721945312 -1.491239635528765 -3.8001071272958247 3.246776711272434 8
-3.0247304576021397 -3.0899427464013876 -2.248602337663815 -0.25925448728259926 8
3.071295961501546 4.269286018256402 3.644941125192539 3.0571816408467467 9
-2.976585485357763 -3.256535289013894 1.6776623517733604 -4.121147185612127 9
4.323659604662124 2.4678627919960716 -1.9529295715631443 -3.0526389012989386 9
3.2388465750593602 -2.713792725255521 -0.7575376249240019 3.0510164698823545 9
3.297007824577844 3.3958374899009103 -3.1339705513096447 3.858186470590198 9
0.19295240779074185 2.4450873528244013 -2.5716869460510963 4.1473885252852405 9
-0.16047726656272265 3.764328837043875 -1.938192430758623 -2.8541546001997022 9
-2.986089525926302 -4.2461714517444795 1.4695856533006437 0.261694166219659 9
-2.141142855373057 3.077974695914744 0.10637559501330107 0.5139046624501953 9
-4.306553487247442 -3.1782214449276065 1.8056229634157424 3.2623060332705265 9
2.5559784537668238 -4.1873100110984005 -0.7110479103588808 2.9278218436807912 9
3.1413331038689467 0.8111981985969269 2.0738944375878665 4.365886506114418 9
-0.05792372683274716 1.2778845597370763 1.3718958428897028 0.7645319890268798 9
0.5761065357310156 -3.736197848270831 0.2943141379786314 0.23294150451339413 9
0.22857499049929642 -1.1683676950827793 -4.048236666177522 -4.0236126495294435 9
-1.9132078097254253 -1.204038055760183 3.12082978589094 3.41247499351245 9
-1.9944205535918667 3.9192493154692873 -3.572212716187525 -0.00979923383097403 9
-1.5216975419857999 2.2643165622008197 4.416825838679813 -2.0047899894476005 9
-1.9256239486310673 3.6196873496590367 -3.594296613534461 1.2166529283988172 9
1.6516121049015158 -1.5096337284723056 4.182407763361962 4.320912507530707 9
-3.9609334734863344 -0.1612567277089082 3.9493530872784843 3.2685058629557395 10
3.2004982529110553 -4.444985072473206 3.116946048815926 -2.339247061508236 10
-1.4901719383198957 2.308912203240751 -3.1564829307903626 -2.150855852748327 10
-1.0008596679936845 2.677309948961377 1.4577773628573136 1.460572814536505 10
2.894402210243415 3.8374905344311836 2.736629009627748 -0.0699108044473481 10
1.2878165760520655 -1.228937692763064 -1.9698532874075365 -2.48716818339548 10
1.5704466389273772 1.0361251982636868 -4.218748954088908 -1.122686439574946 10
-2.4528855770320463 0.029163055421964623 0.6693247638180524 -1.0723646743481934 10
-0.07052148784184409 -3.8069347931321222 3.835967474776898 2.5826419156033626 10
-3.441871529705357 -0.4847094825446394 1.1132749958975727 3.5493516319788383 10
-2.9627598593402444 0.20164812664706633 -3.7907292305230715 -2.65828614337572 10
-4.007279851706391 2.8977025153752076 -0.9967715601780021 0.6028145310702803 10
4.069538030433155 1.537518699012529 4.196232378733283 -3.029363289565055 10
-3.3832284568329696 -2.152636785000655 -2.5697257504020667 -1.8412015270671795 10
-2.7396062019383107 2.5107187187900863 -1.3708803962963847 3.08306335287703 10
-2.405561448599956 -3.389821853689636 0.3863876066680597 3.6733828966755437 10
3.574688061443491 4.0438665384725025 -1.477807653883572 2.202925746786044 10
4.114308101884271 -0.04051981676762939 4.259894518170289 -0.6947335293556817 10
-4.4956313870195785 0.1510726722388297 -4.410098687630152 -1.2259928395246655 10
-1.713952288452375 1.9199831790102624 2.962611402446902 2.0247613838739795 10
-2.3462865821425862 3.732616873727285 -3.033177684804029 4.1801753539365984 11
2.73818566432126 4.38441635316627 3.7178758677418764 -3.9561884517937584 11
-1.7616233703617348 0.23807968362135767 -1.4920177210538645 3.8002365041349395 11
-4.007562101999028 1.1361716080977082 0.7546115050499592 3.4643656666931757 11
-4.185781657939609 3.695819700724399 2.6919637508530108 -1.141298338572771 11
0.1698356602698493 -3.182310943467464 0.026340577634813678 3.948022849641161 11
-1.9465537846375467 1.9667731617679005 3.194464829055474 -1.4993259516066577 11
0.27309491667683516 -2.676108409518679 2.7773257612915043 -1.4471763180040491 11
-3.477580938985309 -1.73416241266219 0.23759395807632944 -0.7349110518840103 11
4.450157657852468 2.610104621984477 -0.8149461248167069 3.8301690172493315 11
0.8707484176893355 -2.6828789453027757 4.362116254616602 -0.22867906603620003 11
-0.09265196930975372 2.2647528621976667 -3.48151025331525 2.470715608159467 11
-1.2618250629475352 1.216402278937439 -4.303426793569587 3.8356659315953583 11
1.208191276861358 0.6003218424030141 1.3826914396062429 3.8716721417841993 11
3.4429881659429595 3.8374219989400165 3.1727810529875695 -0.89581520106504 11
-2.6742672167656756 -0.5665646223862594 0.8513018221012854 -1.009475825149985 11
-1.6502967384244265 -0.49411696286479534 -2.148416956811346 -3.841121159617386 11
4.2050711757979675 2.060707317785031 -2.943349421036624 4.1097728475585225 11
-3.04947061750377 -0.6075770474445664 0.1643650928374174 -2.019753638197938 11
-4.445596597800836 0.45347358677277294 3.8903059967958606 -0.9735811983077383 11
1.1557091509971005 1.4058862343630454 0.18912495111575334 -2.561220641814662 12
-3.321745941251965 4.217683379052022 -0.6499808524166009 -2.2369253568179612 12
3.4990108456817994 -4.384771863062237 2.6101384002941095 -3.84640838741037 12
-0.7011588800069988 -3.0866443184916137 -2.934868779456607 2.818628351296747 12
0.0016104844994700995 -2.3669557154246212 4.001068332630373 -3.0565135401689227 12
-3.8602800976417795 0.03908021884740642 -4.130932811484913 -1.7083514913895685 12
-2.6480233435762353 -2.033977037356537 0.7163072295921923 -0.05435702815858545 12
1.4084442634864374 -0.22449127006059855 4.455630070819086 3.937062490155244 12
-2.7232289766486852 3.0697199156478523 -0.9232814682061551 -0.36343879476463936 12
3.0018648381517177 -3.445052698228603 4.279415081888322 0.815687561480166 12
3.6315410503804975 1.712912861320665 1.372545252337181 -3.361416055352949 12
1.8986189759010366 3.226780797006465 -1.600731490384463 -3.2176568556806324 12
-1.8812731792740416 -3.714598287722387 -0.5038759435256482 4.162834367439903 12
1.8635104021955637 -4.380089866232747 2.317136039650366 2.3307223031804796 12
-1.327609536349931 -1.4669460445405451 -2.5833767705252004 0.8973386496774156 12
-2.799839458093697 -1.761976447631652 0.26538189522302447 0.6187206634010947 12
3.753385480254617 -3.455466718599946 -1.1378506815475107 -4.435545917078658 12
1.0401427108536292 -3.158194773222431 4.036904408471895 0.8710631497332353 12
-2.8866809998281315 4.1715582224616155 -0.5206780429706822 -2.607603605327473 12
-1.9692054936363907 2.4329906266376065 2.443223802734538 -1.139111964159952 12
-2.749550081505098 3.0577519223771823 -4.176220122575956 0.019005343263094554 13
-2.3791963525629445 1.229619299079752 1.2944587738176203 1.314660150574836 13
1.0244873761103535 3.4945012276307765 1.4178559677252651 -3.1434863721050417 13
-1.9671629496276537 2.884361285034532 -1.0232576465484113 -1.996568850522792 13
-1.7443806662798091 -4.171068606064639 -0.21878654771853379 2.340288449300659 13
-4.254608034014856 4.151736881811887 -1.65327019432093 -4.1832035304296316 13
1.0958497483365957 3.6686080509564074 2.8754083885274353 2.7722029006911253 13
-1.7517397950559563 -1.6309546259037182 4.254066849015316 -1.9962980355485502 13
-0.1412986903127288 1.511867499571613 3.4180914429344784 -3.987848365151986 13
3.385647115029876 2.67388791005323 -1.329583634050274 -0.6160561703433454 13
1.0205407775924704 2.8321642671436424 1.2385002486190815 2.1028883829988234 13
0.10308404466021959 -1.0972814751792939 3.765494664011634 1.225298469788593 13
1.074469145645137 -1.2336777886503092 -0.8583381105218687 -0.6641918230006012 13
-0.421463151774065 1.6626124900218995 2.184907745031343 -2.9606970660328114 13
-0.33208614761384425 -1.6776158399040004 -2.2399490184538156 2.266476747802437 13
3.5656721893479792 1.89918965647536 -1.5391674083043902 4.498135006533351 13
2.4687419912070374 4.156117769090072 3.2344855542889284 -2.6092774197842603 13
-1.1961199482322962 -1.4718739530688065 -3.968778454404118 1.3008344602920636 13
4.3034065072624035 -2.4446377070981966 2.0551346781292734 -0.11447124628396754 13
0.8969726445298281 -2.8415720085921343 2.6056259157921176 -3.2143067040422997 13
-1.035045554077413 1.9618904487355537 -2.2548160041993053 -3.469920847305747 14
-4.023531773403751 -3.5829140076969126 1.171986337345922 0.8849611299556712 14
-0.3052890687272657 3.932516091132214 3.6210466634008505 -4.093338099063535 14
3.99860639694673 -2.9927817307222995 3.9523234181870484 -2.859880778343853 14
3.54540130644183 -0.950693429721489 -0.2683654373279124 -0.5183354566288921 14
-3.3809577237587174 0.011518131647137109 4.17131925146818 -4.397914819096563 14
0.4741517823352791 -1.0919194588547245 1.6667491895230024 -4.499862382583951 14
-2.348937944339557 4.052212647456577 -0.28045988293949253 2.928443690053215 14
-3.947055912046215 3.6868374244437945 0.7676566340968639 3.0761368588313522 14
-1.0244058028053487 -4.067137809833337 4.138812714165777 -0.4460736849212198 14
-4.03598244509025 -3.663962507294892 -4.114095502240396 0.39346773237928057 14
-1.0521231618762639 -2.658900821968773 2.508237814339981 -2.655198791101957 14
2.2314030817970045 4.441470066124442 3.8134286310962793 -1.6175793698312344 14
1.963397157265654 -2.6521261734989086 -2.8518795052729686 4.326287611774062 14
0.5067534324635019 -4.423921537242878 -0.7432034503647816 1.6066662384498367 14
-2.454868362324282 2.412838170302463 1.7627523574162187 2.958952856115019 14
-2.476654065794515 0.8022415969219915 4.365972360328017 -3.261250493250943 14
-2.488249450667979 -2.7477910995716326 3.941029887825921 3.5159886186268166 14
-4.222567712454958 3.106301738814148 -2.100292996993643 1.6975401623237762 14
-0.20987243065493932 1.830573177737722 2.6016078080774467 -0.16417164462236167 14
-3.687084640970885 -3.5475641177211523 1.6853405626237934 4.133290189965804 15
-3.5578527526980364 0.28766942290730346 -0.10585177899630227 2.8908147552783134 15
0.6554998115384794 3.5263039192918013 0.5616513684638397 3.2000299769715617 15
-1.0904502078144371 1.9341807098998063 -2.154601556881781 -3.609285148504176 15
-3.040818005906082 -3.4806164664930344 -0.4129083425508333 2.4794506785766823 15
-1.6649279793329712 0.35677933316007193 -4.406284638438519 -1.8798181364399675 15
3.9673389146800098 3.120266509248613 -3.080389896718716 3.7416333113766966 15
-0.10842790090613419 3.4879716101131204 3.589725936215204 -4.29473058444827 15
-3.615856392410541 -2.154522798816044 -2.885045520928621 -2.205589014667937 15
-3.687596514711334 -4.362675767029143 -0.4452820683844252 -1.9722206180066237 15
0.8821602721115731 2.1492265000701494 -4.3841887417995276 -0.01591227628721903 15
2.6082200121538577 2.207125443911239 -1.9146305481848738 -2.4844905461814584 15
-1.451679337673637 2.0117391193540506 3.5830802635484496 3.6697565684790683 15
3.567416260300064 4.310532908090706 -3.612605466680387 -4.3164733046679284 15
0.7152021483199861 2.16128008702822 -4.2273286501326295 -2.1407781783532176 15
0.12968090551022904 -3.264188325652313 -2.9997861555515235 -2.067215813073736 15
-0.5056432053746599 4.010787492152842 0.4246980448086337 4.453963301772408 15
0.8355537740777785 1.6345444299515024 -2.36358544789488 0.5938661707281011 15
3.488649396614964 4.329005696710056 3.7965526122158204 2.856111085616366 15
1.9862041439825426 0.9054138044643648 -0.41215916207469017 1.5527988746378114 15
-3.3054414012318576 -2.6250802264930764 -3.173590962863167 -2.606943685864324 16
-0.06883821219848252 -3.852003563175746 4.416488783326685 2.4050639604504194 16
-0.4479778980990239 -0.4594924178856663 0.22438950992412432 2.388730758284047 16
-1.407289691568911 1.5199856484085486 1.1341686222155585 2.6171110583731902 16
-0.7219991080274429 3.388106831358168 3.8293908501979304 2.4397304309661787 16
3.006809119592188 -1.2539251698746656 0.18749345725389943 -0.3364445157949548 16
-0.34452486753145073 -4.4681093109518 -1.1937454103724936 -3.7868177257753906 16
-3.3636853305646275 3.7749945767325825 -0.6160197947800649 -2.64954798463233 16
4.413710002694779 1.7144400283367487 -1.6131299559005292 -2.888698628772282 16
3.9209787017595836 -0.3329851787567176 -2.4641623591714814 3.8702927804192973 16
2.2589358953595333 3.8149095445563237 2.8587155693753528 2.406379107974361 16
4.457123713771187 1.0124657877111805 0.11320463732956354 0.9115853232442002 16
0.10513520514297792 0.4066600887576375 3.7221668459205426 0.6161252036223765 16
-0.9575981765478572 0.3139713575734242 -4.480197288694666 -2.237766374508018 16
2.5756073226835103 2.6919451690876652 0.3787516781513711 2.7861157972194635 16
0.11803189697132987 -0.9429377645198983 4.129686150463076 2.9495219435735134 16
-2.3581142715390793 2.3857976111810886 2.3220132632887225 -4.256333806783711 16
-0.4189467887702647 -4.062261254975873 -1.7342213952231273 1.3336718678278745 16
-3.140532188640358 2.6391127377314327 1.9913583584499444 -2.840998591485693 16
2.990344494312538 1.862867961079947 -3.808034915881472 -1.0611250309740545 16
-2.0286344153781086 3.5309604314597913 -0.3850849488799606 -2.2322881684770968 17
-3.4231307479851214 -3.5245371514777633 -0.2277552344337117 0.5838202819821704 17
2.3181036566758415 3.638209775979848 1.0233551758868438 -1.1478599054439909 17
-3.9136921529095057 0.15433517665679908 -0.7335140059752637 -2.191062906282967 17
-1.5813427809651133 1.2596783833857745 0.9098516613796063 3.0634255053104607 17
-2.1637273967457844 3.520123571697911 2.627465850815355 0.6191739899395013 17
-1.63822374337867 -3.8213181708044153 3.378127507805244 -3.8176007656973474 17
2.079614158901545 0.9187630391074055 -4.489888393541484 1.3919261540361099 17
-2.3880108439402026 0.7211930901486554 0.7047845356391031 -3.5934598774383932 17
-0.7220125641193057 3.578555639888606 4.069775707229164 0.3871774132617619 17
-1.2552249748116104 0.6195306371351985 3.2177423543940558 3.3735907586565643 17
-3.05107338839464 -2.546250531811845 -2.648637309379577 -1.6433291646086943 17
-4.207705207532717 -3.5693501064480575 -2.4926142218647627 -0.16599714179083003 17
-1.959437754457483 2.8097718712092217 -1.542140964743787 -2.2258100957510347 17
3.5140765302093753 3.6185580269964532 -3.3559701869597287 1.710958591822596 17
1.9662258773946695 3.7286096042153476 -1.3627545971364992 -1.9407065499307987 17
0.03268032901733664 -0.4017603168959816 -2.70900939665034 -2.2065042080070945 17
1.5710908035384186 3.0272137823940435 -1.841213660384765 1.2747998664615239 17
-3.336885576622415 -4.088673026706208 -2.611205573503499 3.812246923386402 17
2.892036464149589 -0.9182988332738791 0.674118379794585 1.619677977022222 17
-0.5348084334028445 -3.4765623252760807 4.4460745522069525 1.2789201262917722 18
3.117560752468065 -2.9660597312007058 2.5320588989065778 0.9427427568475043 18
2.21402252857212 -1.400999337628571 -0.08987180840275977 1.4666743926112877 18
-0.025678726239144578 3.7893111748587818 -3.028043742931638 -1.6185259754444998 18
0.157198279055221 -1.5665294003132266 -3.255409514377509 -0.9776007993764686 18
-2.3556385302282234 4.317691349784893 -1.0144650223102718 -1.5108987063432213 18
-2.5099421191114355 1.9763173037586954 -1.451505244019921 0.5183670687728477 18
1.7309466818380337 -3.951037628544186 -0.48020333904254886 -3.2412285913887744 18
-0.7947767004193412 -3.2472392475191527 4.285518509143162 0.8784027517733334 18
3.1193066255209585 -0.48883599529633437 0.3563599291084818 -1.776166886503082 18
-0.1983354267854993 -1.8907990428428334 1.2025395262027159 -1.2414273575283878 18
0.8437450338096101 -2.140963066199636 -4.28299178859606 -1.040030619514206 18
-3.472818586771511 -3.4444654623826145 -0.6734284053514361 2.5014242424184188 18
0.2693990117726164 -1.7635712672501507 -0.04353117568136866 -3.2147316158957633 18
-2.4619508498508624 -3.1927775126363054 3.4188858580891877 -2.8101666950571764 18
3.801498660312764 4.359622138085354 -1.3608463858069424 2.650566170739037 18
-3.7139090259626153 -2.8463418065608157 2.4354821317595707 1.917845248581119 18
-2.8225458302428263 -3.2158466223853615 0.15216304299182315 0.39987077437025365 18
-3.246671781073824 3.223591442938815 -0.4647264879035883 -1.644763451639721 18
-3.904896691257848 1.4801826668578772 -0.5595447128833712 -0.1740895285690831 18
-2.820455500836874 -3.621583657700576 2.713048871690391 -2.411888763382679 19
1.3129325472097801 -0.5078050252014273 1.0462449348823923 -3.1860148064758262 19
2.13106406133036 -4.432092917240169 2.4191112103333134 -0.1607757800081362 19
1.811962421718304 3.7612768847762448 2.1639806531796055 2.7471478858637606 19
-1.4993776333937827 0.5441336340633358 -0.5105846742578214 2.453452893773357 19
1.082366284912383 3.701497318808643 -2.205653200535118 -3.1878758412389936 19
1.1805095213163201 -2.716520944467454 0.3664759036498477 -3.178178514413093 19
-4.203451222932246 -0.9539395682798468 2.8277661653491744 1.135800462279041 19
2.554449018756102 1.6258123067064274 1.2218362042879392 -1.2090831251433345 19
-1.6123940401668886 4.098030034493627 4.198864274564009 -4.234297055609493 19
1.4380939450972567 -0.6114498488507099 1.7277563375893832 1.9469711420165057 19
-2.8205572276774844 -1.7198171326585017 -0.20269835209343678 -2.0210637904202997 19
-1.7750196248275847 1.6643599092402726 -1.6149590877615936 0.5639999208333026 19
4.3381700506342815 -4.439046111025108 -0.768539658672016 -1.6266240886232468 19
3.4127823610784755 2.7977643590132706 -3.1192658542385754 2.3166737402857693 19
2.255813741781155 -0.028519968438054932 -0.6882510742263234 0.3484703065866268 19
-1.211408833774997 -2.558236620860133 -3.9155760442749257 -0.3529397951142317 19
3.0208645752368564 0.8575454980084849 1.2579265809350235 0.7899819380705105 19
-2.1791494194629752 2.5302758802661196 -4.455450589005714 -0.5700025551670311 19
-3.9128180107314714 -3.9976698322789286 -1.437510018795624 -2.1878964427086722 19
-0.9063828679711802 -2.4786440081379246 0.27598841694860954 0.1880010510062886 20
1.0105466529761227 -0.4719549358386421 4.200119286718158 2.9297471872068703 20
2.70456891165644 0.2677715741389268 -2.8251134633524426 -2.1949510498415528 20
3.1785564000666637 2.213092882864748 -0.7258672083356564 -4.317541381219188 20
-2.0060792434493577 -3.1951323688226605 -4.071621827906548 -2.8848628876823907 20
-3.5997995588946288 -2.8385798485994087 3.4756669129897406 0.47693450275033156 20
3.120541451824785 -1.2432734742169247 -0.6057898373656788 -1.5428714764253937 20
0.4334573405523938 -0.6143891089899994 3.6694972017406706 3.74241557905719 20
4.225034013516504 0.11261250528265665 -1.8293624446514962 3.2585454722492413 20
2.3804217561614345 0.5812003142535008 1.599013477070772 -3.6684026727700987 20
-0.1240696326115368 2.317154935442388 -3.395363450696647 0.4432905939356171 20
4.386490592997981 0.7104286835299379 -0.9802322798951605 -0.7574842738838622 20
3.099630563190326 -2.3797723293741573 3.1808795554944957 1.1213489393767317 20
-2.201839284449072 2.389318360389696 -4.433032975890106 -3.452824293468561 20
-1.1551605529489395 -2.7370069644805093 4.135404875593744 1.7233243183462004 20
-3.631450078781174 2.012884530741816 3.4740101834950003 3.301859414205152 20
4.241572287125596 4.4152128595420095 -4.1129286108434995 -4.467742963045023 20
-4.069573830822254 1.8698646861485098 2.3801092504018784 1.1712729412247191 20
-1.8540461781445339 -0.028572327654988072 -1.7634104210323367 3.6841734087161964 20
0.5615239175725549 -4.376293331769821 -4.053738366798026 4.49819151004931 20
1.380084838716543 -1.7711899836948595 -4.038240252520338 -3.9519460043682555 21
0.3051855366975673 3.4954942534372755 1.9707200782155119 -1.0207263476553687 21
3.3363675294071067 -3.29566921471846 3.6642267399371864 -0.5443483997922387 21
1.522203250116827 1.3397790754505572 -0.8651385304000825 4.198984809626922 21
-0.17234328579881397 -1.6917772147866161 -2.2069620290937007 1.6442361947130628 21
4.282553169414183 -1.0735030556883678 1.2310500557793165 -2.1245379249441103 21
-4.403806060041113 3.01972935831176 2.87763096004561 -3.1075605609883006 21
2.24076413836401 4.353981609769617 -0.18657957692739036 2.4014787027250355 21
-1.2171032919394629 2.1870535117666896 -2.051229899321034 1.2344401503890887 21
-1.3778259130523594 3.3604626078779143 -3.9123062021590753 4.056456576700083 21
-0.33364212603787125 -1.015972089627798 3.6003476104716654 3.9770269323949523 21
-3.0618157624591125 -2.0130678070829418 4.138771632489604 -2.362548839256172 21
-0.3829095777921918 -2.846204813514218 3.666228116975972 1.6054759270084182 21
4.410309731795113 -4.028042466842713 1.6933954114067213 2.074840920784593 21
-0.7370455110073858 4.018063706697128 3.4031443155381735 1.158660254180906 21
0.7834148883509634 -3.4253756190839453 -2.743342235399542 1.948794555285685 21
-3.039355507960184 2.111537775533847 2.221154740534022 -2.642849381465906 21
-0.2189761659139381 3.3278983417276917 4.347687161769423 -1.8759779586687406 21
-0.5480994716793064 -3.4890936986232686 -1.7583146193580292 3.685452560645747 21
-1.089059577971836 3.6139715929440395 -2.74197342585134 3.3964615497156116 21
0.3699491700892594 -3.4048943888471177 -0.11579795456626085 -0.11284704697061787 22
2.2018345623543496 -3.816493515591614 -1.1665150783868632 -1.0955561781660736 22
-3.179425388928622 0.44621560097674395 3.9540976811454147 -3.966118883453995 22
-2.037829899469612 1.2751379977513375 -1.2703298765937296 -2.7696473182089187 22
4.345791680233539 -3.6333692416094765 -3.61839349052583 -1.5297741150601865 22
0.3756550509249542 -3.1561654212136383 -1.9555780713835222 4.0129822695239685 22
1.8597279852558088 2.095430751195997 0.30938364188804857 0.7671010220404887 22
-2.3620605196127555 -0.9451707742751879 -4.13457030593331 -3.6433679497378955 22
-2.1287050444611113 -2.715877424908385 3.393586387551923 -1.3425910030528454 22
-1.00582079040498 0.3930449380516685 2.3096111276684335 2.422136906206937 22
3.5387193811495545 0.1460838530961479 -0.3083501280861334 -2.763099420791405 22
-1.3641417240152585 -4.307502178091333 0.38701765714267233 -0.5811842703058804 22
3.3704603283560886 1.6063675237003738 2.835576090594926 0.1240969882833306 22
0.42852238691745126 -2.744190516023294 1.932006361841057 -1.4240456536576187 22
-3.699518879157404 -3.7333565743877277 4.114975824944592 -1.711837283278065 22
-2.383310979844208 1.440026387210401 0.9522871554853708 2.4965303197179405 22
-1.034460098383244 -0.4973239513061919 2.6295869907874856 -3.817426100386215 22
3.4051135919368676 -2.1348272506959334 -3.0210045209964163 -1.7362970748521591 22
-0.22960979617595678 -2.5482572830225783 2.605525063611063 0.8301249062643944 22
4.171555543185093 -1.3669887247261792 2.8346421766156937 -2.629449606688136 22
-0.9610012102573481 1.7365408607229216 2.1936536397478026 1.661467954991442 23
-3.4802358316745603 -4.421904907612853 3.5607655220484373 3.371412237450734 23
-2.2355347674939985 3.4457522976861155 -0.7024916120071526 0.4354445392911809 23
1.8886922468618936 -4.461407931131853 1.1274377018176476 -1.935919535697931 23
-2.7168908571279555 4.444248406599875 3.634317539843148 -1.4106036618707902 23
-2.511251351448461 -4.215423576509762 -0.5993437561699396 -0.8438718020707364 23
3.525816116711388 -3.113975082381939 -1.8545494498863158 1.6763427670455155 23
-2.8811221306236274 2.0299556370190976 0.7899391815262244 -1.9449122795938094 23
3.9526527555791033 0.40444332792552085 0.8439153364492985 2.9991624432066977 23
3.005129578933108 -4.493046622599602 -2.720345685120474 -2.039710090475911 23
-3.7385831020715434 2.4490366015815543 1.721877658020721 -2.751121256317379 23
3.4843993492836116 -3.891906872713397 -1.8772275695675238 1.8153978587006887 23
-3.16935358845363 -1.5218368200538324 2.955598358894477 -4.378881964020078 23
2.4461687326387014 2.332732992995582 -1.0069403359852647 1.5342524506505946 23
1.0277632532464098 4.048529175042046 -0.6459279197269032 3.4611680610325175 23
3.225441572501881 -1.3328502895233352 2.2068840441225603 2.2562402921220377 23
3.3049693205921 -1.058201037091142 -4.459413759348097 2.9314266862988583 23
0.6090725955779379 -3.0174498575652606 -3.3190658237185775 -2.9812988883412497 23
-2.811559087574185 0.8068846291377664 -0.5851690706414695 -3.8992660810128905 23
-2.850735695342941 0.20101249329731352 1.2463143536209231 0.4774842158074427 23
-1.001674441188956 -1.1436267773107356 -1.0016544949537045 3.5914728737708135 24
2.0344020174637167 0.5415134325287017 -2.497661151496685 -1.7343330930193726 24
-2.840270592297628 3.4904933451795737 3.254288806418351 -2.717202332823145 24
0.9568964514176899 4.122418222362561 0.43454595952874253 -0.5421856363632999 24
-1.696846321070701 4.301265472559059 -3.165194355812212 -1.5173066152407992 24
-0.3692365099126038 1.443270659467839 -0.13320522334212115 4.150988923286082 24
-3.139164076090725 0.8394712352224932 -4.369601632484634 -1.0382274501167634 24
4.01271104846449 -4.2374982453597445 -3.095921613788615 2.634073484900806 24
0.28663554267209657 -1.4088136130820723 -1.8007437879519526 1.3766884520134972 24
-1.2949459696601533 -0.3909753452386321 2.7893095526430134 -1.3547379695078239 24
-2.429613037031461 0.8430380995755136 3.581549621887751 0.9814372823682841 24
3.0827920556501764 -4.180169456321011 -3.0628660586221823 2.425082895827061 24
4.474669600655359 3.151604363409546 2.9605268291920184 1.097116869348628 24
-3.917368240514066 -0.7302195510941122 -1.6361793856437168 0.9460405352581874 24
1.702025760832913 -1.5210370786398248 -3.2518589199595866 -3.865879061414427 24
4.352132386585533 -0.9879746867107431 -1.5503640309724798 -2.4475736985265266 24
-2.3493787631253578 -3.4510177787400496 -2.767312892843069 -1.226971391182216 24
1.274811925822013 -1.26232329397014 -2.669864419069799 0.8810770064678466 24
1.2381626406001844 0.5641397427562265 0.09476329027356989 3.035564132573365 24
-4.483520050404343 -1.5387162648961423 -1.902010285959875 2.53721736903117 24
