500 20
-2.6238551637704166 -0.16487044412970697 0.857691980575571 -2.0148732686531425 0
-0.7151576821706275 3.2326379866920973 1.6355697829199767 -1.1081108062902558 0
-2.95954601749494 -1.4502243545666964 -1.9717078089270572 2.1560488500443404 0
-2.0652045003195196 1.7193721540463653 4.250945904904094 2.8623353382977954 0
-2.516359350260469 2.80755828484818 1.8754307443188756 3.7303203666458145 0
-4.4052581311550245 0.5508332699669977 -0.9594197057052198 -4.026881248000553 0
2.8235356867367676 2.2059026645295208 -1.8072120451596274 -4.208963810783591 0
-2.797997802654942 -4.444732202885116 -4.4069315532432665 2.7059436333562283 0
2.448394843000826 4.120489512839477 -1.9775658922720352 0.13757596332387467 0
1.8174409568488001 -1.8217955982145453 -1.2625860143518035 2.531799516906699 0
2.4119346776003185 1.6939649240335273 2.246598470987928 -2.628963620746066 0
-1.0153486765707997 1.0368524258375058 1.5395134591286253 -0.8827974152208203 0
-0.6520028414009343 0.7586067884120542 0.22990800058733096 3.1311578640099853 0
1.8237196697890674 -3.4929434530469097 0.9665668648381002 0.8668763088383133 0
3.809429332600054 4.399976464769842 -1.9659301715656081 -0.3355481538793237 0
1.59669696139236 2.6564829791188758 -0.9031430685713284 -2.2253171854090237 0
-4.238312855957191 -2.900168360678478 1.9873242625985248 2.443201870232828 0
3.374349707499453 2.2043886963175607 -4.181499811271632 2.430194864554375 0
0.07281146905354419 -3.3449948835500845 1.3727775276505274 0.05258312939978904 0
-0.14144185392202124 0.14196139064578328 3.7284808549903703 -0.2226132657154256 0
-1.6986180291805404 -4.089046116610885 -1.5037497199193215 -2.9621717002320356 1
-0.5608740592611036 -3.6370385107376295 2.761694935399708 -4.3354734348462065 1
-4.093108992830758 1.6634584680041502 3.091483760328142 0.5452807271935125 1
3.142716706868212 -3.373135351259742 0.4496629070805994 -0.671129612855162 1
-3.3384239350934743 -0.24245998131909186 1.9691827551584193 -1.6120234299525371 1
-2.721973417511948 2.5346047394423348 -2.9998359192976993 -0.1589232124622062 1
0.9667247682779248 -0.5084991515078214 1.1059012020400152 -0.3822911468185346 1
4.338261977219131 1.8805987242551874 -4.322912414034182 -0.45879038757194257 1
-2.531426261202058 -2.9926053167167956 -2.569012979316483 4.157664744234296 1
0.3488892578971833 -1.6792129059184924 -3.3602635145137576 3.7516201615215383 1
3.703832976468399 -3.723698882076822 -1.2482544660038448 -1.742204546611367 1
-1.6733337313804777 -2.5277637432209774 1.0985944142639301 0.9224712137197518 1
2.1299960656586805 2.956863284523407 0.37413663831675625 1.3039741845933182 1
2.201080166572582 -2.9021666585755757 -3.128492318253567 -1.0764083505642614 1
3.2260787626835694 -4.450388292867684 3.755759727019548 -4.14019849151294 1
-1.2812114723282295 4.078334240413691 -0.6403878492904722 2.3444658501789286 1
3.975987474721826 -4.292558885905838 -0.6163287730285625 -2.7961047950899336 1
1.5571439732444756 -3.0229709990489884 3.12723241998611 -4.409838635748849 1
0.6131913327491594 -2.320893389701904 3.1719329358989325 -0.18388287556021554 1
-3.0792967724835703 0.032065393642131124 2.6943392298921047 -0.24406023824130385 1
0.6461563178541073 -0.27042828025362275 0.9242542577489472 3.519157024767215 2
0.0735051643893131 -1.5862355107948893 -0.244308910505727 -0.2575385666704205 2
3.478485197340917 -2.2334804028459425 3.9029409103403956 0.46121601388867894 2
3.2587903121603956 1.216765705747413 -0.6783997978123163 0.7071784856792778 2
1.775008619568284 -4.22591765691919 2.3390548936847804 2.6648378776870816 2
1.415801723365238 4.493901794750556 0.7321727424993401 3.2867025271185324 2
0.05890927989010053 3.893811764346915 -0.059445580885891136 -4.473912764255307 2
-0.5327741834036446 -2.6997421366984478 2.855623136600932 1.0122690631043818 2
2.734682113897239 2.7690485329640344 -3.2456157669645966 3.4577791105242706 2
-3.978424155849199 2.612754315169647 4.308132396754079 -3.335962454236514 2
-0.4496248918992526 3.1608971687526797 -1.8345541880152367 -3.0340834776866474 2
-1.2382482219084796 -2.6781513625383173 0.25033550212503286 -3.771477996428257 2
3.349704955466688 0.9243719802200445 0.23634702229440652 -0.4304673313335845 2
2.986674637640097 -4.241406364300401 -3.367871387297462 0.3862914377873089 2
1.8386695854155324 2.366963204785371 -3.5405253080482333 -2.3326166779648636 2
-0.9365653533716555 -2.7590736382989247 -1.0229751013289792 -3.8228803957097646 2
-2.9796922750129613 3.50546254269626 -4.481918978058252 2.1461965592062198 2
2.0784787927423407 3.4847463343844165 0.07842508206984111 0.06947379525949116 2
-2.0966007004394096 1.4743741319900507 -3.6447107242808867 3.849672766189528 2
-0.5851165774412329 0.13201653789722412 0.07268562602615347 -1.4400078432976127 2
0.588582319403751 -4.18936484592499 3.9544729215172674 -2.4213428030251145 3
3.35147769978044 -1.3493211320221996 -2.878250843965228 -3.9018733938526022 3
0.35011208614896105 -4.433320188080161 -2.864263807505407 0.5194033824709058 3
-4.059400808238489 3.899716151901913 -2.9678298980444895 -2.8621559214816235 3
-2.591074305970935 2.023566226005883 -2.064635558198319 -0.18634472634259003 3
-0.917503586834473 2.124726610124998 1.2453375723384092 -2.1077511451983635 3
1.3602390065955416 3.825317892487118 2.8040720764703555 2.385269252424926 3
1.0269768842013283 -4.166171104592881 -2.572009505837959 1.4210644706432256 3
-3.459812574045252 2.307998097229433 -2.465917270323236 3.0883150325670403 3
-0.4339905808582809 0.9420753990515605 -1.4078967578676131 3.362565150172578 3
3.2733544951415556 0.00343316287084372 -2.006046139317557 -4.464628121425006 3
2.8525492345051493 1.3422493170229675 -2.9858814365389477 1.6566345440267025 3
-0.37267537557907526 -2.4393144680182397 -4.157874876734776 -2.220349532734766 3
3.0262255927488795 0.0934462099768254 -0.40127556389198604 2.8555487422332804 3
-4.259547884264519 -3.1084482959335933 -2.098267926515737 4.2009714297008784 3
3.6781348158806066 -4.182688168938586 -3.3920589227339435 0.7684574229883773 3
-0.2559615769587428 -3.790065678089548 1.318357895688166 2.040816070609358 3
0.3586939613042024 1.756249739139145 -1.1222539596374579 1.6377205505984893 3
-4.032323062721027 3.9470155594227574 -1.3179804813036173 3.981529223612718 3
-0.6220498684409628 4.244072268158444 2.582905246197681 -3.3226896058837974 3
-1.11156026464718 0.7063603352041726 2.7233818307448034 -1.2847147330269126 4
-2.0065427302443495 -2.88976166683662 4.49899177726103 3.903087820282834 4
0.10488850133086891 4.480328601505477 2.81121969722567 4.381255344920173 4
0.07494609248241291 -1.439580189927657 -1.3661608942314372 -1.770460428366683 4
-2.809166780307289 -4.108342665238165 4.498796096612269 -1.6535068539272038 4
0.4868215129619845 -0.14691650655221522 1.6548976741415364 -2.839950723538385 4
3.2335249417013054 -0.8288602359342215 -1.1217526541072655 -0.6841955640562166 4
-2.1489912444506913 4.483143253067999 3.4701228051406035 0.37861723803893255 4
2.686961044275372 -3.9353530874701033 0.37469542403418743 -3.6233058271702463 4
-1.6577584632613118 -3.7549780546084923 0.2022877590576576 -3.9709915943219682 4
2.209649772855644 -2.222106102387251 -1.3725887806868777 0.1504830640964092 4
-1.3419125774947767 1.4057627083172464 -0.5771907251103461 2.367180611673401 4
3.011736241510171 1.994637901467564 2.256152731378216 2.616628041712231 4
-0.8471307070777475 2.4879483103833167 1.3198081624836941 -1.209657906829674 4
-1.0069178053680357 1.471654262418327 3.50601835653884 3.158041364026631 4
-2.862077295899945 3.128363963562685 -2.5611966012057663 -1.377972655789255 4
3.0024324895848453 -0.3210141621317659 4.442706232917311 1.3276059892677412 4
-2.474973779762506 -4.4460044872220985 1.4652650895821626 0.23156765937951584 4
0.3653743750877456 0.08277821858121226 -0.44541481746809675 0.23997753869495564 4
-4.079547064653399 0.6231174116668416 -0.5281145147635086 -4.10702115485224 4
4.327798409489276 2.76845809762832 -3.375397700064097 -3.9423550510496184 5
0.8123558964276892 2.601096910854249 -2.4422728625363197 -1.5182103369747102 5
2.496538388221696 -0.46664179464757605 -2.144065780382407 -1.298865656941632 5
-0.9421375242916717 1.1726142620399351 -3.345864367238038 -4.41235726741953 5
-3.6123019712102087 -2.7829118286135426 0.03776775473324212 2.788930073246718 5
-3.7300000013450068 4.479158890613063 0.03100133280020545 -3.0367341313995198 5
2.764480098077313 -0.4201329955337526 -0.9855787946810203 2.442861967671653 5
-2.8749832567046076 -4.460183486474187 -3.3652437734953993 3.0502250456320708 5
1.6318303626782844 -0.5149657631054871 4.3489572979115305 -2.957884527985543 5
4.103698076961816 0.3001947500902393 -1.7013544654042052 1.189468107090042 5
-3.294384815802477 1.247061215458688 0.7787205591593335 -0.1611713312389088 5
-4.192801325124383 0.08188264945795287 -2.6491120571737383 -0.10539008417301055 5
2.9241174672642876 -0.5768213499875706 -0.6316488498967048 2.5545921972366914 5
-0.2780535156885253 3.7610176006071976 -0.5354584669341874 3.444138745581621 5
2.01277213856326 0.5321733250434038 0.9264563378622642 4.456403457549779 5
-3.831643558970732 2.1945588281826924 0.7488992639816329 -0.7300413895567661 5
-1.4297755478766163 3.2170196904765844 3.3736067902191618 -4.276723448514072 5
1.0402356282971796 -0.5437376129178361 -2.233398170040935 -0.13995773584428672 5
1.1025028346113612 -3.3054925805327477 0.24011814742238602 3.0439354213770167 5
-1.0291691192542174 3.952890427079563 -2.9901171961224553 3.9087075430778424 5
0.3599717113986639 0.35237055544139917 0.3580767352843609 0.6999343112055306 6
-2.3425684039781185 1.0011184709306398 -1.98903130750005 0.3267167219532021 6
-2.7666966213304716 4.132262430193759 -0.28250799707355956 -1.9934695096989943 6
-2.0675613523027447 0.7165962230998827 0.06526028476418111 -2.219477837523659 6
2.4645176224312486 1.7678358771139093 1.2902961151119046 3.047445605171938 6
2.392326840934484 0.8017428571349802 1.148690985651367 1.7768483864960802 6
-3.4203723483940887 1.5284673731204186 -3.0456401865904175 2.7335307539473317 6
4.091292715182212 -2.9831923199386035 -1.4326808956808637 -3.2925409738742326 6
2.873845180511182 -0.7194772214936682 -4.226553411608122 -2.761447680060531 6
0.22853162660695348 -1.4113161756360326 3.0495063292766265 -0.14150304014939596 6
0.657485949194224 -0.3430667819627976 -3.7458172143798016 4.327793668417063 6
-0.5288658901124392 -0.34502856659190395 -3.1937852530405704 -1.1120240974450981 6
2.054978370999674 2.240052462688383 -4.182268578183218 3.5459786837994884 6
-1.1761019617051303 -3.5236668124837536 -1.676078997816354 -1.560995104447802 6
-0.5310275531097562 -2.401151082425887 1.2090060577347745 -0.6376353830852471 6
0.8439785882327884 3.8472980453367356 0.4604922027809988 3.2851786378379337 6
-3.6090033262301047 -3.8162511025023504 -2.320028219669566 3.3901898272522892 6
-3.7373010376614433 -1.0127909854102397 -1.5412718365536175 -1.153946419664051 6
-3.843841287418301 -3.7481721701701423 3.9153947900865176 0.5729797799913284 6
1.3418236187205808 0.7807596456414785 -1.470427568170525 2.504066433250327 6
-1.1551488244371537 1.2139260465650277 -2.609107889918581 1.0587842755283163 7
-3.6446643607458444 0.8863896289993384 -3.7726527733053894 1.9929979505412692 7
4.299317837670667 3.2713093185115905 -2.0210507425759316 0.37766109224822897 7
3.4614832550112107 -2.2798397440150486 -4.454919616764717 -0.04252114895310943 7
4.484783623414331 -0.8178298842452932 2.8400433106793894 -1.6269886727523586 7
-3.2257546066363427 -3.730796910330937 3.034650405300242 2.167754561949155 7
0.07871322058606489 0.5639134863045813 -1.0508631157283421 1.5959690012212742 7
-4.185906198593421 0.8865861471948919 -1.4160288260996063 0.5945870285070507 7
-3.7400914181478626 -2.903552014277497 2.494003894554134 -3.8111238195804464 7
-1.9235293835947327 0.8435973541984811 -4.276259962233365 1.8624893586441829 7
2.265837796372958 1.853751001796194 -3.1102273917728938 -3.5068283427018048 7
1.5342555821308768 -0.75879598950615 -2.849334612710619 -0.499709307778757 7
-0.2359200538169287 0.8369528579469285 3.9716533762708397 -4.470304572960558 7
-1.3405237145441953 3.2195278277295563 4.389549752054766 -2.2845376213859145 7
2.742826230410385 -1.7157410060200995 1.306126568525525 -3.275932147764345 7
-2.7311255019294425 1.0294667029540714 -2.4241774608391156 -4.045405258095344 7
-2.9915562366679103 4.150997578044579 1.6919733154403245 2.8832586014308292 7
4.418851931826969 -4.178849087071022 3.422246608929805 -3.326779173224643 7
-3.7496102022532223 3.133998277194091 1.9650900016015638 2.234415105263233 7
-4.09449767641276 -3.7072719666381238 3.9391610074372774 -1.2712034006300261 7
0.5445865723251616 -2.4943817546844382 -3.228139627116964 -0.844213894614429 8
-1.266549611716149 -1.4220840217702226 -1.2735886683448001 3.1302267519367057 8
-3.9413211296138715 -1.682271820721839 -0.6748969929092805 -0.7124121303345416 8
1.2677543252446255 0.29096715742461365 2.7452768212567835 4.417804597476651 8
1.2747452386771227 -0.9405016635769435 2.5706435538753833 3.928489646734389 8
0.32840592872078544 -2.851980459851372 -2.052136545389566 3.875178094643372 8
0.5321374310262752 0.24879014494214446 1.919670678686851 -3.7806643999987433 8
0.7148635572696348 -0.6272643346762795 -2.9788688801629806 -2.598824203442315 8
4.257052741064274 -4.388413125235509 0.6936147674209876 -2.8443535906868007 8
4.411683883951879 0.1798766519142907 -1.439761553407796 1.8163608646148306 8
1.2865545577322677 0.420742583651843 1.6495316468161296 -3.063577036032118 8
0.1467814397575795 0.711465849976314 2.9551492841968994 2.377082087267345 8
-3.0162716137276226 -2.1939437954740733 0.22661649423997154 -3.9820461570746852 8
-0.43184504691750125 -0.6155266520371997 -4.275149413598122 -1.588957523384872 8
-1.238427909913188 0.8672471906797407 1.0179954531629707 -3.811605991553174 8
-1.1664084058575115 -2.6332954155047767 0.35277075772561217 -2.8415429584492937 8
-2.618931311881444 -2.042619932422051 0.7874336131747222 -0.6509881443962825 8
-1.5882060308582449 -2.7875982895426192 -0.02196434171510142 -2.3036546066218917 8
0.9508876293818896 1.8599879589576478 -0.7039189941266416 3.058151231035413 8
-3.8101614324663267 1.1462911328356098 -2.7566189798425023 1.1439767605123872 8
3.783864809899102 2.0800069416143376 2.1858984123179157 1.5241186598581213 9
-3.091167198083964 -3.769105327340914 -1.1532156651318815 2.9346693409524556 9
-2.2257601700019447 -1.6348114242504022 0.6360486256398435 2.6669763226733596 9
-3.5202673522799564 1.5986665868819134 3.1542701291178643 -4.323190106850132 9
0.04227133972885899 -3.9055386582138003 -3.967678631202075 0.08162498069907731 9
-3.4912409450276485 -0.14627798064823327 4.290439068048052 -1.6102606312846013 9
0.42251004679924264 2.0712896007375963 2.0345218973548365 3.155920675945934 9
3.7556521675831096 -0.7467880441331828 -3.8715979237694462 -3.236303510230651 9
0.0899358138539319 2.6172252481774203 -2.8086148183852364 -1.9517069373627196 9
-0.2292000385490317 -0.4837684570556585 4.4647277317852625 -1.3191200225598567 9
4.232809153499298 -1.4313518435349013 -2.531477616819159 -0.05265082848591607 9
4.333846130785277 -3.572615524327329 2.101980949520285 2.3204316649740164 9
3.5237957715977055 -3.1039301398763803 -1.240918288616724 3.032948218216977 9
0.837030933476545 2.243597793657862 0.07925001114060504 0.5477158502621637 9
3.4825013153411017 -1.0217986549531544 1.0134665050786613 2.02428731187693 9
2.670609052621578 -1.5873623065872358 -4.256168180352256 -2.291280237110784 9
4.24208166835638 -2.36689392105504 -1.6851046745701201 2.359630199310326 9
0.8779829175445514 -0.8443171918045026 3.87207567338574 2.5106833837200884 9
3.5809439057480072 3.5781859159342457 -0.8512081403401608 2.5112815265700164 9
3.5795020481071416 -0.5203879935974268 4.223602764085339 -2.114527015650649 9
-2.6787415843550373 -0.3933529099618265 -4.0658744485395415 -2.035285314195572 10
1.6456528997343902 -4.137321948991224 -0.25151844886862573 -2.476624159721063 10
-3.124437337804749 -3.953665311172268 1.0441982921525828 1.9382620573901623 10
2.14651111696781 3.8261218021155754 -3.1348790985279855 0.9257051717946319 10
-4.4247942629302806 4.204753015770851 0.8733673590117701 3.0314578029662016 10
-1.5773223645132428 -4.344956669526766 2.148305248806932 -2.6808030999762114 10
-3.0358647879680163 2.5493831544728316 -2.7928019091204677 -1.5749568106060363 10
-0.49926266847109946 -1.9830708924225358 3.954417563382955 1.9286198638691512 10
-0.3347376313009758 -2.7160575810885357 1.2340657564341595 -0.8340528632027823 10
1.3392736543273815 -4.199031356512227 2.045241134445514 -3.307758610664087 10
2.963991561313137 -2.29900233430971 4.157746054544252 -2.3960615549564794 10
2.696508900900745 2.299414715115582 -2.755609415183078 -2.3632701462711507 10
3.222451550065253 1.6828856927146134 -3.2114803647968486 -1.4662825294716346 10
0.49292347111371826 3.440999119522205 2.95833366267407 -3.1975401149480414 10
4.3648471168381535 1.739066881969911 0.9997777404259431 -2.5154480333588753 10
-0.3141482593768141 -1.1623313515593992 -1.7228372328862216 3.557507588395958 10
-0.5263923105552324 0.4102073503325381 -4.4174627480387505 3.146483118673453 10
-3.954693379604629 1.2250972459385954 2.4829412600088805 3.0807275290807294 10
3.4439495152205466 -3.036778385368379 0.6102008395524733 3.619573238283366 10
2.825579249387048 3.8237061330503725 4.45399411392109 2.0766220234352235 10
0.6534788514846697 2.1890323261059104 -3.1498341940198413 -2.112843606865237 11
1.6365579442237217 -4.1299686690319515 -2.3016731489175015 -3.7349399222273907 11
-4.20960435749651 2.3137311029896406 -2.633597582970844 2.2968974284165133 11
0.5840659963253056 -0.45489655189081035 -2.327139156756406 -3.158490865130064 11
-3.9036709860854275 2.4436027796173754 0.3665469671365489 0.19030686579982037 11
-2.2941018963495297 2.1984778817866784 3.499499396630175 -3.6351160423076005 11
-3.6641638796694305 -4.351886983152012 -1.8111588223207677 -1.3369041705553792 11
2.9756934422964068 -2.3336420383658494 -0.0007171104897986114 -2.5292726517349164 11
-2.748582192002848 -2.1757843828750074 3.273499067993939 2.938057399098357 11
-0.14822036523195048 3.567573140054731 1.61361430574998 -4.076013234993136 11
2.4612309452895813 -4.352540548243099 0.6392109776258562 0.09278760080388959 11
2.87935518911619 1.3888329377467157 4.065441214113417 0.03241565772071542 11
4.244761707889423 -3.2387708587142146 1.377631188860996 -4.013499211318211 11
-4.37168180174457 4.452171331625178 0.9453284105002272 0.08927862617430116 11
3.436646497021414 -3.4437081027137655 -1.1605554202904105 -3.440406562688188 11
3.310423412685486 -4.328665313089727 1.312004396761214 -3.4135111853838125 11
1.7423568142295602 -0.7569081090261531 -3.2677100892408575 0.17470613711053817 11
-1.7964377139957874 2.003323406866092 3.215603186533362 3.059396553362835 11
0.582275397110669 -3.0120708775030587 -4.3226149624576085 -0.16985387897982895 11
-3.183056859751847 2.217198066348688 0.5562731707215715 3.93763095514107 11
-2.722734431412844 -3.529927039048012 2.765945231413537 3.5249621592809164 12
3.7355782638661474 -1.8424193507595323 -2.822955775162403 -3.6560647828033432 12
3.908059224282153 -3.3209476105148736 -1.2828888737991035 -3.8865134103707764 12
0.5958397211027273 0.4910870523944252 -4.007749795129191 -0.1155395772982919 12
0.4524310219121982 -3.962899548487638 -2.48535851535685 1.3386201091339804 12
0.52131353167297 -4.2135563075790685 -2.6597280682361855 2.6519197909003553 12
2.442083580378675 -0.4554711852387484 -0.4334809394768774 -3.7668097946383554 12
-1.2217441812201413 2.9033839066724023 3.5759347560895427 -1.4878834042135591 12
4.340606503538009 -1.851919388744228 -4.288215718196249 2.9479370895156753 12
-0.8301593399117069 2.206299498118767 -2.0089705245254486 -1.8094664372460607 12
3.620998824069318 1.3686008554681064 2.2789145317605812 0.11766295827322881 12
-3.7758196225368064 -1.3901507727153732 1.644905482512235 -1.7157620060535905 12
3.036455830060812 1.4977824239142794 -0.32073011020815145 1.3362875987150105 12
1.7401238760691746 -0.007084180679742813 -0.2169156492548101 3.1135322604225077 12
-3.468389772109452 4.066417357436419 -3.1479149238426807 3.626553574421632 12
-1.5263642925052197 3.2450537232818757 -2.4518230309710205 -3.301979661396375 12
-0.6993217428934726 3.6066720962258647 -3.2313959934223297 -1.174908101099847 12
2.7824344977424325 2.0613276226856927 -4.049855928298945 -0.5232090354722257 12
1.7515327485739873 0.6723134957716731 0.7046653389384214 0.979304012013732 12
3.4537535168860067 1.8473246183721985 3.226555269511177 3.1580667000782268 12
-2.763268912376528 -0.29441043235515996 -3.438997639423793 -2.8770885924555714 13
2.089827733373831 -3.66275281929967 0.6235300163341562 0.22246365960815706 13
0.15801018990219395 -0.895212096477471 0.8318569111527061 1.8403178141206684 13
2.648954966636163 1.094703010164375 3.712911975332453 3.8848458946114497 13
2.692004565446315 1.0857789715499448 -0.7568589312458301 0.8277482539371678 13
-4.343517825439587 1.7479713222165087 0.5990179149836509 -2.291059213143745 13
-4.18982925665583 1.19301562763975 -3.819839415132758 3.029510994481381 13
-2.6844181272666847 1.780108605564771 0.299157483243809 -3.842480747641684 13
-1.201991864454064 1.574389493896676 3.2481815591188523 -2.9887360158829583 13
-0.7156319450747612 2.197856591754688 -3.1050136397767636 3.996769818506765 13
-3.0659810567656267 -1.2759406523514425 -2.911985928456697 3.1049420960729606 13
3.1454849123267445 -3.1342326233754263 3.2507250864245507 -1.408385084871204 13
-0.9463883619204849 -0.797315996047543 4.099877489629234 -4.188775772964161 13
-2.6142808498862418 0.010807939500012242 -4.290390440025215 -0.9951368706179501 13
2.4519556552736494 1.332625246445931 2.8066501650572553 4.220383180574096 13
0.28879591265613813 -0.045886429170766574 -3.4769306084971072 -1.4230759893879679 13
-3.3707104010533295 -0.026466751945527167 1.616857061980843 -1.2075675876834449 13
0.4221585975188107 1.657399117933269 -2.456110852810304 -4.228199414693378 13
-0.31248186340950845 -4.199948899051414 0.36179242362351294 -2.9459055218089008 13
3.3328851409749105 3.148835183362992 -4.254264003776794 -1.3217480934741728 13
1.0262880968445776 0.8904916804656461 0.7421379200624336 0.11407805113506553 14
-3.3843026871889372 -0.041693330118948935 -0.30825111668342275 2.0142831369396634 14
2.945119760834513 -2.201286474803289 0.36345098878669246 -2.341287842387536 14
-2.7975607653447145 -4.262799080208202 -3.635886538453606 -0.66234076794279 14
4.296508216039235 0.681938754402467 -3.908271122105269 4.07923735214311 14
-4.250953625281638 -3.6436102767333525 -4.416029941778294 -2.9938611397762207 14
3.6522142068054464 3.58297717216547 -1.486274854639547 3.4980218272938917 14
2.2013599631667646 0.5133615650674594 1.9131426525511421 -0.5113036027224187 14
-1.4878301752809815 -4.107507855302869 -0.8024057338213666 3.3777038251053573 14
-0.09792169389310079 -1.4365669933882952 0.42598313502231366 2.462163429028333 14
-0.7012381727285245 -1.6115840693879409 3.6657796705310184 4.14844874741957 14
-4.051190356964809 0.5228925026687825 4.250724309839755 -1.4868577937631273 14
-3.2467629040825408 3.9083138933557615 -3.0013822524640954 -2.5872467526424705 14
-3.4180208636284446 -3.0146119182440305 -2.6796562662380023 -3.288256493321984 14
-1.2172491934705447 -0.06549974380740331 1.8998838728597405 4.283311918014394 14
1.6239641103056073 -3.949978911696265 -1.5745037204391727 -3.080022629656074 14
4.307366780601402 0.1121166286030485 -2.265915746076503 -4.107538896145058 14
2.4357861619839722 -2.53927258769477 -1.1700734897173017 -1.1235653351721537 14
-1.764827178216657 -3.6713643010865002 3.5873681689829526 1.8769158854868628 14
-3.933294758414573 3.585820892044705 -3.0814663875447525 -0.4578126744439749 14
-4.315211835187674 -2.7378490671130358 -2.4812648219749596 -0.5931433844952579 15
1.6747041027276266 1.1587478804542164 -1.2065983833246223 -2.118733770622794 15
-2.1581388497789713 1.6733425440399308 3.4846676620934987 -3.1002624757530843 15
-3.439110534313776 -2.309822133548351 1.7210104565602782 0.27959090169591105 15
2.280619480119756 0.14877732442592317 -2.8884615010309354 2.5768160461183616 15
-1.5705929654231665 1.558774065704625 1.0825309574216684 -2.9729321687648653 15
2.59816994262642 3.377956829208682 -2.010510873576327 3.0345281285209618 15
-1.9286260760246483 -3.411526467285958 2.334179778452402 1.9606621219289324 15
-0.32098927878808636 3.082771043811614 -2.758087476801995 -3.447727173767492 15
-4.104852714857458 -1.2178554967408672 -1.6261822645320738 -1.0020773020587828 15
0.01106202820097868 -0.25118869634617 -1.3937608349689061 -4.128645773216384 15
1.064870742949008 0.4865395346049245 3.99438237675865 3.3216096211149555 15
-3.9348234148930388 -3.8038095780731123 -2.3088800928773687 -2.4569204062596866 15
-0.2947209770320286 0.7583732446608942 -2.15739454419752 3.2780809551012036 15
-4.221392417514057 0.3706818992490104 0.13246098764538394 1.378613199349509 15
-3.1735881935640577 1.0908313488975476 -1.9402243895646518 3.0001337789826827 15
3.4715079209690085 1.6453127442064206 -3.674884620819811 -4.206016508270202 15
2.0872865534225777 3.162593891235871 -2.9327417912227234 -2.0635359105478006 15
-0.5037841135777564 3.2873296624223634 1.6479687353819705 -1.7509951598855 15
-0.14098332143914705 -4.338849843756898 4.276746862200375 3.6134624815755663 15
3.664264465037695 -2.10530332919355 -2.5585609808398035 2.450218022147501 16
2.917251910093741 -4.320188776877032 3.186971791124245 3.1637111468951975 16
-3.9426332788651752 -4.270087318952455 -0.18545962639650682 -3.887679664414353 16
-0.1976135135780681 3.2877167761243893 -0.2948728579125809 -3.4898221442646338 16
-3.5824507990847714 -3.5806173437470017 -2.2439634825378065 3.400119195140899 16
-0.7791384639497274 -0.805489208769587 -2.3357712076049695 -4.057729592145652 16
3.1033097983329654 2.2518774717602077 3.3623384004500023 -3.146900045377611 16
-0.7310230094261192 0.1610753560312086 1.4455118267739815 2.877035341280701 16
4.100719446540638 -3.4257138778478335 0.2346089102397202 -2.4661345657422213 16
0.494232000301254 0.14548025337834913 -3.4915574336993633 -2.277148178943518 16
-4.438210554710222 0.4607375958001606 0.9871660185991913 -2.2150238742514943 16
-1.4295091595419613 2.438146335257465 4.312829851180155 4.271836896984115 16
1.8111948578146415 -1.4791129030996764 -1.8867504496513006 4.47675533362319 16
2.000267494833942 -2.4910973654500346 4.380815397437283 4.415878731279347 16
-1.9725123120018127 -3.6566934702136624 -3.994655154425654 -3.9586634675505974 16
1.837927092028318 -2.919050772577061 1.5265394557442022 -2.689332396485723 16
-3.3901472301056765 4.4673535910406095 4.290176574354055 -3.660448226261068 16
-4.437439862353415 -0.6402928924841782 3.0541443395563794 1.322742057929799 16
-3.209493091731212 -2.4033166533508434 2.8212680932054344 -1.7667995508328784 16
1.6113527555566536 2.1284658548906235 -3.5808955185246294 4.169029123724087 16
-4.359078672637709 -1.8246835452743206 -3.4925328028492304 3.091675715926839 17
-1.8645886897525314 1.6810565912424116 3.7440145277798766 -4.463636161996003 17
2.9310776751005845 4.466233094545723 1.5914355471734898 4.4483667783298335 17
-2.0591915624869817 0.5800055825529407 1.8013282245735796 -1.2442461282860604 17
0.7496360769192587 0.6538136561813014 -1.3559161467654945 -4.347834677943516 17
0.8458323535421388 2.330349359228694 3.94889646087585 2.1729550972139946 17
-0.852541091357442 3.987368987608648 -2.331244630043858 3.744082575035419 17
2.353045682325005 -2.0261142801690353 -3.8786047824880834 3.780896260517153 17
3.6278462735938852 3.768344347835962 3.9600915137639983 0.15309869929717734 17
-1.1441521376563155 3.0152959584315786 -0.10049862598556869 -3.6347214406757025 17
4.001807507683695 -3.6009132006884963 3.2069951129580603 3.6301565322365485 17
-0.9341283804922966 -2.388504239528973 -0.4977470566304384 -3.974655768612002 17
-3.2626798075168804 -1.9370070549727758 -0.15507483131557231 -3.776285779466704 17
-0.6387039124721628 -0.7898315035096563 -2.4287747701798024 1.9940837374976974 17
1.9138057161218336 -0.012202682297140388 -3.153408624096939 -3.2365369628628096 17
0.1845386030291829 -2.5152605562123864 3.5716355271416584 -0.4892634576875281 17
2.5103785265557446 -3.433695753450759 3.3183913738566004 0.8932879037255977 17
3.354923326874893 0.0630928370553383 4.049257160649689 -2.0295677727558017 17
-3.9278246021339527 0.008625116187554127 -1.322097436064912 -1.9334657699075475 17
1.6156991410220425 4.165635005489888 3.5223780466434356 -0.060502491803586134 17
1.9711344651161784 2.9665980646774073 3.7344148958068164 -4.48201041830336 18
-3.065775907997155 -4.267844446307073 2.816751036846876 -1.9073121819532042 18
-0.14507742253365385 4.164175518207235 1.8431516346783483 -1.263953614501458 18
-3.5420741086911285 -2.495390244827548 1.662371202478469 -1.2172216303662937 18
-4.446407818695974 -3.341307520547177 -2.3207645900041616 -3.141836453866726 18
-4.489531175602566 4.4990354601268985 1.071573061407904 4.485754997033673 18
3.1192076246833387 0.42004745678275024 -1.0027494636707046 -3.4099680151901217 18
-0.939004215498188 2.146439008076018 0.30156635570014434 1.4739630940620205 18
-1.0206104255957642 -4.31960107766663 -3.4656503956831117 -2.132238759025059 18
-0.6959294817839937 1.428125750404679 -4.447597207300579 2.0797254169073582 18
-1.0763489221045712 0.031531293252437864 -2.2414713669633994 1.1077176157393618 18
-3.2609345253078184 1.1813262886323113 2.7659706008265235 3.018130256295501 18
3.6377453871670333 -0.09178434285502435 3.3372704392520323 4.124002375225929 18
-0.5855324007401697 -0.34583848007721985 1.5423582392434998 -4.051794409841645 18
-3.3288825873792387 1.9975416775616153 3.8294390649419676 -1.8678215699797485 18
2.273642460186032 0.7746085068655476 3.9609683393263313 -0.40410443631820925 18
-1.7513212558916562 -1.3255185006986125 1.659864612857192 -3.789940022024041 18
4.197643428900188 3.7883874739296273 -3.749415271885522 -0.2553272987944438 18
3.59482940089977 -4.028831549242675 2.794053404745901 4.038181942555763 18
-1.4645339364243606 -0.7428364155849906 1.8008322509749064 -1.985243329068616 18
2.200672449771542 -1.7566645551799926 -0.1816117053025369 -0.1618739236766059 19
-1.777067805053223 -0.9891617569590346 2.78264514251269 2.021692232922451 19
3.2742210323501446 2.406171476139133 1.9719752156522812 1.0554183497799663 19
-2.042491408607925 4.447128403706176 3.062278860075152 1.9510573566656975 19
-4.006618291799278 4.252598836359639 4.221134902458548 0.1258999654121059 19
0.03835211982603415 -1.386729772343739 0.4570438513228152 2.0674253363554573 19
2.3182904678886356 -3.2959110480434686 -1.8226755039847622 -1.3611737883699362 19
-1.7893376501665608 -3.1003915234122017 -2.1764468231705894 1.2037732642621761 19
0.8086335514328525 -0.4209138477163442 -2.497482354275928 -2.186158213065458 19
2.8721017699173683 2.129037681321279 -0.23983880120883716 1.453384154504013 19
0.7716768927803109 3.7879959101709093 3.6488738682021644 3.615334441129567 19
1.0365387697344466 2.3307568623542383 3.0850860222514696 -2.1904564130473876 19
0.18839973024372192 0.5281583825259072 -1.5852735531529316 0.08850603295348802 19
-0.8631902418711745 1.1428243180107778 -0.8367029287861574 -0.201115452536331 19
-2.525437198194901 -3.197618659663702 -3.263693815850378 3.845830490954675 19
-0.8043525226526325 -2.39885575761467 4.21660533123154 -0.7199258762665735 19
3.175237833244931 4.231836657826646 2.292343099448004 -0.514413709558617 19
-2.936965176739779 -1.1883128716328075 0.2476834203567817 -0.5183879342556382 19
-1.8223477854005283 2.938584131583677 -0.5142461536394846 -4.168578717327952 19
-2.5257855198860995 0.2782505812313254 -1.0616748033711105 -3.615628277868513 19
-3.777937361967955 -0.9270374080928072 -2.532446492062083 0.2772426052171417 20
4.463282231457583 4.307197270839915 -3.443728307441873 -3.993069013087135 20
2.4301666151021943 -1.598521983128753 -2.220284757483366 -1.5433035170119491 20
3.399976567297846 -3.2889937971489043 0.39409553764566785 -2.973210755479359 20
-2.540087821086827 -3.8490691603303104 3.778218252353309 -3.68182199803548 20
-3.0332150400496896 1.3563421000929543 2.8763646644664767 -3.0192014310418283 20
2.0821752451566016 -2.2637209204887183 0.1119346493878296 -4.372665366028008 20
-0.8393083652313335 -3.8062725576315763 0.514523056729451 1.2420265824829468 20
1.1447046351769923 1.2634502559059502 -1.7214737512446785 -2.0333081906569177 20
0.8303721966762961 4.413653699916531 3.828330432477581 1.2445894325600002 20
-1.8016376416581485 3.9912855504609404 4.3209167448296055 -1.7742189335761744 20
3.875481556047637 2.7669487733125857 -4.256502757187041 -2.9856000446801665 20
2.912491953470469 0.20880787128680933 -1.9984713403054175 -1.145999925663086 20
2.3289354124075246 3.4336350042540067 2.859786664958795 -0.8500683160954776 20
3.446055876915483 -0.36730517202749546 -3.851778589683983 1.3765524520801502 20
3.241659305756614 -2.3359436670887113 -3.502152968426889 -1.1175195371773048 20
-0.8499551302409257 -3.2616212322087117 -2.1462731831815063 0.614707020529451 20
-3.3568519063193936 2.202403807229932 2.6176532710788942 -3.1688888329529328 20
1.8072724949626826 3.981715269885254 2.8561757235096636 -2.5511851810899078 20
4.017372623415783 -3.102083310305817 2.0311153229234438 0.980291033667241 20
4.0739827418269705 -2.6225060812908563 -3.0869522479292684 -0.5256821145478794 21
3.22841348688572 -2.0065203193065817 -0.3878519432601947 -2.5820776538177808 21
-3.355385448249358 2.586438903433887 0.6284201047156214 -1.3408242205203902 21
3.5390573663802285 0.7864672837503772 -1.7552177947232117 -1.7122636934631237 21
-1.9026464344334615 -1.5363608426993545 0.28459149594190924 -3.905410792767926 21
-2.114820958246535 1.940150274865574 -4.457011790215505 2.112270620968811 21
3.5741122941351993 -3.5006171394130075 0.39173866335509966 -3.9319628278979764 21
3.729181081206747 -4.300473372670032 4.028173181954041 2.766891849476715 21
-2.0585102669349435 -4.178335437595565 2.032395035817703 -3.4917542864087556 21
-1.0922981381124794 -0.28569931659153935 -1.585598278504043 1.987278654642795 21
1.9078900743558664 -3.9080882959013348 -2.09918224313867 -0.21357663035677588 21
0.45385544519835486 -2.443661631691157 2.6371180644545813 -0.5154845586637952 21
-0.9070896487226351 -2.464746669974451 1.6982752558913639 0.7494525072537074 21
1.5558948725874235 1.11284018822604 -3.857393011115185 -2.8620277435282824 21
3.047002016620245 -0.5787873088290987 -3.3367614369622247 0.24448763844296806 21
2.478268703756094 -2.1400624557703662 3.494911260593123 -4.302386589060537 21
0.46694300203886296 -2.084199888969458 1.3365722608664932 0.6077559113755038 21
-3.0530847910956385 -0.9562153227171054 -3.7192332337936556 -0.5957684128851896 21
-3.4425555085929807 -2.410500664035177 0.25867318839550957 -2.7130636639159507 21
3.776685397001635 -1.5527302837768433 -1.5044034907797887 1.477010240835864 21
-2.172487177170165 -2.235913486867957 -2.997582318740816 -2.0696303850389164 22
-3.953664893201378 -0.8192930973910912 -2.1294599042955973 3.2028528764736275 22
-2.133872908482955 3.9963468608516406 -1.5480442284280165 2.0293883551425984 22
-2.8372026440756843 -0.34485945062403434 -2.067476953121294 -3.8915510552279877 22
-2.5125526032782712 1.5830447691929046 0.10197392354178703 -4.338723317455781 22
2.2842429208809567 2.447368782768114 4.019571030754858 -0.9277644042002323 22
2.0181340852128886 -2.873779193254759 -1.8404951107145167 -3.970298192424525 22
-0.7300529892631845 2.8136259533489154 2.679955867466908 -2.2838077904401324 22
-3.231640489172186 1.1189369705012653 -1.9438140410742708 0.5830476149377241 22
0.48078656694979116 3.4597405731996314 2.4525337646778733 1.30518189643534 22
1.063059538682064 1.7973047537939615 -1.0445029933326468 -2.8248206906009643 22
-3.6073512075789114 -0.23525104878689074 -2.823619632391605 3.9550883881770114 22
2.2223779312111196 1.7016199657851836 1.7593233007019657 3.540590259190578 22
3.298001066281547 -1.2743450045840312 4.082666655800697 3.2134092151075087 22
-2.5700950208072495 3.3539447669188 4.321424638347949 -1.2798496180948846 22
3.3188940186072653 -3.7827197932057546 2.585151172257876 -0.5144020650248288 22
-0.584536418704968 -3.801775460510609 -4.227766435762861 2.3094492456372064 22
4.378246584549928 -2.3049638012460854 3.147285345234375 3.9865662314187387 22
-2.0709111045882067 1.9583708663013426 -3.8742830285820578 4.0542698025796735 22
-3.086122642994841 -3.195037747511885 3.6197547934185788 -2.269006160268547 22
-2.401822368034021 -1.8167316755227838 -0.713500529027347 2.439364005420283 23
3.1878944368991355 1.1419776495073317 -2.663077370339466 1.7965090852729226 23
-2.9565294172217866 -0.7548940525734772 1.273560385233552 -3.9785170939634376 23
-4.28573558177909 -0.47754221545293307 -2.332621115782955 -3.4171741907154853 23
-3.110661078348793 0.41592670393189357 -3.6142193250239103 -1.4312120265063872 23
-2.540720831107617 2.612539368056167 2.332869390124784 0.689267124881342 23
-0.8074268560488934 3.4785596384157067 -1.5511123382638883 -0.4171667683703393 23
-1.9969960065202783 -3.341955657899843 -2.5564397745937604 -2.5370196654682746 23
2.9069680096644 3.06433567278099 -3.651154035538313 3.6912835541390527 23
-1.9813407101119378 1.122844692559256 1.828352467642362 3.6052671556134097 23
-1.4669836839421195 -3.400472657233739 0.2835864543442823 -2.860020673661853 23
-0.284167197728893 -1.1960561242426648 0.6869288660339687 -2.2943058508853937 23
-3.420945470689254 1.5633543554017293 -1.4718536571782743 1.5338124274885194 23
-3.9118335042930794 -0.7961020728637173 -3.353943876525313 2.2343145732737857 23
-3.22510537890938 -0.4199412874347931 0.25046786045808156 -3.948724358785841 23
1.9923100869403654 2.4117735379824854 4.290245017114706 4.288891845570683 23
2.0721397237352317 0.21599451656537083 -3.6257331713135748 1.8364638406101206 23
-1.5539152475199018 3.9736852839632832 -2.24922058706693 -2.904466231780998 23
0.7325585528516728 4.468527659292849 2.7983838656272555 4.237090770073395 23
-0.5507211349416894 -1.0696939520811997 1.6267287266582446 0.35247318765183044 23
2.1259661446629963 0.8706582838564012 -1.026212322445605 0.3454619852394538 24
4.308155769753297 2.7676038061501376 -1.3902279381496716 0.027486250268262125 24
2.962163126820462 -1.9429257980386798 1.3594285072788264 2.935420872670629 24
-1.478859431876184 -3.5538681771256204 3.976574397573364 -2.9741686592630288 24
-2.0296714644995113 -3.308425726492021 2.105609012336791 1.9690195854604862 24
1.9472264073164753 -3.6610669194914425 -3.3489609858615346 2.939528312815134 24
4.028280214338098 3.782580468830912 -0.5480710064414566 2.8393447944367436 24
1.3225105808292366 -0.998186328136958 -2.78769829201098 2.2462822024018734 24
4.450717141645822 -3.6989789492413143 2.3983767511810212 -2.80118765593949 24
-1.5512743901056518 0.5380059807319351 -3.5417894784449264 -2.2256041703225895 24
0.6333812607382985 -0.4331820803571417 3.1524914390884957 4.240037195083157 24
1.4763107798571842 -2.781833954829043 -2.799414960219834 -4.324937776329353 24
0.31915663392422544 -0.10569088656680292 3.7904035345745686 3.9490186186608947 24
0.8639302372268215 -0.8047799208665497 3.393298698844946 -4.030763608959888 24
-2.677691318242951 3.141729750464491 -1.095605049370315 0.24001045206721228 24
-3.312051636777261 -1.159896190256661 -0.5735209188783766 -2.8111096651689502 24
0.3473498717074508 -1.3203203115909146 1.300302218006483 2.2480495116978996 24
-0.2410311393473058 1.6958649293367665 -3.183517064043073 2.2206737748098235 24
3.0214846775177064 1.5893728981550086 -2.8676920535802575 3.1207593023724565 24
-0.7880095972936423 -2.4243922504076267 -1.0498399332266293 -1.5028316141393705 24
