500 20
-0.5760458807219662 -4.266663913548978 1.096583348058528 0.590211148545915 0
0.4469623009083823 -0.5820984664355081 -3.125961341092929 2.820931641433956 0
-0.7166897812125987 -1.5269866109651329 4.351157819454168 1.2021763533943146 0
-2.6581622936594176 1.0734386971559733 0.7329377617961382 -3.1626783185318654 0
-1.8031079369292917 -2.0985545240742 -2.0099392528458626 -1.2552956994134146 0
1.090204494923654 0.2622788484933516 -2.77460965141497 4.41354355650559 0
-3.288780491895598 0.12220309139171781 3.809421264304711 -1.1513216799701396 0
-2.8400412091777625 2.568016330350061 -3.193599325522053 -0.9398385767361362 0
3.185777633755399 -0.051868463562649736 -3.0212597489131374 0.34397095613893425 0
3.119053368217212 -3.783190706918451 -2.8948114353661665 -4.058600878220317 0
0.04721481109533565 -3.912421460518097 1.029052986893908 -1.0709506340417247 0
-0.646899051623495 -3.631221759054487 1.651274032685449 0.20252902159867792 0
-3.355560254688503 0.8707077808073621 1.1486796608042429 -1.6335673928321468 0
-2.4658919945618774 -3.5374888412101533 0.7400491578274114 -0.04884307022855161 0
-2.5172441363649627 -1.3515634349703065 0.8488530750769445 -4.4308468616023395 0
-0.28991263875929785 -2.684310963615312 4.184081204717033 -2.384032105624834 0
1.2636605269342334 -0.15237148003423517 -3.809829400359016 -1.8465979383186115 0
0.04713048016694221 -1.0179661399329663 1.7364118240325586 3.894601248513541 0
2.6427370899741938 0.7200376099002598 3.0973584700717067 -1.559757377319134 0
-3.0393126134791753 1.8067711194644063 2.9895382942462096 -4.010437468037649 0
4.180959720803297 7.525053195067688e-05 -3.664525826360847 -2.822872228772656 1
3.505680575515304 -1.425477125960013 2.589897110524361 2.0181943417352843 1
0.6042971486493834 -0.6520863303350095 -3.319759445520294 1.8731577597354483 1
-0.569274632758809 2.4890326649739025 2.3560036290314064 -2.7822559294163938 1
0.3204375614789069 4.0836800425038 1.5362745654962424 -0.8495948958929533 1
0.39787344133291924 -3.7611456995247767 -3.839328164587684 0.15709059251118906 1
-1.2029183849248164 3.157654536040515 -0.0668951930172218 3.4371782778267237 1
-0.8435246125684427 -4.255178706946354 0.5417255192489736 3.0622385870614455 1
-2.27540484902382 -3.895700663367408 -0.42069059571828493 1.9398561737228095 1
4.444668102791456 4.235222820394561 4.2287759917191625 -4.309960124854786 1
2.7023251601932814 0.9163540926492065 -0.4382416248827856 -0.6313115150555652 1
2.3846387440651338 -2.9769709807423985 2.5206299233018217 -4.3331535106124095 1
-1.8627909136250418 0.216601877703278 0.7186757120143025 -1.9905811506225235 1
-1.2903814698951699 -4.0888893127914 -0.2107932977550231 1.9552898164025305 1
4.348381008214915 -0.5278057258063795 1.1690643657948954 -2.284232318901591 1
0.036003954412373584 -1.5881281421877105 -2.651345885391023 3.1559076253090934 1
-2.1622972252757666 -1.0179910321131382 0.06781913388933747 4.316039585296203 1
2.988152096710508 2.130723506584016 1.4716864534945349 -2.4689555867644124 1
-1.0871048975252628 -4.382843969749044 -2.975749492253332 -1.5816382225811667 1
2.6766444512933423 -2.0755008216332893 2.3731654873558683 -0.3576739325219921 1
0.744163996761311 -4.2700415233527655 0.6113581532548965 0.8568524543749272 2
1.459818173414932 -1.0122891671404668 -2.9289265750463978 -1.4114772188952818 2
-0.026335811389386343 -0.765847463627815 -1.849466855851928 3.926527744993955 2
-1.3421528882852356 0.45880114791977333 -4.432007013507811 4.105609174965889 2
4.2561962088734235 -3.4850140628573567 -3.229361547005305 0.3971909688526163 2
-1.6806732441325778 -4.123820611662209 -2.1369881138780196 -1.7602503361583781 2
2.1455978275881034 1.4176114889313958 2.3639834628735823 1.7195007556713104 2
-2.568278282400417 -0.749219038241966 2.3885649624232337 -2.798578969130414 2
1.294577407333755 1.4533319404389722 -2.6751520069264147 2.3194258010860396 2
-2.9657057986460638 3.434870121736937 -3.408432143435662 3.664802650525705 2
2.5020734382762146 -3.2944121264547808 3.8135508169940437 0.0463011209672356 2
3.320249637888709 2.2390009044916903 1.8296473834835965 -1.489610956394631 2
2.687270886891728 0.39010707525512445 1.2309503452006707 -4.274812619783915 2
-2.5124587644468432 3.766127819306405 -2.5264725174672393 -0.4166238123792019 2
0.8287611989973871 -1.3838588149036821 -0.08803449713013745 4.371588367979527 2
-2.125993236479822 3.725239294486188 4.490112888943912 -3.3921238849653834 2
-0.7223808482386136 0.36172364100417775 -2.0146031759159158 -3.756727486854778 2
0.9759794202454466 2.9362484559074216 -1.4272477320331394 4.040261994253225 2
1.112068661059177 -2.9095905457401656 0.628043465702184 -4.140418309416505 2
0.8213161738819126 -0.09660449704626772 0.18567957445086347 3.897875783193954 2
0.43117002081338995 1.7956855781149332 4.2551443573778345 3.706725816013047 3
-2.2876995248628234 -2.820355689721678 2.3333648026184064 -2.2359244659545716 3
-3.50475166983455 -2.033466727175517 3.6050007346366164 -1.8254628549193725 3
-4.4077496454036815 1.1642375054662397 3.3986597570671595 -4.127417952836806 3
-1.8434492530223179 -2.8144210976829203 -3.992299611214927 2.728430881175096 3
-3.6424075296527665 -1.9461977328127082 -3.539622349263562 -0.5471352690723577 3
-2.565680542823743 -1.929566394801879 -1.4116001719523665 -1.998832285290387 3
-0.25731128277288895 0.44547138979567225 -1.2415387043241446 -0.12904381941119236 3
3.106018040172314 4.396587307057479 3.027885140274763 1.054653410313806 3
-4.060187223935838 -2.4109357370745244 3.6663143953667863 3.030385895788401 3
1.2898028452341168 -3.0468009339749096 -3.1848202634589238 -0.6951211650510901 3
3.3313130403210134 -2.5433781632547667 0.29711811271863786 -2.1981800520114465 3
2.1757953499510405 1.37718461907991 0.5965761070454987 4.267987777924722 3
2.6899696035416665 -4.218771939612646 -2.4730162123337305 2.561065014744613 3
-2.4338337413008935 1.8416474920841326 4.454539037149125 -2.213489716974906 3
-3.7119374189898946 -4.224694651251126 3.204553445260893 -2.9348815139629325 3
-1.2857855967039535 0.8080379232458742 3.7980697419487925 -1.7620755723312074 3
-4.029995453542558 -3.9090270041426023 -1.9979070935271017 3.6426144792834476 3
-4.108489325462559 -0.9436431737924658 -1.8794970868847578 -2.501140685286735 3
1.5158434141445196 -2.7177559936544737 -1.7159795159198408 1.5611842568868637 3
3.3863980653374317 -0.6084981409963736 -4.305433891333166 -3.115652521285578 4
1.076773173389682 -1.8861593135851047 -3.5016197292544073 0.20992653203097544 4
1.0372911611784863 4.0829396614409035 -4.038421948226335 3.7858404455312216 4
-0.46786755128319324 -2.6365514557201717 -0.2851927987008509 1.0369267047536819 4
-0.6716943728515218 -0.4988316171261805 -2.6939177724018415 1.7626899705724466 4
0.06855738004765244 0.23159924829862133 -4.284188260701825 -3.793396183356988 4
-4.118137273057085 -3.02022822446892 3.7136329404305184 -2.564553798210956 4
-0.44795538344364083 1.8717405355702872 -0.08708553623475856 0.20802487868052744 4
2.4982911747498022 2.493926995226802 -2.8316800361328656 0.8054749243053475 4
0.025008772582992944 4.110728339765228 -2.148482820376132 1.4015246764521405 4
-1.5131365871411173 -0.16687653888570098 -2.1848702724342113 -0.607481733563017 4
2.235365994069327 3.220555665955625 0.006837690837986243 -4.325525264431372 4
-0.7698595038037964 3.1381606284059105 -3.5221198875217956 -3.7040222793088677 4
-0.49886152424361707 1.9417237585771883 -0.4466711459871747 0.3377089382736683 4
-4.423964727790622 -4.273187186963259 4.290959418699743 -1.3954919488545252 4
3.9640544418787966 -3.5807584659192586 -2.8903019212296894 4.204735316824694 4
1.457710113957369 -1.9506713056099128 0.3204125173875072 4.163906554969611 4
-2.6924189060209915 -1.0049923609671678 -1.3346178974362841 -3.829831448251354 4
3.833114368576493 0.6324678877564717 -0.4139210045264269 4.310155578440305 4
3.7504315076209425 1.8203781673775246 -3.8561221140552533 -0.2176071200997335 4
0.010948065183782552 0.054781501613749506 3.1391817834263165 -2.60111970233808 5
-2.5306129230356453 -4.458028295384551 2.6294396499265535 -3.918144015496929 5
-0.7394738039755578 0.5703849930513161 -1.667537284656834 -2.9639386807139085 5
3.3890568158099437 1.598263562051185 4.269159089566841 0.9616787050420034 5
3.0809974149312414 3.8354515823242794 -1.9897195322819412 3.802330236916605 5
3.9700428627026003 2.844172367319546 0.48485624129659344 -1.2953850366888102 5
-3.3174485506850058 -1.380329865087624 1.8784733746858029 1.5749026566577364 5
-2.6234775492702975 3.306433834408711 4.16018248406706 -3.9490305399497276 5
2.630971973756321 -1.3589852338452653 3.395223638272435 1.3665537070872888 5
0.6222647885007188 2.746183862301314 -3.1180967681308154 -0.831562590571944 5
2.998451202605786 -2.647856907449352 -3.9881442168947654 3.334595406883356 5
2.0761218047350405 2.7307274774350407 -3.5980417323226868 -2.52649650304142 5
-4.111838672819736 -3.535313361915781 1.8781178093231459 2.3486464685661854 5
-0.5842471512705513 -2.512069003253303 -2.546699240046696 -3.102581054856389 5
3.4255985954911266 1.9771878395197016 -4.27343016084815 -3.7810281083600294 5
1.9170656419228291 2.4287369129343177 3.4411720984667813 -2.8879018857571985 5
-1.523276764475357 -2.4425077335021097 -0.8677888515386506 2.4303188701882243 5
1.1370956328092374 -0.7696867542714975 4.347703092201822 3.3526085140362243 5
3.9310296501076736 1.2820717701251303 3.805023137022988 2.9879444158992574 5
-1.0178969128886863 3.196076947237715 -1.3603079790991341 1.2345405394175817 5
-1.0728667465541275 -2.895211550000518 1.8656173029591891 -0.7848250237496309 6
2.5349348309947324 -0.25012271325778734 0.9302912297938472 4.237790655454177 6
-2.164676360361506 1.7315932129310792 -1.5604229799710838 3.7847252960201807 6
4.324365710989007 -2.2837176992898915 4.386008191054536 0.7825473412579482 6
2.6121942233464073 2.3610171980165298 3.7354362365229923 2.193001622660836 6
-3.419641870403274 3.0501233510310057 1.9686749231325922 -3.4816969307296817 6
-0.3443498571912149 -3.3679675570222116 2.21652476903649 -2.889395837959648 6
0.327091257864617 -1.8313852428483388 2.3130335264848205 -3.9619805847265677 6
-2.9184822606894247 -3.7868564636928035 3.3842221811681075 -2.8178561139124296 6
-2.7099081735345076 -0.6337024284922761 3.223380932977666 3.559714901973776 6
1.2763058726594847 -3.713587390891832 -3.578067302675419 -3.4575397580905527 6
1.9415752899386869 -3.5842967013295617 4.275962382749547 4.357947938352258 6
-2.919608361820603 1.9198940594166953 -3.6333767069481038 1.2240819105267033 6
3.4673730696944025 4.3482452493876504 -1.1763667664609563 -3.9692421069086588 6
1.3761625563109305 -0.20037282294262138 3.1659578946539817 1.4722431767135649 6
-3.70991200603505 0.5305571522754904 -3.95507544995651 -0.4201767689590691 6
-2.869647935322182 0.1296185442409855 -0.8388049432501468 4.364937384016651 6
0.9803713404095241 2.998912411103438 4.4509619476333935 -2.4605384386193814 6
-1.5862447596946816 4.399758839877359 2.3677134227915637 1.4646271152758983 6
4.454552339710139 2.9353573749581705 -0.5910884391906147 0.68196358659782 6
1.74737290882665 2.10302818287279 -0.8082347625010137 -4.146936251023761 7
3.3774192882419634 4.063591335111591 2.2938670208044223 2.6611680925527637 7
3.170366339377961 1.2684477580097782 3.916052816429426 0.18974849177302777 7
-3.8385145375700707 1.1104624286625477 -3.900672236609786 3.8399516495909145 7
-1.3210749739303331 -3.0169923909813328 -2.2404662270722113 -3.3134767109236014 7
3.5384956791033906 2.9240143308601145 -3.1926562600515274 0.8204780089446588 7
0.23974581467549994 -0.3289566946178478 -0.9831417710089624 1.8723529549577775 7
-0.0962884068558697 -2.153519822524932 -3.7496880370341987 -4.351827348498448 7
-0.8762586918016735 -0.5699710824567302 4.142377075515097 -3.682858464128964 7
-4.3644947917646695 3.536152947708442 -1.3893010082500803 -4.330920231772754 7
-4.237656139372394 -1.1439640438944645 3.4511818969673826 3.121575985380083 7
-3.6371401677650503 -2.7273211168496534 0.7969480658402538 -3.07234514592616 7
3.981785511574288 -1.1585594549889326 2.7136544204044584 -3.8912232477487514 7
2.0610072163932927 -3.3645590223388067 -0.3859924570888821 -1.657547782233747 7
-2.238453704635116 3.4311176740910834 4.474218309942453 4.299671629145915 7
3.6296653544011392 -1.911282676057008 2.9797127714718075 -0.440470410849905 7
4.204018183610667 1.5128940206267187 0.023399066817918812 0.464353654355079 7
0.02706096180893891 -1.0979783221630006 0.5312298180780135 -2.8612301547132017 7
-1.463685351331875 4.06809634574701 -2.688462558295708 1.8552462245345256 7
1.740004457303006 0.30691530066003514 3.115462500064532 4.13559803762535 7
-4.108592718573503 -2.272042119397135 2.347608139170065 0.4935126215169552 8
3.988536504004874 0.5117414961892797 -3.7298065243359595 -3.7301878683888434 8
-1.2823359088029114 -4.414946632758906 -3.1268040630467517 1.8556473143400551 8
-2.2180655949756933 -2.211959788645169 -1.9965323021065815 -0.6907348098516457 8
-2.9638302656937654 -1.3951803629052792 -3.1282144673233803 -2.36861086211497 8
-2.6761585378704855 -3.9338861383724306 -1.162308353238846 1.020883935094092 8
-3.6183564370236727 -0.029452479172964008 4.299365871805632 -3.355319291171978 8
-3.873054686287991 3.916382070163395 -1.8605175067153148 4.469442940785088 8
-2.6451212834647473 -0.3220888503685807 3.448164181200117 4.099697117553037 8
-0.7679856860402678 -1.8779605341031593 0.26230232912521245 -2.3780534967898213 8
-1.5882433666196023 -2.595621749254742 -2.6868266145128157 2.734887492448321 8
-1.9775854100682113 -3.4460546787306936 3.8827351878534255 1.0520997976357227 8
1.7032668729978961 1.3007357043701164 1.677692361939315 3.4532686269661443 8
-1.6962353699131385 3.422690605417471 -2.18377176548762 0.7332766585134812 8
-1.0226184741489521 0.9998037028698169 0.5998900668225846 3.8060105554457873 8
0.20852393557675664 -1.5744887675088308 -1.5861298417831668 -3.2579767209710995 8
3.868113807586464 3.1338126809667344 -3.5660351601830955 -1.9520451794469267 8
3.0701065321791714 4.088597729006949 -3.9151264723834363 -1.7428959835659708 8
-4.477658163587131 -0.07092809792435706 0.7065476107510268 -0.48645636499075184 8
3.9412180715814333 -3.290159161591749 1.3071840217490063 0.21659659320995805 8
-2.2950527542724726 0.04555728519426949 2.311468009042919 -0.4268868734597112 9
1.6057935883969439 -1.5051603814474572 2.463777699631218 -0.23517747199498062 9
-1.7427179556899348 2.4821812009939404 2.03591677214255 2.474968094198735 9
-4.204314555943972 2.5721807626955613 3.1890756088602044 -3.050241659805594 9
-0.6431374668581165 1.1610851145170433 2.009731578953067 -4.4011760375195985 9
1.8495272241611975 -3.613782335207241 -0.9006268438780661 0.5904760865140541 9
3.6346154838739793 2.9008122175597126 -4.2344235881511345 -4.154482751840174 9
-1.1215670647162514 -2.746851043537267 -2.3465754290591683 -1.3037810719858942 9
-3.9347510574974454 -1.7225196647380674 1.8040246346528015 -2.784598879250544 9
1.9187276454185043 2.818635445619037 -0.9338783661140004 3.647925911825146 9
-1.5607052890448447 -2.517391020529611 -1.5962440194337884 2.3910808149865614 9
-1.5534523471811326 4.179301526751736 0.7703071733958498 -4.020290803933667 9
-3.635183698406722 -3.040348971204549 4.254759175178716 -3.507357375159299 9
1.7481520705748443 -3.2421285085701093 -1.4243882943399067 4.067153243914548 9
-2.1003669663318485 2.728582852122691 -2.3107127201334654 4.043938554948932 9
-1.7944939452747035 0.8731489398412929 1.4445365655236788 -2.7699055228217557 9
0.6553105898882108 -2.1110087557919783 -3.228757746068111 4.338449749656049 9
-2.2613913999663273 -1.8929205840418537 -0.4652403808375908 2.074475834094039 9
3.3834606518162813 -4.331176679063117 -3.3052212133608383 0.061030534078600485 9
-3.675272290989274 -1.429110367611731 -3.6489918558897863 -0.03475620866576534 9
-2.5172851039231414 0.5657165902414816 -4.411591287240505 -4.123909959618196 10
0.35514985116894005 -0.041741974761068334 3.7265274651998412 3.5062372010560336 10
-1.7932223699698127 0.10303852804382863 2.453142457625112 0.2658777992688529 10
2.5760566507639813 2.8125502334299215 -3.002833657369879 2.1438617482354587 10
0.29556798746261914 2.7570169296946534 -2.573109396690661 -3.977855276734306 10
-4.191520683513193 -3.113404911904411 -1.6588731460591515 0.769737003010731 10
2.233665249018083 -1.0361709249994537 0.7364456085765546 2.9812455256779398 10
-1.638913588241907 0.6480793167028722 -0.9724555476976681 -3.153395350467476 10
-1.1482153637725883 3.685769189923159 -4.142332787883534 -2.7178786064363134 10
-1.017258974793286 3.0262427587554717 3.9079640739864394 -4.16502797390611 10
0.9158734808479897 3.708168996980692 1.2443581733557227 -0.5718238397969445 10
-0.14351783080792402 4.1266265993611535 -2.8165604135279314 1.5632403694095123 10
0.6903869440765612 -4.250301318125212 0.8534150072355555 -3.898386759077459 10
2.149837642959042 3.2526071692409775 1.4751987195321674 -3.812397897513587 10
-3.6130499153689426 4.170987367601156 -2.4863619073829835 0.6266817080142528 10
0.570834324914735 2.166317198439468 1.946896270471011 0.7048490642795991 10
-2.4839881378856803 3.9706424611872433 3.5790135357050206 1.8033976141822854 10
1.289956133662853 0.3898677413970545 4.230210035706351 -2.031045812546335 10
4.152511774581058 0.5127185939999263 4.363468577007425 -2.748965253280479 10
0.2850155275098185 -4.097097341522776 -2.7661829235638553 -2.7919772441794257 10
0.41750072967862084 2.199248003955981 -3.4374942312195227 1.129872435394267 11
-1.1843709297118896 1.613934122230987 -4.45924687185617 2.768142771268153 11
0.5769703069556947 -2.6282248525527514 0.8913632805211199 -1.7741962253331893 11
0.42132530809417956 -0.2161013320867088 3.517754060860257 3.0854280369242035 11
-1.4605234136445877 1.4637168057139311 1.1854814599888495 -3.819143641293056 11
-3.949616082660024 -1.1450571694269556 4.183528794368668 1.0677162690644608 11
-0.5930158780308061 4.264808593114566 3.54584524587218 -3.0331385060855074 11
1.7837941911331778 1.1320975811649934 -4.2554616499142615 -1.8071215585125304 11
-3.0964993878508706 -0.5841681624840147 2.553312730738555 2.910339880223138 11
-1.158884109950612 3.96357795166152 3.505008246060131 -1.3269019961004587 11
-0.42464131936130833 3.195899882302024 2.8629847957468577 -3.104812799138635 11
1.3825066627170552 3.4135825987543895 0.44615492733578055 -4.044221282718286 11
-4.469980996808305 3.823094126490461 1.9800828177399816 -1.2419135621161566 11
4.061643788518286 -3.1055803497598315 -3.529083717591552 1.4844743230392514 11
-3.9086039154691643 -1.6444497825805744 -0.6659582459554937 -1.6264844875950255 11
0.7699990488982071 0.2171821054039531 -1.2150951254189248 2.384551635596562 11
-0.583896431293451 3.714094372627887 -0.8287439735129413 3.4267654375624526 11
0.6297898679329519 3.907230738248532 -3.12579863482534 -1.0171545662169235 11
0.6853891865046197 -2.8333782526542057 3.322075434783824 0.8746260311390746 11
4.3387083799801935 4.486529343699933 2.02386677053285 3.0646212782567117 11
-0.48178702499803605 2.361875024724481 0.225835471313382 -3.3907283775052677 12
1.2290707636612346 -2.8328042257821164 -1.5909159087630087 -2.1146739072556477 12
0.7128176406141249 1.3881774116797523 -3.1021357045107956 0.9486318752973081 12
0.8436633317605439 0.37328975094150463 -2.5764105972093 3.255579425784417 12
0.8269116168220528 1.8809205506422009 -0.40420376406881375 2.722752202519543 12
2.4388017629518 -3.698548233320211 3.117179107110579 1.441977922744169 12
3.7214594137195185 -0.4533749544802905 2.87044687989195 2.6053540697155624 12
1.7695900423007522 -1.0112485574995251 0.7134579016414798 -1.5547269957288208 12
-4.040485661207159 1.4727713185732636 -0.7895983619138482 -1.7678599526879506 12
-1.2090549226602096 0.47501964118300133 -0.14454830015026177 -0.8754816305547583 12
-2.1006914349844994 -2.6651152739528463 -1.5074050158239922 -3.493703966490904 12
-1.834155415687229 3.0768086933279966 -0.7792519283590855 -3.242501027369305 12
3.8161367250655718 4.307252288402728 -1.225046725102195 -3.5316603429765343 12
-0.771021473703996 2.458679124871898 -1.0508679189410977 0.3392292771485095 12
-2.9875219146856313 2.1983030204074083 -3.829357988665615 -2.1883186144335918 12
-0.6821431338047351 3.096828802519891 -0.6610854041561869 -2.046251937409278 12
-2.7268176684624494 2.8702398725305986 0.5681464821461428 2.800258828501983 12
-3.8490720919783956 3.114969405769535 2.5424204011461473 -2.6230512724666157 12
-0.6871595720553606 -3.2333278012468476 -2.7120391012422203 0.5227777100683533 12
-1.7467456419292153 1.8842574013544162 -1.199412665700644 -4.0783272245499695 12
-0.4834352929156933 -2.4006207705970377 -2.4152857159527645 4.18046134631823 13
-2.3511105439518003 1.7385592770267944 4.230687843052941 -1.2890248069497237 13
1.3299253010490784 -3.924674135280047 -4.1240583885989235 2.6988701604244207 13
2.8126592948004103 -3.2383423514935137 -1.9740635473313244 -4.033590776112647 13
-2.334921800295936 -4.374865573337844 -2.29927212366242 -3.1296547330560855 13
0.05629351805400418 3.158388439459247 3.689351494217602 -2.7457255934449174 13
3.8676337572515997 -0.3302120300115339 2.244048239020336 -3.2266078893031467 13
-3.575256520616147 -0.23125395820725514 -3.812969338161258 -1.1567942237761313 13
-1.8858755604323991 -1.715424475155861 0.9910773960107208 0.2821419801902816 13
-2.313368189064613 4.083223940219119 3.0725826585965024 -0.5725141459792925 13
-0.9233070365301351 -4.467839098814378 1.0049367732726484 -3.963416591453286 13
-0.04264053787010402 1.8017797243297646 2.207116318638687 1.7568713793419615 13
2.837432846113826 2.280481464078748 2.8072797186611824 -3.5620445803013165 13
1.8194603935478266 -2.7171393466550957 -0.3421323075123983 1.3881575993373776 13
-1.3490516031651396 -0.36475143577849256 -4.425257473707638 3.1607199117000198 13
-3.267338863619191 -0.6536027752384094 2.8864621286648475 0.1168191972036785 13
-3.5866065910853577 -3.714699463145074 -1.3861159442411153 2.0614411928024463 13
3.0256715492814266 -2.9794719742385483 3.5069485681124095 -0.049815592945416376 13
-0.24418429118797091 1.1242115834483273 3.4670098606277127 -3.1700928284779413 13
3.9507199557342356 -1.7430909704787598 -1.5227821074491463 1.96059532292171 13
-2.8699069651597773 3.378792089036221 -1.2605974885368976 0.20169769376961777 14
-1.7677278202584716 -2.0011223467125907 1.3930825684663972 0.8030812326977942 14
-3.148848932760932 -0.49786359981966355 -0.646244311560076 -3.2353165956186833 14
-2.4167274669328402 -1.2702456292956148 -0.7981675392249584 -2.4629174204984787 14
-1.4971808090232717 1.123988128045378 2.8127781630016764 2.6103479174904187 14
-0.48868022621884566 1.601490991311527 -2.5608999688900886 0.7476799641428299 14
-1.7922881789031417 -1.5985638354004161 1.4397447524976519 -0.649253461897983 14
4.484515771545915 -2.3555348296270884 -3.7268644739405747 2.0320231020942923 14
2.365753309141527 1.7962801474802683 -3.7320490631944967 1.63115148672577 14
1.3305658603780097 -3.4059456067348104 -3.776737611313742 0.8194186209606028 14
-4.449849144601808 2.2099793249830704 -2.0049534967169254 -0.8628155473435385 14
-3.7527435099686954 -2.315527916907791 4.373098511687133 4.052536683475756 14
4.40304868586047 4.195027578474562 0.6976401819490629 1.6986731948499947 14
3.791922748362839 0.7493803149110295 2.7443322918540605 1.9714083376693403 14
-0.39391166965581026 -0.33896158189453474 -3.3280699816252435 -0.38063701337636124 14
-1.4423476657511365 4.206179719485504 3.0020867287870745 2.2298711341705584 14
2.843815937152384 4.42732713669911 -2.3606171457478604 3.2662036001815826 14
-1.7920645795530983 0.7186565282083437 1.015450103708884 -1.9273830532521399 14
1.6386107504022087 -1.0473376091112767 -3.9841641571233852 2.1786297091767217 14
0.7576020011157003 -2.7313450352480575 -0.587800752350162 4.269156794763785 14
-1.675186163076828 -3.285478511258802 -2.1176716199064405 -3.882523519619186 15
1.2850083834479409 -1.4927131816995867 -2.2707613945637206 -0.8638726162038864 15
-0.6764738789751553 -1.0749034893978762 -4.166387938707903 -1.0075764078829432 15
-4.025251520424659 3.56268465707771 -2.31001921805365 4.41228913969199 15
2.0472720611396107 -1.583701240160349 -2.9565790596653496 3.099208636825274 15
3.5882938748568396 1.5806089972168476 -2.9886125209771857 0.7147521785048058 15
4.425040145243291 -0.33108334345237567 1.432134190041788 0.3142375290879733 15
-3.5135291299750633 -3.405613409698857 4.0181099650830046 -0.6110748952680074 15
2.218244464113199 0.7087293402347233 1.3572118554722632 3.3290839412675295 15
-2.548714595031388 0.4283630864749671 -2.394259475585471 0.37770465142011345 15
0.2682349084986292 3.2199870021370876 4.357648340932567 2.352005139655648 15
-4.0223138011853115 -3.4825378176946256 1.85832486114817 -0.9758473270873309 15
-0.5165901367827771 -3.2452461606945526 3.1609885346876796 3.061541411139427 15
4.39868199489388 -2.715726827228166 -0.558141818505007 0.6356498790646529 15
1.0766969050852908 -0.5070871439472854 1.6129671127213823 2.59956068740473 15
2.535069213923788 -4.026333883483785 -0.490161484039526 -1.5147669126754715 15
-1.5804444238489792 -0.2720464553240859 -3.2408988860511125 1.9951579918120093 15
-3.4772946777406664 1.27059578487308 2.224155122892231 -2.766268799543219 15
0.30793191010182164 2.9412774931464556 3.2151948123674337 -3.033559427744776 15
-0.5194345006896286 -1.8448127721713459 2.942807723523443 -3.3393004757498117 15
-1.6569706978358218 -2.3791497289360275 1.2794499128808798 0.17760812968293926 16
3.896867437019193 2.688413614225836 -3.2957044404591267 1.9376211888128592 16
-1.4088754997624515 -0.4514951233124245 2.404847563020687 3.517065381281101 16
-3.59001001461015 0.8044168001718077 -0.06920030573086933 0.16169478499321477 16
2.0601582761788286 -2.44842484545609 1.3908153219972288 3.6614624792273878 16
-0.5218619836465066 1.5736284094086517 -1.0654231259988802 1.609480299656477 16
-0.5162083746477267 0.4549089673333774 0.8348293186607155 -2.8739797064501156 16
-2.7463566915850635 2.6549836292685938 1.6751196114164526 3.173195305083832 16
-3.5134860021519123 -0.263567536417585 -0.2629549646802729 4.056026184618035 16
-1.8799549339818948 -3.551491222705409 0.45396973891534254 3.4468051447591552 16
3.199886819074396 -2.69823290587044 2.3299806947133463 -0.7916229836589141 16
-0.2765899538797848 1.0148303414984412 -1.7402231659276848 -0.9344172806594977 16
-2.073490145858779 -0.1830272592348522 -1.4002449535453314 -4.077496599242935 16
0.2742196898613761 -0.49664815525033823 -4.305351525008201 -0.8972859461206218 16
-1.2315721177828078 -2.1958072519748333 -2.808802160052909 3.1506535745774102 16
3.6555604033802984 0.08532092032185412 4.1732380608638415 -1.9147834580789564 16
1.8120774796830208 0.3061312699052021 1.943008126875186 -1.2016151971513176 16
-1.9254394657045673 -0.19219744883871892 3.2692975230710113 -0.5125159408458095 16
2.9089250157689026 3.383936415297619 3.957044332693377 1.4301393081336933 16
3.9671587040626433 -2.5567542647136765 -3.5377878925066684 -3.3559643156027175 16
-1.3930602087224249 -3.4294685300010626 -0.8076355882340817 0.6729906380267519 17
4.39429717551654 1.1791027349271634 0.19380053477849013 3.2638751814615032 17
1.8438737148499509 -0.6233584026441874 -4.453804467895632 -3.4170024419141094 17
-2.3080433552987873 -1.014937933452753 -1.6088132950486491 3.149173307272389 17
-1.9018048350237993 0.29163612680217565 -4.464099626906444 0.30008008002393194 17
2.8459882871404343 2.986052246679877 -4.491883654291911 0.3653814075213281 17
-1.9240181248449535 -2.9017613343761726 -0.18617140714361724 -3.3180515122587577 17
2.0081330117225007 -0.7467613077225074 0.7605476168557506 1.0812212162941033 17
-2.8624358004262427 0.9391224356625849 -0.4255061975585981 2.6796470385336537 17
-3.4871807852303265 -3.6403415500803575 -3.959525664215836 -1.5599777903092127 17
-4.391539218352296 -2.636220134758388 -0.17801963263516363 -1.5358447315324963 17
-0.18892571131505054 -3.0392135998451733 -3.4114581229861076 -3.4682790277609095 17
-3.881812004069529 -0.06739664191148564 2.464716457208171 -2.096233746571193 17
3.6283090621155796 -4.396491947704103 1.4708798646485945 3.1199910189762003 17
-2.4472962625054917 3.611881009858458 -1.8735820195196735 -2.8192214594641185 17
1.2081489825952607 2.9742574607224643 0.6597427275116661 2.708112795052162 17
3.6837852169162177 -2.5312787568201873 -1.3326386679573323 3.040730388029288 17
2.1558116271583208 -2.1508521371678304 4.322591988722495 1.3853151917689075 17
3.9458792372413787 4.114345686026524 3.546143582670718 -3.6743982465038716 17
-3.058088415076285 2.810286747364229 -1.089659849378258 3.292532266698787 17
-4.0758329049386814 0.8946007011464333 2.0680590665854295 -3.618805625787719 18
-0.1626399608304887 0.8962129054135827 -2.4121049261435887 -1.5149400606471928 18
2.3392673392356476 3.3302319918371746 1.1391770437800153 2.227384926007213 18
0.027192698500435375 -3.837051025866702 -0.1568246096970063 -4.256262051427776 18
3.7238758772130605 -3.9529635434590933 3.3528310570470463 3.881844272384953 18
2.6502414884585708 -3.408850856754946 -1.2507499705496175 2.7891086629772732 18
3.623687283410871 1.2099415200957782 0.19825594172520067 -0.2111707331317768 18
-1.7084254607998615 3.2863003999025793 3.907786065978093 -4.427217075729383 18
-2.8764848193725276 -2.5598858659436794 -0.7383930825171338 -2.3789470932250705 18
-1.5669823522316904 -0.7754845387300932 -0.2859919936720535 -0.2849372129958947 18
-2.531954147372476 3.7773934875705235 -2.7654350470268376 0.6908350638739615 18
-0.5362897404476745 4.0664335322729634 -0.9861136128233838 3.9232385731049444 18
-2.2207415422990127 -0.2830260053276068 3.9250343869125874 -1.059368525908213 18
2.7144160279572973 4.404016661098565 2.2988180674481486 1.1025109616956137 18
-0.45232074024804647 -0.26991369754709715 -1.1531825291209654 -2.136320831515584 18
3.9660206207824427 -0.6101731324806564 3.8037255828880827 -2.7971225265483706 18
-0.5359969174359842 4.078334850984236 2.6077624607548286 2.288131779997832 18
-0.028008021432052166 -3.3639061659536837 -2.625942378599546 -1.1435405364321194 18
3.9731083817683497 0.013282121520461376 -0.47660359056923174 0.0004592124513317364 18
-1.2536433576851633 3.6062816118719185 0.9023721330353976 -1.3502442172626128 18
-4.345733140395218 4.028624709245058 0.8848465433196315 -0.5597818769314954 19
-3.712441996355885 -3.8205026031388134 4.052095588557403 1.7301282143201586 19
3.9803336337730513 -0.19830590034899354 0.1890556621981868 0.5675688159831327 19
-2.882648615678099 4.3403819796192185 -3.520351478725914 -2.0204420310032893 19
-1.4830551674531929 3.972054113522556 1.8521961845376866 4.361664468833654 19
-0.3645792294175775 -1.188600174123073 -1.7739396437248502 4.416854070002566 19
0.660021831340021 3.694697020838326 -1.330032095614615 -0.4155874417916626 19
4.320775648561793 1.7615425292756004 4.26971627190105 2.9348946094796973 19
-1.1852481229256822 3.2723476259672046 0.24518360720923482 4.343641963408555 19
3.8188749249110643 0.38630617509456944 4.3811780626344 -3.091353575874176 19
1.9039572433397702 3.343490126366198 2.5836640894953797 -2.0591396437553966 19
1.660331971372866 1.3538909702720203 -1.7695822912367314 -0.6099911989512357 19
-1.0735454555026593 0.90368594545653 -0.2068272789286728 -3.281439641079574 19
-2.311359575097749 -3.4210741767906274 2.3750278152656623 -4.20401754532357 19
-2.173207996861086 -0.48386497320119326 4.14845026156614 -2.0969255686150525 19
-1.3989239861271634 1.8177960657211136 1.8588385185967553 0.2960277704975003 19
-1.0572498014750784 0.043754445795174846 3.051341512887893 -2.6642898629033174 19
-1.882297988510854 -3.698764271563393 -4.226772363217541 -2.9130124049131685 19
1.9511586167370853 -2.4830061469300335 1.6270403992939435 2.8212250449568463 19
-0.31102726925372415 0.8456045781372274 -3.0681740455733078 0.6885956947595676 19
1.5536015269079693 -0.7673122422558878 -4.016207407609916 2.9442985867342997 20
-1.9880992922049983 3.5350037945622943 -3.6896576103846184 -2.91719931337233 20
1.298468829668015 -2.2677468082273493 1.3541276070263062 -0.271525467997485 20
2.4128436039568038 0.3312812253690792 -2.029940673105984 3.9850205799025478 20
-0.7220793587045345 -3.6234819066605035 0.5461251792849395 -3.0550558218831267 20
-2.500546705024919 -3.551179875555124 -0.6989982609898391 1.8686357934512015 20
1.7750645548614161 2.2286775380798085 -0.38339951799370786 -3.5479350424437395 20
-0.5782792860587683 -4.011349596433986 -2.938073423284427 -2.2534789866027687 20
-2.970571188428166 4.004152125735653 0.4185506864627898 1.2182785423720492 20
3.5272401996101816 -0.9156590768483154 -0.2137373352638876 -2.590314753694801 20
-3.2270786632778523 -0.5087471638207082 -1.40870858716155 3.3372889465426563 20
-0.5982931877499886 -4.324151311457029 -2.320322238474286 1.4425014923038062 20
1.9709246175916473 1.4169417638532624 -1.0416913649645103 4.129155338596359 20
0.7792603694283531 2.762484236123201 -4.426619049833046 -1.6638786703701929 20
2.8873588435275748 -2.5726778791191935 2.325721855511575 -4.247829198080271 20
-3.8676809384703468 -1.1810174241529177 -1.0351714132116716 4.0841982899924005 20
3.431652232036702 2.4796910856770245 1.5764043864930604 -3.502020266042073 20
-2.201676278345374 2.1010677563791234 -3.661964242832019 3.9791119641499426 20
0.5999712470765497 -2.011548347146174 3.796345289221599 -2.974078124933065 20
1.9858259118747636 -1.9480800270737868 3.2968210950215466 2.233951011849523 20
-1.4258731201267967 -2.678180008635008 -0.9157547479288681 -2.3096706700376566 21
0.5207490793469145 -0.4649072355995606 -3.274653249137478 -2.7394333768498336 21
1.1907982785056703 -4.405390314349597 0.17327584211058933 -4.286247504081702 21
-0.8483916013296413 -4.162037199199305 1.189914076422748 0.9285835033721995 21
-1.7545227483208503 -3.72360205242789 1.2580400608061515 2.8965132454201443 21
0.40985532024658844 3.7840190454138996 -3.9780850570955875 4.187091712758114 21
3.1891921680774145 -0.07869305418577421 -0.05265632002541021 -0.24261018680622215 21
-1.4023344006024399 -4.480118640478438 -3.0196633555879058 1.4281775399133125 21
1.3014931329747608 -1.60175095317196 3.3466674495624322 -3.8106289247382605 21
-0.9809823398180381 1.099667216211868 -1.7101981553915089 2.447897134836933 21
-2.839461618877287 0.5501852744773761 -4.152165598723162 0.7200484826368129 21
-0.4523495012172847 -1.1110793849702156 -2.505113119715134 0.3254448871759107 21
3.039964321954069 2.0798584363718513 -3.2520500331394393 -1.3224461117010098 21
-3.0767445376425373 3.7046527582789346 -1.2818529491788815 -0.877042274979552 21
-4.482684517803887 -2.3113577117454436 4.255855404469092 -3.2849062646402127 21
-3.266363757988477 -1.4276421776107329 -2.045496880183828 1.573409160819227 21
-3.1680976314636244 -1.9694388375117517 -1.296353966059797 3.7964620725706255 21
-0.8959121454711377 -0.2395263910650166 -1.1417766988826445 4.17852879761568 21
-2.0713606305373853 -3.888196550757806 -2.819082539518071 -0.291832206251335 21
0.3650306692835309 1.2004617211585464 0.24559458748738716 0.6636505163233782 21
1.4035254006795626 -4.24189122854931 -0.9075405902884494 0.3485379322981764 22
-3.5472361417604765 1.514371541924446 -2.36072435850003 -2.220385716662744 22
-3.576869639898801 -3.9006840484542344 -3.8193590005264606 0.36836654704977245 22
-0.43481973461779466 -1.2173267315662297 -0.10045216488763475 4.210994679415119 22
1.5600862454704914 -4.13719793565881 2.5752140383900985 1.7439522524859419 22
-2.472193976522673 -1.933332115586273 -1.935772431723911 -2.4863680214266264 22
-1.5725869892944528 -4.428594563975494 1.7148764767143603 -2.505654742981454 22
0.4579457641655673 -4.3829823801701515 -3.830419043515752 -1.5067074587321434 22
-1.7949290531091275 3.688434864420894 0.4579872592951847 -2.698202246282151 22
-3.0762428387568805 1.2452574381620956 -3.4939134185330625 3.285226281955998 22
-0.39114077882031173 3.824424530019731 -0.3737697383093864 -4.461738119051231 22
-0.5337483812614673 -2.676145447766559 -2.268562444168677 -4.093665950262432 22
4.460913335743492 2.015491112098531 -2.206825056086766 -0.6776053760957792 22
-3.3329686677361523 0.25385879414812906 -3.207349910026679 3.932793447316924 22
-1.743712083124838 3.4371973187629545 -0.3378568036951154 3.2416067620193116 22
-3.051409773489676 1.2950424068038822 2.9131452237946087 -3.4495377487156387 22
4.1182351393791246 3.6794589552517474 -3.681781977766234 0.5646867485693576 22
3.6044241776884314 1.4722997545649918 -4.221417857357736 2.607049970727038 22
-1.772583947153545 -3.8258712987490346 -1.537471796933783 1.9700029791331424 22
-2.95329292244599 3.5423414363571544 -2.769762966125035 -1.6234845674849046 22
1.8711844855878355 -3.5607699789410345 1.3030900507593823 -2.4667664549016854 23
4.248301299538 0.08903220112743904 -2.6474133873085903 -1.3402753629866002 23
-2.9537550447580014 -0.18356189194968842 -4.428644557922893 1.833465519418917 23
-0.9073600442322369 -2.5750803649100478 -3.479761951969621 -2.39881248114348 23
1.1964328329922091 0.23484480445324596 -3.94560481919402 -0.49307670416886784 23
-2.032942606160892 2.724950325734164 -2.046704414002253 0.13312252315784745 23
0.34928143601664663 -1.445080113653611 1.5712514437661285 -2.7502119506216407 23
-3.0796804199877035 -0.004883104380091985 -1.5125633171550676 0.571782089391063 23
-3.114329486449253 3.74017617605792 -2.328778711860978 3.735127508334428 23
-0.045709101857748125 3.714577292467747 -4.149795869280126 -3.152343485012601 23
-1.6211165581999807 -0.3577051204589141 -1.8508148926180075 1.6294279711094277 23
0.1922897971668005 3.5850956823883404 -3.687449710374435 3.474501067128465 23
-3.357463893048207 -0.9123793570356952 3.6419397689219264 1.327215792341561 23
-3.740668938864208 3.7290344641137367 -1.0436016645602169 -1.9956563716534523 23
2.8490028431820873 -0.8949340013921842 -1.4071101391455387 3.4175096688096387 23
1.519557618288373 0.38734866774209564 0.27608480374701827 3.8554036709510386 23
1.0060590140984327 3.169650386623156 -0.0037220348790036883 -2.60604419280239 23
4.37830758711527 -3.7719919039271588 -3.6408033293817867 1.5526791765401886 23
0.6110096275063601 3.6292947435429936 -1.855954851270457 1.2038105348429036 23
-0.931315847411547 -2.208361407924675 3.8774867573568756 -4.343484065541566 23
-3.319364730347034 1.1269842474385798 -4.010724111885798 -1.4872582542741704 24
-2.600813614807076 -1.0949699087922897 -1.7284174323323969 -1.016419208460596 24
-0.8887609824072407 1.1200259732714857 -0.4995775627718182 -0.8016654970399553 24
4.097386130518216 4.397151256112673 -3.6394065831102127 -1.5017821829310523 24
-1.8095929473378174 -2.1193596347705705 -3.4167684850347815 -2.628635950245292 24
1.9823215484808254 1.7063954353447293 0.8503851888143886 -4.055349468099268 24
-2.0577965488909142 4.013794300850498 -1.8960956414061867 0.8823359229360556 24
2.712376704642958 -2.7123654213047996 -2.1020609154502914 0.18575397987913111 24
-0.03104211882594421 -3.6693398873125913 -0.5155355245547217 1.0537299218938343 24
0.22455340114630085 0.6247029886230339 3.0980027245822686 -1.9595546034648499 24
-2.867980330629152 -3.828798818275123 3.446186103512404 1.3177986613402441 24
-2.8792806787155945 -0.10975575501420476 -0.8017294882769985 2.6952885591695965 24
-3.9965990334501105 -2.933673032047067 -0.5973996392779666 1.5314554552035986 24
-2.7530103508309343 -0.63806535176698 3.363766352797571 -1.598786400975659 24
0.32593987785541956 -1.1923541247816907 -0.2618062251515957 -0.8864466941098413 24
1.3085451982169203 3.8884554047096302 -3.4555189407272904 -3.562382767242976 24
-2.403695658954012 4.410182541975288 -3.5603424626651368 3.367523056254068 24
-1.4969540731874469 0.8865420460448661 3.5599252009432214 -1.4409445134555467 24
-1.2697187971311663 1.6235233542356249 3.4605731889821536 3.9640052279949165 24
3.178798308555658 2.6355827529307194 2.336249837520439 -2.3750497284297154 24
