500 20
3.331117229644907 0.7404923580530378 -3.8362514911341252 4.0618550726682745 0
-1.9904495336903785 -2.826798911188387 1.2277687660224696 1.2471369756135444 0
-0.8000988486739813 -3.4436200757875604 2.896241102694055 -2.3115988133577945 0
1.6647186993672152 -0.5615004630631463 -0.7361826915471399 2.6293844080538404 0
0.5060639265477319 -1.1962771054260848 -2.2795728668844406 1.6120125789229913 0
-0.8787084406721744 -3.482633693750433 3.3379973810339645 2.2816904712791626 0
-0.4767223835925959 0.7690060485993213 -1.8595550264045597 3.841989962738475 0
-3.0421340653955555 0.1864690924741521 1.2064171741538567 4.483802779889793 0
-1.5655398647595704 1.7926761414999692 1.9900655878497595 -1.9653916491085988 0
-1.2024490597534472 3.0273705743944967 -4.384095408367438 -0.13401833648578132 0
-0.16791351077234373 0.14852068192674883 2.3198807010332447 -0.9391038564527703 0
-1.0525668464756786 4.477868062898227 -2.9482160675991986 1.1640976026050898 0
0.12820039426601038 0.5314794689562367 0.7028162862547657 -0.5631821561165667 0
-4.189952087022856 1.9793702373060116 -1.5863614226152616 4.28376828065835 0
-0.7109680715348189 -0.5675838723697602 3.3542613313971086 1.6219724805690365 0
-1.9646932158991743 3.6024690425104158 0.35605556152500695 1.1798710724836328 0
1.5265105029648183 -0.3953812456033048 -0.5270684293450566 3.960388296936512 0
-1.8917608970498756 0.2323706711824971 -3.909686365990773 -0.31509986771551557 0
0.5331785535140557 2.2075544860243754 -1.9808397049505864 -2.5613660170300845 0
2.9551162821597305 2.9132500673254427 2.9736007813268066 3.609785347237554 0
-3.805737121087272 1.303758633247225 4.293309395352962 2.097116315203111 1
-1.7166817292710757 0.2182834428874023 -4.151242715667408 2.997689965575746 1
4.122831037807276 3.448808602956488 -3.708887603807087 -3.9595208670084556 1
-1.8411129887787907 0.11138389615511579 3.2149175821170184 -3.2573707791230118 1
-3.701678240841455 1.27545057979047 -2.742700964475165 2.5710785970719305 1
-3.3082150165954323 2.398372331218507 2.0615367863791327 0.5616052431060724 1
-3.809319838184549 -1.5206055957216578 -3.2173250456141615 4.10449040625225 1
1.6186642846485966 0.08291771514642332 3.632370660526357 -0.6286787665219422 1
1.3963152622192772 0.9190832203121468 4.232916586502489 3.114328416643146 1
1.9714910179379979 -0.7630268812351594 -2.016070944090241 4.104353369454131 1
-0.9311253372120551 2.926250674723554 -3.6453579927501933 3.3660352323427585 1
1.9129657829292297 -3.618565630679088 -4.050844715974697 3.167003369413005 1
3.079388327137934 -0.5326102107936086 2.971519141339583 3.4181529379353837 1
-1.134096801588767 3.723082377432809 -2.7520996174699053 2.598902441822259 1
0.43000215083201776 -2.2325646342545578 3.3521847660266237 -4.473566631075421 1
-4.252734527630579 -2.6436843034763373 2.7278637017086 2.819641340751347 1
0.8179682532977981 -3.0271362478925234 -0.6081720971003408 -4.469877731717892 1
3.032353475288719 2.47682854018382 -1.9927155186840628 -2.155916859818776 1
-2.9786268924192925 2.40294896355253 3.1804549700243965 1.6076935891606334 1
-1.481707358385984 -0.24841840691249784 -1.777745586371437 -2.716199208681306 1
-2.564420660339686 3.708845994134019 3.885969273253809 1.707862176031853 2
2.3328688629756824 1.5890522190531966 -1.570744012982368 3.8416253380164282 2
-4.307613467704085 1.4478689420446915 3.596209209799961 0.3497936987013036 2
-3.650043686626935 2.9804631280735765 -0.7635300084644152 0.24828977910398742 2
-3.4852586183999894 0.6014664842398935 1.8002845398371767 3.5373256249920875 2
-2.9283652189959612 2.615459661477768 -3.918368978624293 -4.441477185950767 2
-4.196854810973439 2.6637406412327778 2.3909850364359317 4.269163624468726 2
1.704935456103959 -0.07338902678682413 4.041964049968052 2.331765257503909 2
-3.7030160726945547 3.937952363064602 -2.990760280167704 -1.179716975530364 2
-3.740739963430078 -0.2754569700817048 0.9908561759313168 3.7367000051454013 2
2.750513836068812 -3.7291819221848312 -0.16236883683602443 -4.3528993668991225 2
-2.3005843557808054 3.5352502776998236 2.272290840881137 -2.2851385484782556 2
-0.19250027402702619 -2.786393913678455 -3.080141039989363 1.4009441019044884 2
-2.2226019039096303 2.3610532292247655 -1.1302148947437436 -0.02914859735937847 2
4.126862149687824 2.3608577100032906 -1.1461512404861285 2.5300875131469778 2
-1.6199358619059008 2.6242326499103217 3.020039540534736 1.2345130315167867 2
-0.09431056513456548 -1.83284383950454 0.06353493453063264 1.7277601560204854 2
0.9176508690054761 -2.502442106447996 4.157749621583552 -1.4746777417613997 2
-1.025346411680627 -4.440621022188058 1.1542342528646512 3.300459925706333 2
-1.2764282616526597 -2.729571008794702 -0.3529963330818613 2.823825394352595 2
-0.813404077582145 -3.5139452189897793 -0.4921533350752407 -3.2556963645264267 3
-3.7286718896594575 2.228359533580667 -3.7416340353624262 -0.4311266967808055 3
-2.852911384584477 -4.364213481853504 3.785098874973493 -2.000929156056603 3
3.7237606849850864 3.8334648390842943 2.2609399985551706 1.395580848382798 3
0.7458333938420694 -1.6864240522729461 -3.0826286097528697 -3.148496657546852 3
4.484408112107909 -3.149873542585336 2.016629128186622 -3.673304257424254 3
4.450333250617491 -3.3753240883728193 0.2473680884399676 0.5393842421152935 3
-1.3405082273593338 0.27952492206998525 1.6784212449965894 -1.2125943261708898 3
-1.587567253285383 2.7577563099621027 -0.2845515928775755 4.024920788926133 3
4.142873336677139 0.35526987875349647 2.8842065139359696 -0.16363765857894386 3
-0.006072502868924912 2.710115164245321 3.974258081360406 -4.24377430353914 3
2.6738905674597855 -3.4212034173240258 -2.0430300718133054 -0.9171985704825691 3
-2.2861272906029333 1.1410477944267872 -3.879655731857717 2.497394641585216 3
-1.1047476855973737 -3.9288831666050985 0.04115134026441525 0.02197898871327375 3
-1.1412123238693912 -3.8329573299686897 4.438226748338346 -1.8792997570336145 3
-4.100022116393428 -1.8628930697878188 -2.6370535945712286 1.6713773631993665 3
2.290882690664688 4.079226792651746 3.4512694120907756 -2.0459262723395937 3
0.7987367045264319 4.3914624036035 -1.9603874467051396 -4.134722582645796 3
-2.717329519181351 -4.113280960361044 2.118893740888633 1.274852624816314 3
-1.0466621850700184 2.5284728566385084 -0.23086166182047585 0.10675410674407271 3
2.3680569895595482 3.278177758001636 2.5628164778483216 0.31899330871398923 4
0.33515913558116894 0.24009026155558333 -1.7856303218886342 -4.436936497936805 4
2.8436127312344803 -3.337909753830668 1.5481549728496824 -0.48151490319655277 4
1.9825158210511105 -3.898518016896693 -4.494060889395892 1.0617252154876837 4
-4.361931848442599 0.4158363145499393 -0.2785962624645705 -0.9762603807011844 4
-3.6702998223037695 -2.9546605847885035 1.5555864787836615 -2.224701515921925 4
-1.4975644547991682 -3.4495274867325305 4.104672255031 -1.968181277500325 4
0.5632803318552934 -0.8016177069532083 -3.121968106450405 2.4057844183370665 4
-1.9274247708279448 -0.9166751559196963 3.166219396385247 2.734120160054422 4
-0.6550880131411226 3.472430685138188 -1.2033882034613521 0.047933769636194445 4
-0.5665379102322137 1.0535427905911996 -0.6995416519762733 4.1773082109162285 4
-4.002106787957465 3.856893992238906 -1.8410143601861195 -0.8001572630614724 4
2.3153344171517958 4.282926472323462 -1.663593257258574 1.1227903578202238 4
-2.2350703622160584 4.2133443402117035 3.4011309493695494 1.6279217870293707 4
-3.2402813205408125 1.906318991935253 1.7271167775095484 -4.399761006245899 4
-3.8774105855972865 0.9453521637064481 -1.28030107959965 -1.809501416382687 4
-3.9642759955494893 -1.234015915580658 0.2591878611488482 1.611500228461836 4
-2.1737383688819842 -4.2648571398540955 0.3956929061502418 3.1557630259578797 4
2.0932176768849837 -0.4368730636015178 1.8408051890520951 1.626731624974897 4
3.2687101384805093 0.269315622035347 -3.942616124031747 2.5640977563470218 4
3.140692562703616 -1.6250795542940657 1.159955996549543 2.1732804112390878 5
-1.6236156262191708 -2.157098897587831 -0.9104436204407385 -2.4452717921822797 5
-0.6751050252844758 3.5313064497953315 -2.2287983939506946 -1.534869067100022 5
-0.1826443466869918 -1.3628578108721197 -1.8711039545443326 4.257223000690368 5
1.639379511915001 -3.041901399002498 -0.9569036179165092 -1.38968430958036 5
4.039523490818063 -0.26107408528353615 -2.1743753680817735 -0.6567554560838237 5
2.877629840247247 -3.8623006234100936 1.0328899192845458 0.8783366469174522 5
-3.5422773899776097 0.0692821415413265 0.33736913285123715 2.381020079322793 5
-0.6152508923465785 -0.9586689455587142 -2.6881627356463333 -0.6681122415277628 5
-0.3252985459535096 -0.10676207680721017 -3.6079426705743947 2.254715891328596 5
-1.6437191072592725 0.33317743067848493 -0.2022894541904947 4.41487547183484 5
2.342718921938156 3.2952683389323307 0.41164749644237375 -0.12949599303715154 5
2.6885414834007815 -4.246673423437862 2.793647545332998 -2.414735381275802 5
0.23123223945758242 1.5354027990304522 1.399145039858333 1.26641646533554 5
-1.123066433936325 -3.8231686312770865 -4.483171087597786 -2.0513886876138283 5
1.5215805462043699 0.8129731024995615 1.1924213771194205 1.3207220765925751 5
2.111670152055801 -1.19748526196872 -0.6907221785618965 -2.8484473099445613 5
-4.432228601895229 -1.8962966163294661 -3.2539645609244268 -2.03715810594345 5
-0.878754988625677 1.1603466130461504 2.016612038505647 1.3505089905601009 5
-0.44547664417553245 -0.4171412264476434 -3.180164000940093 -0.7595675121123951 5
-4.319103765686021 4.162612720228887 -2.524237359540623 -2.6037213234415884 6
1.6774321895226803 -0.34455420669779513 -1.374313420233403 -3.8892049123228007 6
-2.1899428079310868 -0.7078898573212754 -4.020502175481644 1.8001993641284026 6
-0.7272826546003379 0.4626573396182745 0.7112687585762366 -0.14066448933832332 6
1.422431564425966 -1.9949025652570591 -3.522748260255729 0.35172822326612807 6
-2.2795387572720633 1.3332926323830163 -3.1227628326142303 -3.8360748631399826 6
-4.201102156219309 3.420824599566214 -3.9569245667024537 4.462261668425508 6
-0.886847975263657 2.899951125892163 3.1766587194914155 0.5288062914724291 6
2.150501709101288 2.2390746567707485 3.3072004241064703 -0.1928530712782731 6
-3.9526817947346187 4.188283833811474 -0.053705166342754684 -2.545688182571418 6
1.3287906615803486 1.6098922253652532 -2.1777423891999192 2.6557534363965187 6
-1.3009045275754798 -3.016551537336512 -4.2312157278602545 3.419700880796488 6
-4.132584238661955 0.42169243642109666 0.7929499808538483 3.4792119066429965 6
4.464684256779215 0.11572726835914926 -3.6568249695867987 -4.141823587003619 6
1.3195290236791464 0.6859015682238129 2.9155902844388732 -1.6217857985347754 6
3.9775901277016263 0.7443302513348131 3.727444397937557 1.4568953485541616 6
-0.1426195924315241 -0.8277473740253334 1.7271750983685465 -0.47621355578418334 6
-3.2742469280482913 -3.073078011889813 1.5800025311217283 -0.27505239904380197 6
2.968472155917821 -2.9031427921252213 3.8451845811811363 2.7090344503956 6
-2.3109532361951146 -2.6476633651277455 3.5787377485318697 4.142003217972191 6
2.6987743084356546 -0.31969839029319724 -0.27499467092561825 -4.3229981454542115 7
-4.307131872541577 -2.033706970712931 3.098780893393888 -1.6787953780557108 7
-3.3512522337455577 0.8780907130330977 3.928398617102487 1.121037610497713 7
-0.7217284219058686 -2.1164532343523863 1.4971445716207898 1.4304549476725703 7
-3.085039485841324 -0.7067942369986869 -3.3385885451144253 -1.7303507872650021 7
3.34198310870579 -0.4634076374248498 0.1746143950087048 -0.036482082362059964 7
2.398118050169459 0.9495841955012623 -0.013468484611831366 -3.18914361039962 7
2.335563381511122 -0.4248497017651657 1.404126360377091 0.09490999895591445 7
1.9479369613856106 2.3243284741916326 -0.10190517403295019 -0.20041765363135067 7
-2.8686242804951583 -1.7481790116004197 2.548767659232797 4.170465129391648 7
0.03997695490993203 -4.310786738823419 -2.627528533741162 4.159467538388616 7
-0.4193987916782991 -0.47308298644445645 -1.1325752983770996 1.889623431637817 7
1.4419330460401252 -3.055712192936603 -0.8752763435492735 -1.4855353440099592 7
2.766848224248207 -0.22091237832038402 1.2060467418939855 0.7714136784574973 7
-1.7696296420444673 -1.7585839282801063 2.2866099898430425 -2.2086482460477823 7
0.5565351794176416 4.0734444386868205 -3.799894892908884 1.7233034025085177 7
0.3856209599188517 2.1284482171157157 1.4654293402112983 0.6977093212139022 7
2.183744526425819 4.285079573654457 -0.8035581213722421 3.032891396690829 7
-1.1768771436190533 3.919385111605441 1.7406120568924246 -3.4156134233925597 7
0.7761248459264737 3.8390885530893315 0.8248053240233939 -0.2793297300618286 7
3.7519957364537686 -2.3149310723605403 -2.3235079716693066 -3.8236118542573188 8
-3.502848241300546 -2.4372080591815504 -1.3075578765087572 1.3681021187781157 8
2.3513820298963846 0.5175616727688028 -2.1972227022352744 3.8313049414380314 8
2.4749262102604526 1.1019277067402116 -2.303117105046931 0.9729571018930228 8
-4.006486109162663 -4.154309579554522 -4.474806551180722 3.619178040060664 8
3.6672327744205053 3.3991097183207613 -3.5643543333607335 -4.12608791655366 8
2.1098606222680423 4.114805804395013 0.7376950161690667 2.9677598444973814 8
-3.7659681327438648 0.38885665762854993 4.491253787656503 -3.7451502093432714 8
-2.562491056566854 1.6858378389146456 4.380342846034266 1.0996253812406498 8
0.29303111017150396 -3.284571365383435 0.7826053629071634 3.8755309812157424 8
-0.28123807775001375 -0.8526154864759536 1.766669162809656 -2.245528731822191 8
1.4277364351545891 -0.42240950045551373 -1.4113078561397698 2.838482964781311 8
2.7606258250156808 4.4334615727407165 -1.6684125621830534 -1.6607335640880052 8
-3.660500400598883 2.9441968519159403 -4.203307550034226 3.80582548314724 8
-1.2070132249916314 3.819184482800688 -2.2154112303406897 -2.694754982694259 8
1.0462744165620939 -0.8261697789677462 -2.971713139868071 -4.123206044411532 8
-1.7518324280903006 -0.3738196738695303 -1.2458999789195984 -0.9050180372799652 8
0.4421065110590485 1.4457632893583519 -3.8197283633362145 4.4630335673205614 8
3.108231840696462 0.513626467281375 -3.2634167220546604 2.880644175531695 8
3.5610773171460153 0.41561267348908604 -4.458811264712554 4.2771766858669515 8
2.8724279516511664 0.34368641347592366 -0.6624813279953512 -1.8906870249738676 9
0.0971081986392871 2.7553925398430263 2.758406311989661 0.2004861149099858 9
-1.0303667166196568 -3.0278026492379078 3.0705652846487466 -1.3001380781993368 9
-0.5130744830866738 0.6840766033534931 1.3873937856796401 -0.5900997782561307 9
-3.655230094947803 1.5651991656374222 -2.4348374845427663 -3.0816434461257236 9
-3.153327812793325 -3.1138980060093093 -3.8376370891975973 -3.386711265618415 9
0.3667719639780129 4.390531763042518 1.1368745298708283 -2.979091162317931 9
-0.5282312472166313 2.7972399823812717 3.398243394915665 4.1090186518305725 9
-2.1347547891952856 -2.1493521872104138 3.272945013449628 -3.001344823224036 9
4.00392594805131 -2.9839879654732115 0.006744645383238268 -0.9039730118023473 9
-1.414600716208777 0.0156816292001416 1.0790684501092431 2.0797838109215063 9
3.3382081064568645 1.1299343504792083 3.9022269548643793 -3.420728501584805 9
0.4278916815878674 -1.8839747908547801 -3.600694925212173 3.995912093312117 9
1.0527964951979651 2.214285502641907 -2.673953413010261 2.2480866544737226 9
3.8803386687378465 -2.4821432673364385 -0.06997483410603123 1.151425165746227 9
-3.770279930693781 -2.8428316989838733 0.6780179488374536 -1.7011919408847367 9
-3.253599981772936 -0.18270174183644894 -0.98103700994945 -1.9055783923827674 9
0.10200341672687918 4.055552824835823 -1.7296269258128774 -0.16440505830274155 9
2.6626609757857067 2.719087474230964 -3.962022476406184 -3.389379477048318 9
-2.3855372147260994 -3.8947052672648814 0.735154195389211 2.2345154732478116 9
-4.216539080224726 0.6969585994656831 -1.7200025443577185 2.034023845393856 10
-3.0595417961255578 4.219754902613556 -0.8333842659896056 -0.41321066623049496 10
-3.3293501128433634 0.09895191254238123 1.8712139108546517 -4.1611180544992115 10
3.64021359325805 3.626763799763783 1.2979914173601164 2.151984870218155 10
2.387851829585279 1.600441122209013 0.7041448728655647 -4.222249287628612 10
-3.5435349555720177 -0.9482606523803889 -2.315086846312137 2.052166306866319 10
-3.629407809049232 1.0406532349136728 -0.4564841497600405 2.3210252189947003 10
3.6153045020397854 0.9377459439304451 1.472007923391323 3.92328568303549 10
-0.8304400915262753 -0.20224616028640696 2.8861684944470385 1.78591048734684 10
0.6280670800367117 2.884721229495577 4.279550027297424 -2.520104507998762 10
-2.5865454460772628 -1.315087780602036 -3.4667043597246856 1.3609198144855719 10
2.6881007179555243 -0.5765979865278454 1.4776753977045936 1.0991263568028564 10
0.4514634184087011 -3.0638878131898744 -3.8425934141887326 -1.0739201751524616 10
-3.947439671837574 -2.2758239045304505 -0.6846676088322272 3.1430226879724006 10
-0.07242610422988638 3.9244003486967953 2.1319971803809232 -2.4897677143156782 10
0.6186759177696806 -0.2845661795704211 1.915122285341833 1.3532538257406097 10
4.23754947840636 4.288027414414859 -1.5634042027313992 -1.6301946114506076 10
0.2522087487255006 3.2866616363262304 -2.619760302937693 1.310668042063978 10
3.3288772261557424 2.6695367690034675 0.6018090650599314 -0.1328146744228026 10
2.7476953011488927 -1.3511953596954553 3.5980977112655768 3.041837175954252 10
-0.2274848804941243 2.6110529401963296 -1.1486033956892374 1.495218343377742 11
4.258152979176425 -0.13665586921290862 4.3765568665357595 -0.27977533430945445 11
0.15342920952779027 -4.175409796680098 -3.3955330988895573 -3.940558594250751 11
-2.403401699662954 4.399415538688827 0.4961526724459725 -1.469337558668229 11
-0.8817040855974732 0.2570255564200552 0.3155388327824652 -2.4318067864849517 11
3.213420346441688 -2.5689122514527583 2.306883825826104 -0.024362227242833878 11
-3.605180063472848 3.270699917145107 2.383811603703043 3.0853605751456143 11
-0.6914756103345345 -1.890507803185175 4.418139183978103 0.4646690129588408 11
0.021631781710826692 0.10898160446646121 -4.385776537817438 -3.063761390250662 11
-1.1806361829849907 3.409549476882852 4.230859463246451 4.29428800998901 11
-1.6931565281962186 3.01355560797442 -0.7091751329673408 4.409729445267529 11
0.27571012958121444 -0.5602249454455921 -4.125242614188487 -0.4459698143753953 11
-3.9156086158680323 2.3258106992961363 2.4561036369969558 -2.733506311732078 11
-2.7511567184045775 -2.4743704269975004 -3.0224478836165503 2.2444037815925912 11
0.9407101533350973 3.5152459596950747 -0.1323880756031991 -0.22413445232325857 11
1.4544596057148076 0.6410611181868572 2.7108689766851577 0.8291046985057334 11
-0.3450101364569518 3.5052429508834515 3.518756446605373 3.0671956785455916 11
-1.632283649702651 -3.560697560447866 -3.8279068838910657 1.3929797106405966 11
4.245825723719513 -0.6022295514378101 -3.455003343144127 -0.8251478946740815 11
-3.2865877724598063 3.0278475098963726 -3.945064721725454 4.148510226517186 11
-4.459494874202109 -0.07673216741251554 1.233194667258523 3.137588933570155 12
3.033674031246422 2.4547691909909126 -3.75595681054576 -3.095712256027183 12
-4.492112473285401 -3.0481425500170594 3.8888685027380157 -3.090486489440881 12
4.195692883567942 3.6288284195425784 -0.7379071622707944 2.671592844320878 12
4.472514511403062 -1.301718008012379 -3.975384332511394 -1.575831491886596 12
2.5006829864267583 1.8361137951547 1.968005106621173 -0.2814637763044755 12
-4.180784112938349 -4.240269906304738 3.5924076820615043 1.3666576381640216 12
3.9861961821050773 -4.368370792856252 2.723801962513419 -0.09718390300571178 12
-4.0768176515909005 -3.2022676954260536 1.9773210958102887 4.11832110289676 12
-4.102400182401191 3.0507363763057533 -1.9840350025693319 1.1875737110373827 12
-4.200066119583481 -1.999630812604614 -4.286200651330353 -2.982364161478394 12
3.4728310035926304 -0.763529398859086 -1.7455809235111484 -1.0921623201377726 12
-3.7283687289536926 2.4903328512427607 -2.8062629539914887 4.026566980789733 12
2.6340917699090887 -3.7291464591686387 1.0214712684528169 3.643187209271431 12
1.2205246808556174 2.988890702331891 3.638976250246598 1.6030861685431887 12
-0.5851768648982415 -1.4440658795063437 2.6862455533083662 3.751611652615998 12
-2.0202115597637884 0.7237885085104936 1.1804029571756565 -2.6833361558929223 12
-1.0128577286830902 -1.6331638963979 3.804564525722625 1.8733632201450352 12
-1.067809992045349 1.5683440928688206 1.2533510678483692 2.219898206690014 12
3.7971080921534606 0.6262054035310632 0.3517037605627281 4.479334556053601 12
-2.335047548322742 3.244045729943374 -4.284609704412062 -3.0201191545209545 13
0.5933685310667753 -0.5536776558486911 0.4198948827480439 4.439237900224488 13
-0.7726648050890176 0.5130034470286 -0.7720724223711637 -0.3330659053680822 13
0.9155047723624896 1.8406432013300211 1.7517630742450487 -2.2212001916193405 13
4.18653774669335 0.8208444466861671 4.2160937486859 -4.2145315217601445 13
2.5825946598774814 0.37036996157895496 -1.3264951960301212 1.2014723495733763 13
3.4390037894245875 -3.6311960841950857 1.6564575135608 -3.885628970043178 13
3.5097752444412986 2.683468953619012 1.4700656092305073 -3.115143093550934 13
-1.6215080693407709 0.5668809592646774 -2.8017926241209463 3.0743154252553664 13
4.268209750262082 1.9011563678286652 2.8965384126034337 -2.472131084601739 13
-2.8159519777510633 -2.7388031023641464 1.5805196288700447 2.8007696464866396 13
1.0966492010213558 4.405110359960441 1.9355512300619087 4.399915027785929 13
1.6286859552579243 -1.0193922186775244 -3.873909906637925 1.0347163028434212 13
-1.6287421757473521 4.264350818770837 -3.1385384530112628 3.5386514077002493 13
-3.227504239678916 0.674469248762395 -4.149921717508139 -1.1881718620395627 13
-4.079101305706418 -3.9444528523578515 -1.112187934072482 -4.447690213398304 13
3.0486786413303286 -2.554967808226302 -1.3263912392744706 -2.961937272303288 13
-4.296069841713146 -0.991440451943496 -4.325961338064632 1.7212150504936823 13
-2.669282350648224 -3.758438049920541 -1.5526350685110617 -0.29699402813362186 13
0.14760480865841819 2.94813127629861 0.6153414285531832 3.979813266841111 13
-0.3597608035846416 1.425924983699709 4.035103749945747 4.044750915930328 14
-0.198411389759918 4.266519294841821 1.25859658668905 -3.746887699125729 14
3.527981367143995 1.0043260108899736 4.161377411782202 -2.8040015242216914 14
0.7991687532329691 2.148265337428603 -3.426668773549184 -4.08377605985025 14
-3.5223424222382143 -0.7016827750656998 3.367678553236609 -2.5423885457074187 14
-3.97236530456384 3.232978326733585 -3.5584047290259884 1.0713795591658213 14
1.352652805519662 -1.239548521180589 4.346490494556595 -0.5227515814080689 14
2.2516331752229743 0.837953961082486 2.027895351805361 1.0376345682572956 14
-0.604810676224236 3.0474847765228987 3.386727675811778 -0.5155690176002018 14
2.8367858690281795 0.7941749949491692 -2.8195772394942225 -1.7810444188855987 14
-1.915762742503243 3.336153303314397 -3.2577202401067056 1.1509471054812594 14
-2.9227525059961073 2.1618832826326138 -4.07917746951247 1.4106865564242157 14
2.5512610114616927 -0.8776821387667911 1.7138626416792562 -3.6489885877586095 14
-1.3425715002022338 -0.04624704636487076 2.147197868078024 1.6507404402260706 14
-2.2283126384953498 -3.709677870650496 3.5669696655933185 -0.15548212071995104 14
-0.8780080630761303 1.2760295779937572 -3.7773141108535273 0.6265639035086943 14
1.1193482790053841 3.698357402705 0.17065005515100762 -2.967679119082071 14
4.266056027675156 3.5354544881312697 -1.3545659766471783 -1.7297380292723128 14
2.3159863401975027 2.7469829262720733 1.302951126741201 1.1152971388602544 14
-2.3696458661814033 3.0840203747949144 1.9168703984681015 0.4450604666921889 14
0.42673783051284697 0.15899320973181275 1.713995793011666 -1.695524627818442 15
-4.018992309962952 -1.7686708336810444 1.4063438215742425 -0.8247417747760964 15
-1.6618579308398598 -0.2641006307896131 -0.6850239367456638 -3.920056485409398 15
-3.4237394098513727 -2.972935821700906 -3.2633158276953598 -1.8906091810101988 15
-2.8098194524981164 -3.876546551129659 -0.30172333125576345 -3.7272416244167257 15
-2.772854860662256 0.9032922724023866 -3.492664276263251 -2.0544610947077344 15
3.7137423881397997 2.528570077076355 -1.3909088012722415 2.8493557992265175 15
-1.3752089941419787 -3.520173901172704 -3.4832967768573324 -3.649107264358424 15
-0.6573783564425749 -2.5878898498879686 2.860724175518762 -1.304619233236548 15
0.7179458672695124 -1.8928247623127832 0.11592035911940923 -2.336227838492677 15
-2.313201004051007 1.7986964968493495 -3.7896590282905676 -1.7482972254415496 15
-0.15852839823448917 -0.4026831449128183 0.38660868190050823 -4.059838584729487 15
-3.1020944097389216 1.3745638906259696 3.1599217672795747 3.3186918639596943 15
-1.9336396299734324 -3.275750307194998 -4.15031370931906 -2.1526736391580927 15
3.5754764270660697 3.098618016840938 -2.022619558659107 -0.10558624074952538 15
-0.6071756701731329 2.9590363648467184 -1.1291590450920737 -4.048006743906335 15
-1.8049045962739252 -2.7917273327404657 -4.243003680735414 0.023214616751721096 15
-3.9922958296493647 -4.360978656595813 -3.9908861854469366 0.32769978808406774 15
4.273464196943995 2.3050058597079452 1.8446555374168105 -1.436189104636552 15
-3.0155061090226836 2.7749536871736513 1.4079154048253881 0.024593715990906206 15
-1.1333754537950884 -3.646583631435335 3.7031423214723835 4.441210949176808 16
3.099106947342115 -0.5734605745790742 3.2174066069764176 -2.0216719442815236 16
0.048700824405861876 3.9996341970606095 -3.174050818191262 2.4339256533072633 16
0.9549987345891583 3.839662567496761 1.5777044050032911 1.9202999887337504 16
2.4183900249432533 2.9769969229171043 2.0420041595337177 3.0443616124816235 16
-0.5162806826869379 4.264481511439076 -4.049015142878462 1.1211267129591302 16
0.31266059108091715 3.9375093950079805 -2.2944455615679495 -0.3792244103650325 16
-2.205231631699254 3.3585958697358 0.05862979494209575 3.9354952701692487 16
3.0414188141812337 2.3684014483443527 -0.34096212001834536 -3.1737485948068227 16
-2.4709247097899203 -0.5958285618412105 -1.3418276482991036 -2.9766388686899474 16
0.034549851123414466 -1.7599291013650715 0.48862730217327366 2.428701857839383 16
-0.642154591340573 -2.334523943783606 1.382636980175044 3.4865937846094806 16
4.481427587879405 -1.1323385475951977 0.15604532250605896 -2.287927047222973 16
3.3552684854206856 1.8117186440281237 1.1740305901032737 -3.623213686099868 16
3.0805669273557594 2.056465663072274 -1.623077649465246 2.2602413054585373 16
1.988801427408526 -4.067994819082989 -2.6615262020265185 3.2162929365692983 16
1.940773114785652 2.6102175791283315 -1.0567185944912438 -4.220427002630472 16
3.5754053761119646 3.738936118720909 2.533273068305112 2.84616537520356 16
-3.7083340464963235 1.86349357205102 4.280723424649375 -2.8980118651380935 16
-1.3848988383949419 4.1386129452995535 -0.24217137395846278 -3.8722289694963408 16
-2.567736571871689 -0.4441977025371824 -0.544520161571874 0.7069645729446401 17
3.0364459332751514 1.1708520181300068 2.562518245809667 0.44162176010232734 17
2.83739410376646 -2.2781191726728207 1.1745449881417704 3.2859764129423263 17
-2.6911456325750716 -0.819334484176561 2.004402821657738 -0.0015286185824546772 17
0.5645232763575235 4.001983886212374 0.35553537186047646 2.391617799361641 17
-1.6253997271147105 4.430447052463594 -2.485213419659409 3.386453666578144 17
1.7067849258711134 3.6031262476584924 1.3216227025626988 0.21514549953252593 17
-4.023715506682048 -1.0557683185713918 -3.813347159688316 -1.992247495280663 17
2.0561446169424724 -1.6425420599432043 1.0613522704124616 -3.524912569474882 17
2.99176704149349 0.7932879689313999 3.1350329831699377 -3.806467754410194 17
-0.9669704847556195 2.819401078420601 2.648599143279534 1.8095193021831126 17
-0.3745948473434786 -0.2428887278044466 1.4366743821743528 1.0523863052779956 17
0.5010080650886487 4.252728409553742 2.6081708157476267 3.975212295255776 17
-2.9787751263940665 -2.6411089171089985 -4.063038524188048 0.25058595119194216 17
3.0992337483185115 -3.4196356103686263 -1.9257902663796247 -0.1385402399793757 17
-4.31684232937431 -1.3531852714654202 -1.9462159642190968 -4.10430925453828 17
-1.8191760433741244 1.3583044654404381 -3.362970461044064 -2.738617099693121 17
-3.0186741628360414 -0.49137989762634915 -3.2058330618975974 -1.8391324643774114 17
3.0462341170957226 0.758614563270852 -2.4913267340339056 3.6484818112747863 17
-1.3156184336758905 3.4763654830654613 -2.977707592099625 2.2743645848714693 17
2.9969624656001823 1.5773512957243745 2.924710313267083 2.3339087981911626 18
-0.6298388638658977 -0.020641300799116746 3.7279453428386535 -2.2655313748887087 18
-0.32327886614452506 1.318904544398308 -0.5678844909757066 0.29520156167879974 18
-3.5355596417421884 2.2403084716643855 3.173457262352372 -2.697031625994749 18
-0.45059172916113954 -2.111651613421862 -0.5727588809485668 -3.721330099128755 18
0.8757742942499566 -3.716574423318376 3.5002548730602374 4.211488862153013 18
0.9984280190594006 -0.006959547910525776 -0.1289826894639542 -4.236660563994346 18
4.481338295308957 -1.2222743166215269 -4.1352394490713476 3.7165503840838623 18
-0.703138122989576 1.4133868385854638 -1.1048168440248045 -1.124836900823996 18
-3.9981265348171178 2.0831599127580085 1.3774487529459771 -1.677587397950874 18
4.427337394381041 3.3322423294478405 -1.223455142381781 3.1920162294006236 18
-3.301720818591671 -3.280025082908668 -1.7243916204246723 1.8929141482206038 18
-4.003494248378499 -3.9487423345741117 4.243969293950167 -4.290960860450034 18
-3.3916753972883984 3.588991718149497 -2.835457986511875 2.0259819790731504 18
4.482838985251403 1.5996731484201747 1.4482250765119131 -1.1782123544540375 18
-0.0031681862185307663 -4.041171353987955 0.6640719386885277 3.1464792026665522 18
0.33789206597336174 -1.111031745991194 -2.2032857110772848 -1.6325769082616146 18
-4.062191825451955 -1.394977811543652 1.5165839145372038 0.6435802835286661 18
3.331131741257083 -4.0351795609743055 -1.200998252293056 1.4401363078127343 18
1.7751501114074388 -3.087246461731654 0.7558937700665109 0.4896177671531857 18
-1.035098422296111 2.6960990859654057 -0.20348455368274 4.419693408637324 19
-0.9706158737252629 -0.08679832464152715 3.939906513814003 0.2359885499298353 19
4.255342245848833 -3.319866280601836 4.284675885912615 -1.926966014768941 19
-3.4300928722797424 2.648339430126631 -0.7616733864639031 3.3210137151476085 19
1.5456268175456849 2.2113852838361203 -1.561962299599122 1.3157038998896775 19
-3.1392690278044526 1.3016878064079485 3.784196791151432 1.7443510331968548 19
0.3410444364366181 2.976132505976767 -2.494893846161893 -2.888249893910949 19
-4.002971369606685 3.8024386185295174 -0.10468611889771584 -0.9990473353233439 19
-0.9887711187723796 -0.49891735634974543 -2.9320182946245708 3.679808440603038 19
3.6304093886178608 -2.9498761745715316 3.8411216957052554 -0.31537453479149 19
-1.6906103316124739 -1.7621738019550623 1.9697301173031037 3.9440718283364484 19
2.6934432984849845 4.042654516269902 -1.238551658013432 1.5656591360003813 19
0.04819240501910382 4.346519860379847 1.727923694891215 3.0286023624771206 19
3.4842641882008323 -0.7879959491957654 -3.2097038074372666 -3.665922989731429 19
-1.5331090748073342 -0.8419733691022885 -1.477289454904481 0.3366639689851658 19
-2.7025311566551027 1.6051979629698327 -3.237604874203584 3.6434687219639974 19
-2.12483387881044 0.8973987563876007 -1.807637163399742 -2.564551339770075 19
-4.308262385709215 3.7673727390182776 -1.6983764003993667 -1.6170066630848816 19
-2.638081472629537 4.174668213984096 4.451533773662686 2.4093250486802273 19
0.8155910218392776 1.0168016180641222 -2.0340602070897664 0.9022593647854457 19
1.1167938951363316 3.191129443836581 -0.9206674654251933 1.1756004867594196 20
3.6392707984578108 -3.6766325230577346 2.526005385628623 -3.0016004886848333 20
-1.5291516145492081 3.5852357397036068 0.8776765477917202 2.3989004141740904 20
-4.035120023842081 -2.542040479941593 -1.2038153720994749 1.9328034092511956 20
-1.3727292037311594 4.048905381919473 -3.43588047563426 -3.099131861341635 20
-3.265397688489177 -1.1174566039535136 0.8014202375423612 3.668981632060752 20
2.625061552435871 1.7969042711148342 3.883186234279666 -0.8140817763468751 20
3.1086735312073874 4.32162043001829 4.317757638974266 2.0191020043306827 20
-2.660790675444332 0.22538738630470956 1.5092224754536712 -3.4944110140479303 20
1.6855475797925856 1.1905503062990408 -3.301772730814943 -4.145504006738188 20
-3.126260578227436 -0.5351635788410423 -4.160748002909072 2.299000888792302 20
2.2077984675724873 0.9923500067297111 -0.32163093713162205 3.9900826240670986 20
1.9510055059350395 -1.389045813547057 -2.0885825218875396 1.8704445032846686 20
0.20086399228572194 -0.37211061484245267 -3.8476562902731724 -1.3236372293850889 20
1.2465761717465988 -3.502885859093301 1.906538662504095 1.11737719204952 20
0.04902582004414502 -2.661354344352264 3.096292157454235 -3.246586321173285 20
1.2742336916606236 -3.165554844443699 -1.8794589731769809 0.21095376317380765 20
3.2076500765120466 1.9018884330042933 -4.0016472876141815 -0.8131011002487402 20
-0.5653882167444677 3.073030670655568 0.8804914007179065 -3.550764426922094 20
0.7779725634905186 4.323611098300038 -4.494154955174063 0.8739776051277247 20
-0.20083403740803563 -2.592086603800729 -2.472578775034836 -2.6249374412585995 21
3.7945386256561378 0.06483447776404261 -3.6407988387754173 -1.1397631444229768 21
-4.262001238993764 -0.6248807137508574 1.0187653807459263 0.0980102262814212 21
1.8322413142957004 1.3337234572242074 -0.9438569322030349 -2.306143319297209 21
-3.7650577757763672 -3.403317524048426 -1.8461438501191885 2.5500209220139722 21
0.1355009192036306 3.43894069624377 4.0045068049190515 2.5797891257853935 21
0.10027874934155967 3.9726092307660474 3.749771042685711 -2.2700319438282466 21
-0.37036656507953025 1.7728737078443713 0.6496789977665983 2.8066691084244555 21
0.22805436285665515 0.22547064198182798 -0.06959171225112315 -0.3809588895046371 21
-4.009690358046296 -0.5262995113219406 -2.8137489101838837 4.421239152105024 21
-2.862472928814401 2.0879265367036077 -3.833925801885523 1.1130652053948817 21
-1.5193006545425543 -1.3476710513182155 1.3162799122701387 3.900216594465623 21
2.3963689714774836 -3.408172320566327 -1.450210840093353 -0.6576045205456014 21
0.8002195090313399 1.6444095443337297 1.787089666959087 -1.4103699889821892 21
-0.660222099536998 4.166053833157565 3.1641095290855867 2.166701967482367 21
2.6233129894670926 3.271218054603193 -4.29173241386872 0.883879570213119 21
-4.317839333778226 1.1521202088529607 -3.115901644340146 0.690053104540422 21
-1.0829707718424193 3.3986257154317947 -1.7699008503849767 4.429252069408928 21
-3.5758702885267035 -3.779157899675327 -3.533721733181292 4.225375920372544 21
-0.44078887853436965 -2.8792727138950513 2.9648623888577137 -2.578200833563526 21
-1.9642636402803977 1.2482253495019073 2.2306475680394553 2.5207178964767314 22
-3.86703291882964 -1.613585484326871 0.32612724847175 4.017978710099755 22
-0.2382081872789925 3.268809833480265 -2.7834428695348072 0.7489574499586724 22
3.9786899786697396 -1.9182640619182307 -2.783128433738366 -0.8527905056918067 22
-3.7514899217579685 -3.8116967309886327 -2.8754846867203385 2.7792233138724054 22
-3.498777815689612 -2.1584538626113905 -3.564248401431388 3.878122739915929 22
3.1037514738062266 4.374272548128804 2.0572262463304707 -1.626232788407807 22
-4.287247422246377 1.3619782830913976 -1.8401479990594924 -3.93290245038208 22
-0.7556642679192734 2.5291504785797 -3.109112439967125 1.7131793817711052 22
-2.794316075484988 -0.932875840214858 -0.4983452900697476 -2.688659146614416 22
1.676125470423066 -1.571090323533054 -0.3657427978501995 -3.4204626978861836 22
2.3628952569925654 -3.188741690368434 4.454464285687102 3.5293163229031728 22
3.6471946705483798 -0.9997616648882262 -3.489292516901085 2.0644345599262017 22
-0.09054375033437667 0.5124942885710754 -1.4999716455732122 2.9515328447003117 22
-2.571189502163094 -0.2935160353895925 4.111789091643983 -1.8917596886965422 22
1.5115418614311324 4.489941532062337 -0.050197770112461515 1.539254503163592 22
0.3754672031235343 -1.5691809627091147 -2.436066452590987 0.5111222302030024 22
3.771645280456197 -3.4895112447415566 0.2750247740042431 1.2304478528772238 22
0.17518432720778565 2.1702974913681703 -3.523475870714501 -0.3069847191399335 22
0.975353125872144 -3.7279297702154515 -1.6441966617794121 2.612749729138917 22
-0.9024083818350466 -3.390189938119801 -2.537876465725937 -0.7342655797919836 23
-4.365353184604281 3.3562800127385772 1.5595586531336219 -1.392470697372742 23
3.8436832829453706 -2.3825480396460548 -2.101777720097288 1.4558806542451563 23
1.4031284394421557 2.0916849721256954 -2.1560524761482776 -0.9459323899171381 23
1.4924840052640798 -0.6279441470683038 2.1888865874529944 -4.430514136087027 23
3.353711576530975 -1.3954411649361986 3.3015469757202127 3.032836243568355 23
-1.2402179116764893 0.45890799584401765 3.954874386062425 -1.6543584022377082 23
0.2808135219932062 -0.6328084660908203 -2.097779314986658 1.9706091236286896 23
-1.8494346678924962 2.5918029459471823 2.406139002727515 0.42463781067525264 23
3.54266953589638 1.487310591326552 -4.117613517971611 -0.7751954287307135 23
3.3179784916075903 -4.372783515436798 0.2721540277729835 3.3736800946296306 23
-0.8714636181332347 1.3298862205951814 -1.218488542447591 -4.335500887670941 23
-4.450126226178271 4.323547629301546 3.546488890587138 -0.4849379683766779 23
-2.5466233535740703 0.675067741730126 -4.287889505621376 -3.0916644737698857 23
-2.0074563300088437 -0.6328718371364124 -4.238206036897503 -1.2932050564887274 23
2.2569335402825925 2.9758423419836397 3.3872125897722287 0.03988390832389399 23
-4.455982597077635 2.9182220913474533 -3.3201042997325683 -4.4960040760527775 23
-1.1124854351180926 1.9372216431284146 -0.5942379896084029 3.4335075794006946 23
-2.9469524919115355 -0.9103397656233615 3.4298982305006946 3.4195393100253595 23
3.1235699597256996 -3.3931878849195964 -0.009386709651157177 0.8484536598968864 23
-2.3089219305493307 -2.103865563274358 2.796457528792648 -0.5363462469161798 24
2.3103240361982342 1.5395065281022424 0.4538377626493878 -0.29697524465700775 24
-3.3018923781925955 4.132778607674274 -2.8573288093473996 -3.171004914913077 24
-3.7044532782708366 3.519700468823576 3.942317190944693 -2.6629605727568735 24
0.770615502417674 -3.9620070223384394 -1.3569460414819254 -1.6434472179976036 24
-2.834279119257603 2.706368886756279 2.0825074395864585 0.2510093141321842 24
-0.4522412204779328 0.46280464123911136 2.1483149336411307 3.234930059943175 24
4.136132176135817 -0.8938035709331104 3.614737636024856 -0.516540817665507 24
-3.5031741098227225 -2.310714942738185 -3.510413843831775 3.1890767561671507 24
-2.8185818168608425 1.4575390438488731 1.9322696406546513 -0.5388634876826077 24
-2.33109727295221 -3.851478107793125 -0.07509370809326577 -0.626406642872504 24
0.33202021554645655 2.2577964025197303 3.093233864694174 -0.2828744699428275 24
1.107111483815751 -2.8042227087954634 3.8221896950743535 -1.865044640835639 24
1.7827350241371276 -2.6682139949154893 -2.6112436793213503 -4.0974143181802445 24
2.948652255884654 1.4045214489037128 4.498089255063417 0.37288108726979996 24
-0.4063042149592365 -0.7493618837697953 0.09279150525938451 2.853117300710635 24
1.386446350384874 1.6971341365879273 -0.7756672617162209 0.9708911959430312 24
-0.24603541612263446 1.0539821196687638 -4.0651624426684805 3.8625884028785515 24
1.0089813998278219 -1.9518003334734717 3.2890469004626097 1.6346466768422985 24
0.07497414703571437 -4.088692436898535 -2.8978217302819322 0.7055179185552751 24
