500 20
4.140155730023267 1.7956084495461844 1.4291868858664705 -1.357990092839219 0
4.4988056336149125 -2.519394301954334 -2.117827524525617 -1.5738956285670707 0
-1.250492814323478 2.1585689118849336 4.417824171129537 -2.8722369190197856 0
4.468101525801873 -1.6528771998845246 3.5574527732867667 3.6085676304255396 0
-3.2710987815882784 -1.044179908635599 -1.8837642803330128 2.586153360558932 0
-1.615326447913262 -1.202267222248364 -0.6132849203571576 -2.360960167266289 0
1.886864063293147 3.6012818747103617 -0.8369292042171796 3.3510300620602718 0
0.3070389527794848 -2.2743561158104937 -1.7556398911901556 -3.3991788177177167 0
1.5462590631936775 0.5555619658182387 -2.2677829893142536 -1.0849408347200804 0
0.383038890385588 3.5410284332541067 -0.500549389191606 2.507588841169594 0
3.0850159460853868 -1.7458866904533932 2.0126376802798056 2.4699421304300735 0
1.18052799709676 1.622149744015396 -4.348768545003114 -3.4405636082349247 0
4.233848043557885 3.542104367286851 -0.003331681186811597 -3.395638176611927 0
3.981832752247025 1.2800293310051498 -3.5270988553667033 -2.206470817504017 0
1.031828704578758 -2.450850710418217 3.1373367749265686 4.051930947348103 0
-0.12571317930264536 2.76497369449572 -3.4821758562834537 0.7184299542429212 0
3.097981381701267 0.31212779606961527 0.510609669297945 -1.3252146051685572 0
2.32018244868996 -0.0029080250654451856 -3.495045420598501 -2.14475994246542 0
3.152951069354658 1.0772709782046463 -1.2999438414521962 -2.448247395538731 0
3.2545276114510244 -2.414725230158997 -1.6698348124628504 1.63051964047955 0
-0.8800342687730599 1.1193755594389692 1.907469207168257 2.592060469758015 1
-3.2126696470448834 -3.3948136476604867 0.008940334829328878 1.0778956110953906 1
-0.7485308031374812 0.5119468384676397 -4.4776509191750655 -4.146832829404154 1
3.972772578954802 -0.8166687974709251 3.601782261762812 4.303155697706196 1
2.130763044446462 4.459056069296242 -1.6389464518007633 0.3631843321858612 1
3.7499791428987086 -4.481790546653476 3.3506354890575327 1.2670629680960772 1
4.241985239063608 3.5014335902885145 1.5067323863873285 1.3056955583568974 1
1.79539745613471 -3.6222779830686633 4.068834419161543 0.681165312787417 1
0.6608613502656122 2.8803340469708614 -1.4464691967079988 -1.6261642223026622 1
0.5480194558103497 -1.3431378535160257 3.166867997392769 3.5189249737125365 1
0.3914978048446933 3.4163018254090876 0.9147670622599834 4.046253757475166 1
-3.473130916150321 -4.217050751007285 4.313611772254793 1.869393075042601 1
4.07529054335733 -1.9013087307593541 3.1455599204496405 2.3212161948291428 1
-0.5224574620347775 -2.1688062096471152 -1.186473116846534 -0.3361598957093579 1
0.872022993543983 1.397574413795787 -2.090819366380943 1.7284201713622358 1
-2.018740854188122 3.2217521214520755 3.555716521580986 1.1440054672450772 1
3.498517317454636 -1.93445468041214 -4.410333153369103 -1.6248578349432785 1
1.4360437719819281 4.249082334301414 -3.5846037108222397 3.470225883666636 1
2.671867013007128 -2.884820389409015 -1.9498440380399564 -2.3352711116983844 1
2.562056800988869 4.231150997181443 4.230313385873323 -4.395471261717424 1
-1.2346940791285101 -3.709025417159144 -4.228805357131777 1.2370367440207903 2
-1.4054991864360118 0.6399868112199391 0.4272604646518553 0.6339120318954831 2
-3.0103858578571256 1.1845434496780036 -1.9942172087965526 4.135362370850592 2
-3.909910182310385 3.715867720844848 1.5938076656550932 -1.2909057856541923 2
-3.702114186959209 -2.7055108952835547 4.1103458945956515 -0.4870324534249114 2
-0.25242571844205886 -0.5310253782203597 3.3529985885457614 -1.6194530549168222 2
2.3899628401977115 -4.385308196998192 -0.05021039671726624 0.4725132468430784 2
1.6259666775383597 -2.0195762406881563 0.14201691838417962 -1.013608222670399 2
0.935818391320573 0.41375561568561625 2.493253888152549 -2.8531618877905887 2
-2.6118917050429546 -3.274895216879269 -2.072449353974439 3.7248792578864522 2
2.422463525583504 -0.22874172673042237 1.3032204742893463 0.11378012243756408 2
0.17201851873029395 3.9977374121938385 -2.9315016925847424 0.1622309997026623 2
1.291728257179538 -0.5557466453677578 -2.605901290952488 3.0818763233793742 2
-0.32591063154833144 -2.260516915539573 4.191757847907696 3.9424238200739894 2
-2.1891656743919654 -4.293053417582051 -2.032328236656162 -4.118973898066914 2
3.8916457831683413 -0.9696689429889109 -3.549539497179113 -0.35824901060543357 2
1.3345863585951334 -1.2893442681615537 1.0217622125257866 2.4993368064598087 2
-3.5060364159710993 -0.4629761942244418 -1.3208646497074663 -0.8382674168255707 2
-0.27968547184247583 -3.9766871529543657 -3.185813401234023 2.687649579084406 2
2.849433322916607 -1.8959287122084731 4.056994257102631 4.376413623625226 2
1.359822137528258 -3.1166494449564 -4.4229927138185605 -0.15365475962109265 3
0.2544396637384806 1.6393364912368902 1.25251520273341 -2.3941137663741356 3
1.9061965203538098 2.1835501482588446 -3.147613047340514 -3.0077202107947816 3
0.708609312586332 -1.075502408584969 1.9803483565802458 2.281081084219376 3
2.38544658675413 -4.038873954307013 1.578141923870195 -1.7023887902710046 3
3.7110267778849164 -0.5666129487623013 -2.364854083005402 -4.421466115780775 3
1.2235633129047119 2.8927871425841083 -0.39969731331584246 1.082520165015144 3
-2.9141080778141175 0.4661234917698184 1.362090353922413 0.4753584517139643 3
0.4356594497904245 3.782952714580367 -0.5179086702190313 -1.5002484017681275 3
2.9995820778454005 1.4401711787404416 -3.3473175684692036 3.8350894623360583 3
1.7072882773956986 -1.9237881479793564 3.06185111890071 -3.22012822159682 3
3.6168199028614394 -4.002985348903397 3.1381724517522116 -1.3919181446759457 3
-0.7101347955210262 2.582060278979292 2.8587943332895325 -1.195533640146181 3
3.8455546333351207 -3.0830333634259524 0.1311189980068892 -1.4333215507146813 3
0.527258631722034 -0.43945418749681553 3.122973785295149 0.2346196903246599 3
2.240868241255235 3.0532828824589444 -2.748197760398795 -3.7314520056916267 3
-4.089828358513927 0.05078755577733873 2.82749478536606 -1.3381722472193651 3
0.7993332696858269 -3.944085163607385 2.541784626496264 2.349141925588158 3
-4.275699134276996 0.8333058709186977 1.8188832878380732 -0.842923034017177 3
2.154400100234384 -4.4128444530901 0.05997614640990123 -0.01489488597045785 3
4.340636968413496 -4.086957576055801 -1.1742192159828955 -1.1740476156181237 4
0.6012457434275515 -3.604929297597095 2.846002398470525 1.2239925259846425 4
-1.3469672387743121 -0.9498288371112832 1.0487520720184709 3.209575771235197 4
-1.0144542219242942 -0.8757074483929729 -3.527226465012951 -0.7999439040355786 4
3.8692453106481337 3.9792392112046286 1.6806510130913699 1.5477511087291091 4
-2.8778364550531914 2.0746179756771777 -4.482139815393104 0.2269339429286894 4
1.621631249331842 3.4550854676458513 4.23326065965876 -1.3525495384937116 4
0.7278755867831284 1.7889704023346609 -1.012419158118835 2.7981379282928263 4
-2.238437548678929 2.816266837081914 -3.428885633261131 -1.0471886297068358 4
0.5661742761122903 -1.7075559257152348 -0.5563185378670857 3.2736552208117446 4
-1.1282892579125041 2.896346716793436 1.1430908680085068 0.09188802050376754 4
3.64832627055504 3.7641483061944405 3.591857543045644 1.7060506153410337 4
-2.4349448193529932 -3.152880843172908 0.9620475388892844 -4.422195446677897 4
2.382119920227951 -1.5305035138675316 -0.17958517338640267 2.9014057088356893 4
3.7970394631460715 -0.9021785759619546 4.3819464270644515 1.7166230740125834 4
-2.897869882886283 -3.617653641110442 1.7405847729905088 1.131230251263367 4
-3.3868012463788437 1.157913102732178 2.878588857372961 -3.1576300794986443 4
-0.21907429708946657 1.8206015685653472 2.4151558780776172 0.7637498241700189 4
-3.579634850943738 -3.6659056163027524 1.6566334699327796 0.181618523624408 4
2.0253337139815972 -1.1596802869558385 1.2687970926717946 0.29000170211692977 4
-1.9224502224558802 3.414840462110978 1.7880345357338765 -3.324188704279365 5
-4.188631200500955 -4.336153328050336 2.4175952724013263 -2.4608648245755793 5
-1.640559196800987 -1.1238451888458874 1.7388272565149805 -0.0767198153582691 5
4.472210644157979 2.8354694667540983 3.7759928256607105 0.8387168117711251 5
1.2735317430598871 -3.117683665974747 -2.963880711644168 -2.115195742996099 5
2.0975322966965373 -1.9134616668310247 3.9272703736252055 0.15210311446986924 5
-1.1778042922224388 -4.349414256556445 -3.0493148014361555 2.7191266836161283 5
3.176875788290567 -1.7145813719903789 -2.1320235260715314 0.1822325724416125 5
0.5663438704644441 -3.6816063717620624 2.108091287825324 -3.264305407627407 5
2.6334142309493975 -4.237114596139955 -3.82827884244733 -2.53848460546947 5
-3.9984598665551383 1.983148517894635 3.1744604973190382 1.4097959776462363 5
-4.219473949003603 -0.15659140915979552 -2.731266143077482 -4.020845225489276 5
1.9037669068480043 -0.17545713196568835 -2.6636703807577824 -4.450255009068088 5
2.7091446879896437 0.4398672534024626 -0.4732445122075154 -1.0399418178617374 5
0.9261354030364803 2.333512546828981 -1.8444316023591323 -2.8816071303390363 5
-4.395941740051684 3.8591824005435766 2.7451497755879917 -2.015752860333635 5
1.0665861936560361 2.708388236948127 2.3171792744851403 -4.4632733977571295 5
-4.392425581728421 0.5703801944244742 2.899698465218008 3.434056521746099 5
-2.6480557395982487 -2.063328224837461 1.2393453923442537 3.208743137647535 5
-1.0698858861585572 4.492362041703479 0.841141684486723 3.281679138254865 5
4.411131951213534 2.3746880628063423 1.8725109571886094 -2.456584138889963 6
-3.8534978796439896 4.266251264154959 -2.4106763331856325 -1.2868791414616338 6
4.369785232345007 -2.3382516201294514 2.322134397751406 1.2637219606809351 6
0.009150311489177443 1.7607376692696175 0.128407577936675 -0.25663119555066904 6
-2.1133127447856968 4.188957170283454 -3.3963296801647793 4.13609598714595 6
3.5873602307865804 0.22935892351260456 -0.9412982033505624 -1.5386787154227417 6
0.06768054061811202 -0.5523004512420568 4.460970573350587 0.46717989295376017 6
-4.409423049338686 3.169381884796329 -2.4328830070544396 -2.845930482049753 6
1.631050138740561 4.096281406175713 -1.582336044142435 -3.7093976202945 6
-2.2822049501160784 -3.2523043986428095 -4.350573860288046 -2.5737704156608796 6
1.596462749077083 1.2195302948148843 3.040571055918573 -0.07839051915010586 6
1.021619564689963 3.8226843104324852 -0.21834338840508505 -3.915845024981177 6
-3.9618249555507803 1.9962344928649354 -3.4168157193179174 -0.9542083525166685 6
4.263687954586067 -3.915517491801698 2.1148890642603835 0.06485396237163898 6
0.8456667197046223 -3.075161992978971 1.7649959833759157 -2.6251087300299734 6
4.4520457268041405 3.2506315763197864 -4.190802110721176 -0.6179236360477413 6
-1.214791650530447 4.45554344653897 2.6455538843866595 -4.149382669573866 6
-1.5878752847744417 -0.7176800934420665 -0.8496994281425676 -2.2767755031569425 6
-4.06541655085243 -1.1937316293853752 4.364775858355716 -2.7862189692996266 6
-3.003600959493353 -3.059595387850529 3.5384956127178353 -3.755835184273091 6
-1.113967550249677 -2.4636423703128587 -0.4927695384290264 -2.0020074917970048 7
-1.8670185695259187 -0.7325476865608217 -0.34656797534960593 0.8857513461352067 7
2.7526687728144363 -4.401047307219715 4.184419314673424 4.265773224975909 7
-3.153506058116869 4.304443050680476 2.749291016694651 -0.9439093398523551 7
-4.13144449579423 -4.498031648048202 -2.0424616818795798 0.8431983237408639 7
3.314760113124372 -3.5394449183409256 -0.1897230542249818 -0.5751698089230238 7
3.4654909490591934 1.3740889129190408 3.6176082701655092 0.875829264871849 7
-2.9644980420671767 -4.353969521990543 0.6141326511406435 0.5504943046474018 7
-3.2018688444508783 -2.9645085168165526 -3.6785063549881225 0.8588012923204174 7
3.535736815470119 -2.699789386531326 2.314821175719354 -4.050523818637842 7
-0.2955556895264997 -3.105701804980724 -0.19095049916541296 2.1174766136489827 7
-2.7798442947630413 -1.322068788375884 3.835852881931033 4.3657398711856 7
-3.346939500539568 -0.8752062734799727 2.3948259390094995 -3.17422548776348 7
3.157704363464127 -1.9924862873135503 0.9958949883846908 -2.9844455369029683 7
-0.675869156906907 2.0021969446971215 -0.2348190430875713 -0.9877078458701234 7
1.4067709980620933 -1.6264925382533724 -3.5232745434072594 -0.7747780131587683 7
-3.656199422536269 -4.202674781494551 -2.398379218019028 -0.7062884866714263 7
0.8217406706173593 -3.1647472726886408 -1.0321754445257316 0.062144319835065076 7
-2.0581774871459695 4.342284923155756 -3.0157577988770647 4.257046829147151 7
2.9571792985031 4.401835917041888 -2.4117591363681745 -2.822769241077127 7
4.437576870662338 0.565624400611105 3.0577814061161934 3.437305728983447 8
-2.6909130304979745 -0.6636035895362331 -1.2804958366119452 0.479021822930749 8
-1.451625508289428 3.6859405448592604 -1.6263814891037085 -1.9483694146604356 8
-0.8224954976714527 -4.435487573597404 -3.6956831259997425 -0.32087702078012204 8
0.4280058342431238 -3.4404170434032046 3.81680210304744 -1.5727114510872968 8
1.8033714474900315 -4.440653095023555 1.6450721895070743 -1.7845206564864342 8
1.0614916272093569 -0.3820037623800441 2.2804869609131346 -0.9206253689617492 8
-2.96220416604657 1.6133658819351229 -0.6363021722868842 -0.225586583821492 8
-3.8230399507512236 -1.0064048413357818 1.1341373361897586 -2.920769486370695 8
-2.0206186910102613 -2.0725959162242376 3.2324503317027937 0.06680189410830317 8
3.948051938565319 2.5067972299197487 3.03344436019745 1.6940298540030483 8
2.5153817786860593 -3.4889356769732274 3.462901080463231 -0.9268023495796843 8
-4.25072039480271 -0.8011581230247795 0.2955413094294925 -1.225609217019958 8
3.2828181201652837 1.0548811522012875 2.1479234750327634 -1.0715555758273114 8
2.478930752373052 -1.0229125185488142 3.734922854784205 -2.365167596997739 8
-1.1749152447683109 1.7295317220745965 -4.100239999433622 -4.4325329385710575 8
-4.106651199230235 1.6736288906205807 0.2561924381948637 -1.097771433310165 8
4.380166260164827 -3.8186352628020797 -3.711589390279121 0.800545933677499 8
2.19089870588425 0.7013650313820974 -0.6965918554336789 -1.0772723769689148 8
-1.994861056613254 2.4224716051576176 -2.386900409985484 1.90993936499585 8
1.0292014060685646 3.992881157065954 -2.789684883404562 3.2539920560351066 9
0.11786419934630543 1.8414166654068427 -0.7472373651883104 -1.6642757977882003 9
2.07130161110493 -3.8148840164650455 2.1958229597130403 0.028298905730725354 9
-3.2517178449811075 -0.06755655238573388 4.313108049653007 -3.755804916301005 9
-2.907350486480466 -2.066460053777403 -1.950291925723148 -3.5726663839370607 9
-1.8236265461824726 -1.6419480700587137 -0.9805263319923612 3.320572427164387 9
1.8344783821604533 -4.432826255018088 2.9272661379802143 3.131601868263417 9
1.9891107985473648 3.984744610677889 0.4083520513862312 1.3976297479375146 9
-1.3005204140166646 1.9190921630858369 -1.428034651873809 -3.1687071643466025 9
-1.4247078499385841 4.3705388990524785 1.8026436211209709 -0.08027717282640612 9
-2.4907550309010205 -2.982566426167895 0.9663823340627161 -0.0330155470251956 9
-0.3021977307550304 2.250072175519743 -3.4960712383704857 3.0143281418676873 9
-0.35229600168159847 0.17241531362768525 3.7668489282352833 -0.921930000460784 9
0.9708523764277589 -0.3948428299173812 -3.038649095435072 -1.2063832432204267 9
2.8319182711241617 -1.7438623899312764 2.0899574619448367 -0.9060248326458048 9
-2.012398773944534 -1.2430688918098296 -2.6350943915604024 3.988504947049056 9
2.8658654409124256 3.8733732029399466 -2.3240134592475234 3.1510890604395367 9
1.6040136370228015 3.888361318307571 -4.076879792776502 -4.116987680454915 9
1.3422614199062721 0.08104635925094517 -3.1136224654137763 1.6978257754771913 9
-0.5338578723617277 -3.8946361869568875 0.9103002235440156 -1.9388696708762598 9
2.690028105244015 -4.252199289068708 2.6025321365247507 0.8567651735047489 10
1.4511403568453796 1.3204070899160754 1.7832786352940406 0.6477037748922254 10
2.691284838885153 -2.465245219888179 -1.118023658208743 -2.509295704696613 10
-3.1354695294651123 0.6374180441360164 3.7843342863741243 1.2721629881038221 10
-0.8120324376806464 3.5418192249417833 0.6524989955413368 -0.8058536578852982 10
-2.8094927240169545 -3.313213288289908 -0.7730187191835933 3.461972788710377 10
-1.6045419520950608 0.6276248704275632 -3.1993967763887308 -0.19466097075335997 10
3.839677641935215 -3.5080975335650946 -0.19775772237321643 3.2392455442654935 10
-3.8461985902152476 1.243391091203113 -4.297777693367786 -2.842838865276363 10
-1.0130303449875195 -2.426123803144896 2.3154798241323378 -2.566961784579714 10
-0.6541242821455868 -4.405518790925926 0.3797509358980329 -2.2889231465612117 10
0.5387755607658122 -3.2709867620802147 3.554085489548222 0.7097697775597374 10
-2.6338055269153138 -0.5275702623413037 -4.061845439150857 1.491410956234362 10
3.081037098819509 -3.4350005627581264 2.989500294029748 -0.2509825540441307 10
3.7718266913319023 3.3970170874545316 3.920852380569968 -1.9771395680510513 10
4.154908929034736 -1.5351760850134604 0.0280105473458383 -0.5674656832996804 10
1.6779478574007003 -1.3878351675317169 -2.809772601293032 1.419042919998152 10
-0.4063188097883108 0.2784792644585081 -4.065814031018494 1.3813844799917925 10
-2.742711600911983 -3.8743338262302505 -1.1057337667373526 -1.9950436838614234 10
-3.0688954514323554 -0.3044442053769417 -0.2769085301466375 0.7827871817062569 10
1.0747741320108632 -1.8729042959925593 -4.351402334447733 1.4894746262817473 11
-3.5353489696718903 -2.3102825946628247 -3.007385489338978 3.95519332162885 11
4.470639120707784 -2.445088493766689 4.323572696989098 4.368699918076706 11
-2.4564614009556713 3.3255931100662837 0.04268500418178778 -2.96728426052331 11
-0.7185067200797555 -2.2500647470660398 4.2566434376867415 -4.263895744214067 11
-0.08913164125232542 3.070335533374804 1.0492617907602795 -2.288861624274939 11
-1.1766889188051164 3.8179760166496637 -2.588281816165536 2.77181775204402 11
4.452230625367159 1.6117708781933087 2.1483406709519666 -2.9058028190761322 11
-0.888254011384914 -1.0382432483752129 -0.8590631560051156 4.2741355369954865 11
2.4897800323931962 3.026111377652133 -2.455209945814738 -3.271190546344565 11
-4.427558309650672 -1.2956955098046197 0.6655678460381979 -1.4136125370936465 11
0.7331845306531877 1.2893643281525908 -0.4906434194989988 1.628912041196291 11
3.175820108463469 -0.26986456737762143 -4.1400678840546705 4.34161789157084 11
-0.35496734913312233 -1.0105220233664487 -2.5233784249216176 -2.57681208570905 11
-1.0114303327708283 -0.2757225295371255 -4.405461357041764 -2.6630419712332976 11
-3.2255393400824324 0.10789601342088861 2.398947016237936 1.5331753700954585 11
3.7011536182421665 -0.5067697357589036 -2.653141742017761 -0.5187966243685541 11
-4.325925119852609 -2.848914762384867 3.225014760759788 -3.5546483542828433 11
-1.5139925162686168 -2.9144571505063457 3.807178169768596 4.168949458794131 11
-2.3665657072165405 1.267856157944112 4.321225533264753 3.165388075727857 11
-0.13430137940389064 2.9967055980086013 -2.848001823714452 3.244397328509538 12
-0.42688782616412857 -2.1104757788721598 0.216103595340717 -4.347960224749428 12
-1.613573682560359 1.8456586113038909 0.38205421191565914 2.9741554420298675 12
-2.111400477561277 2.5672372315602807 -0.5827845948534637 -4.209797080918758 12
3.411466294902945 -4.2589728340086594 -4.193232126597912 -0.43576287178963313 12
-4.254271582546308 -4.40717948434627 3.769503419118 -1.0913869838404167 12
3.847597102181897 -4.090600916832416 2.460956304648833 0.5775594184743231 12
0.272286500990672 -3.458435587088422 -2.150371679463188 -1.6150197453032482 12
-1.724144100465724 2.015569650881174 -3.372098187025915 -1.5611619438461966 12
0.5170194400206389 -1.9952619326534382 3.8532279418670417 4.37122026596834 12
1.647749898257532 3.5375048951229564 -0.5350565231545216 1.1411652384903404 12
-0.7443059896856704 3.8253927030904635 2.8715850137803574 -4.336046532512703 12
-1.8380554488751502 -3.41334789375015 0.7135816164073935 -0.8231634848166912 12
-0.41483076962486565 2.42045170435465 1.880588407922899 -1.2520709238284349 12
3.9434668776448847 1.2191754471370488 -1.9266732496231316 2.363625918744007 12
4.372908814218298 -2.667381403319319 -2.9335679918374025 -4.202638242400183 12
-1.892772731288718 2.1821752150817506 0.08383142162507029 -2.4258940671667375 12
-3.357852694003299 -1.5006244589169044 -2.464742295789181 -3.488812201107102 12
-0.15912021581709945 2.4319691442196825 -3.289265820703158 -1.566404996475881 12
-3.0309462456723644 3.9634256457276944 3.9926872838970056 3.958438067289209 12
2.8357548481796 -1.2437720895641644 -0.18576006596330874 -3.3624756262606104 13
3.347497706590834 -2.6046659101333542 1.2028197709294537 1.4738828404726694 13
0.9470776387521712 1.2192878497136093 3.968728992865623 0.7502947003736785 13
3.7524134427234817 -3.1553917810475904 2.5191994716018806 1.5281654318328077 13
-0.7016714539262369 1.7611295310065407 0.8904905198424635 -3.089907106068856 13
-1.5657006939775089 -4.2237953306902964 3.555502121568795 -2.975395178672125 13
1.4596636641457938 -3.876960346516078 2.952671823135018 -3.4771784815802977 13
-2.5452845478977206 0.7921923559170574 1.61311546775642 -3.3283188666449752 13
-3.6099102179459406 3.226517812514093 4.307735324025266 -2.0527435220506587 13
2.456432924666828 -0.17824215949565592 -4.0609567636621104 -1.4358146283144275 13
-3.9078694793975988 0.7300168466591249 -0.9739750414045346 -1.5298287883981985 13
-2.6254312599828005 -0.741865537900674 -2.4676843672418034 -0.09526446005894973 13
3.9488428271751985 -2.5180494055233185 2.910693918074063 -0.7380228024520152 13
-4.308480875336618 -4.445476466540295 -3.6263434556568654 3.6069433856255975 13
1.5651720845355401 2.282452876282249 -4.217779731793788 2.9461721460045602 13
0.7046777432261334 -1.6742427611875796 -1.2958843124828572 3.427529038462211 13
4.1783721290904605 3.5847870375931428 4.381872983610051 -3.965783424961197 13
2.1311879728850993 1.5269022687124298 2.174899818400409 -1.3427962916465508 13
0.849659218872645 -1.0497915128193798 3.8242636834489474 -0.08876817395178438 13
0.18143387424334168 3.0505672937091326 -1.6323681120489542 -3.3289610873830195 13
-3.475568314332196 -1.1228378850110947 3.9243529003884903 -0.11731095674285408 14
0.5939637556184645 -1.270614883615123 1.6960566730414794 1.7004895794219248 14
-0.026962419273146576 -0.6146880943610895 -3.9847154356291625 -1.293859519050494 14
0.20204726258262196 3.9691686511305093 1.1895460844660302 2.8835380365646905 14
-0.5028325131872671 3.8256370708113527 2.211919460049495 -4.320883757374592 14
-2.1058485842442565 -2.6549153028356134 0.009716276553521586 4.468183486669761 14
-0.7608570635639132 -2.9962845408580687 -1.4448064692715201 3.702516612948536 14
2.080555294379506 -1.8614476615944424 1.6164560669305381 0.16104991113173317 14
-1.3888465056827684 4.409321935486284 2.308069644550272 -2.559592371371602 14
-0.3878865185068374 -3.030637350030973 3.374101112712453 1.8082867982663238 14
2.3832479170172416 3.5394401446895065 -1.910709144583167 -1.4903770183225926 14
-1.5783569074998904 1.0290023484092077 -1.357890550128165 1.2025395917939234 14
-1.6060222318578843 -1.873216312516737 -1.5156934515824005 4.160789119131535 14
-0.324867130437972 3.6120662239839403 3.997954440011236 0.09260785220374834 14
3.3637610469753008 -1.5080105265231154 1.2625045855823824 1.6028595040742626 14
-2.233353658058452 0.4815243485850451 -4.055202605461231 -4.2394332132350065 14
4.270769630807681 -1.174701841907769 -3.1320138677267857 -1.8118604349060616 14
0.7477107006167689 2.143794263427186 -1.2896630899983388 4.027148254031965 14
2.6955996680580196 3.355707632939315 3.6488829086728893 -4.090845620377911 14
-1.5029556921570286 -0.9952047476896774 -1.422628226312018 -3.5233168269531783 14
1.7348402139345036 -1.2800259380866927 -0.7294412117063308 -2.930232352232973 15
-3.8826587199022544 -2.1864665397733365 2.5792173385971955 -1.7784904793083745 15
-0.08654071204029112 -0.6579778590516524 0.31814487122062873 -3.077645714272448 15
-2.7200985081462377 -1.0019092985054585 -3.322219785262767 -3.730014412327219 15
2.0672300434770716 4.145305881153271 -4.480876082131726 -1.9135382697841403 15
2.0381212994109665 -2.6223306053284094 -0.7357446379072421 1.6922070225699892 15
-2.5613673052037065 -0.5442499409276184 -4.001697615122627 1.2225358518045004 15
-1.6715390436585653 -3.8456737974623625 -3.4002282396650196 -1.6851039342194336 15
0.5138752277403758 -4.009691184073863 2.0450283851757107 -3.4286690819113126 15
1.405360099604377 -4.480576818533156 -0.6542711255536959 -2.2700309964610748 15
1.1918524534426793 2.910152565264335 -2.777772856422261 0.4954899618304631 15
-0.5727891240609092 -0.936917632108534 -4.090214438556149 2.921973681151176 15
2.891591408248911 -2.797767390688068 1.3150511360334782 1.438289056300059 15
0.907979015963248 3.2521835974088096 -4.097064765788432 -3.879198892143838 15
-3.8693261086895783 2.6046255646055374 0.9862386147251114 -2.441102340259973 15
3.064592809082697 -1.2710371156236278 0.5582502651910393 2.804165003396122 15
-0.8235538832154577 1.1374490373070572 -3.320938228018133 -1.0234005972284526 15
1.252546226907305 -4.043786406159159 -2.660271370309504 -1.430335204482339 15
4.339818089590177 0.7291736299571936 -1.1831955599629165 -3.886725306612129 15
4.281471054445532 2.496952467309546 0.6281046252234364 3.028435192288499 15
0.06011397524196771 3.4423938308063162 1.6277981034980802 2.079104307982858 16
2.13148822741985 -1.8317233098217562 3.9618476229805566 3.7850694424226092 16
3.6504108256094985 1.1936950037729364 3.2881514361408377 -0.17390926998208012 16
-0.4842402641227216 -1.3944185545312737 2.808432933811476 3.9995665839706476 16
-0.3166458223056666 0.5500529832423725 -0.17465206387538668 2.791111314455541 16
-0.006268514994695384 -2.0003235202026506 4.194595045274789 4.317995595585683 16
-1.8289429096746637 1.3570337313281378 0.052990094488681305 -1.4796871991229783 16
2.3316554169701917 -3.710103568143099 -4.149335010909785 -3.8769402634228816 16
-1.735972983233656 4.3370964827740295 -4.410608362342073 0.05318072223836379 16
3.935945243174946 0.041020188263486745 -1.8601766878396162 -2.0655896277191585 16
4.436202380906982 4.465677620696889 3.5799547987417935 -3.4988983065586403 16
0.2754050309057806 1.6215332693050493 1.6178696405157111 -4.190884239399515 16
2.192838362409356 -0.0641400196882026 -2.4134983484137402 -0.3515600247842766 16
-0.9109532266982172 2.6548603815047094 -4.247854026066582 2.3721235394980322 16
4.1398135636663635 0.9326171730580951 4.306463639335458 2.920788056763954 16
-4.070494757881784 -3.512194164230144 4.272060514030005 0.46930909290178746 16
1.1774229857589447 1.8472889032932454 -0.937183673360867 2.478092359139805 16
4.069960491923763 -0.9880937266838219 4.447384650940851 0.8701614634021766 16
-0.9978028815378434 -3.4437223475932974 3.250937956241466 -0.5202271679108696 16
-0.6219690302301735 3.500613094355004 -1.149920924896253 2.1388667648412434 16
2.932430385557641 1.220250618963382 -1.9810949649795213 1.0139651543268593 17
1.8562295022563489 -0.5972996051447147 -3.1776858919429567 1.3560695802504288 17
-0.547178835633872 -1.3047805560912407 4.272195999194761 0.9347618670724783 17
1.7605566869430653 1.8483986400774524 -0.15874032263127646 -1.2411595783199727 17
-1.7700924291348208 -0.738841872989095 3.835490652003042 -0.35105044345613146 17
1.5316329824044834 3.6318684188319645 4.042923817507987 -3.5429639747807937 17
0.8986777678889671 -3.5792361614324224 0.7733776276910523 4.2951420032973795 17
-2.175110351595448 1.5026680858710937 -1.3809818846214381 3.2050076769156735 17
0.5592249010368379 -2.4723373373246114 4.180727916567517 -3.335846524100575 17
2.634948750055739 -3.704695540573129 -3.7316624349355125 -3.865218570293031 17
3.5266018579352645 3.962181790038954 -2.7273563214078598 0.6885372515619592 17
0.7336398637024159 0.1988667311403829 -3.941848924678543 1.2565810739838716 17
2.3079629640030808 -0.6543159350259686 4.436790035107539 -0.8717164144406779 17
2.8995526026723253 2.9542446429216835 -1.4946069028433022 2.489328168060466 17
2.7502440469504177 1.8940270581988154 1.5139582155612903 3.7314363802331165 17
-4.3281040729389595 1.4950633436154677 0.7980344716802084 0.40562707533769615 17
1.514084540487571 -4.013459764060649 -1.9615787365521486 1.150896290205902 17
-2.2090427410513462 0.16755633318153673 -3.234743963025464 2.9293572958221157 17
0.45004821639388193 2.2310919110321557 -0.4628154653731754 1.8258094707278207 17
1.13882199748765 -2.7358471965616102 -0.9432029646705091 -1.7585949794952382 17
3.0873930313295257 3.9357532428258395 -3.3964922870449046 -4.183373794642862 18
-0.9664493933097195 -1.9566838337304349 4.28608291654651 0.9526074207971345 18
3.563333994328386 -0.384646134669846 -3.8907270535135656 -2.7127664469091437 18
0.581058458810086 3.506358379061756 0.45494935735798026 4.063311440180328 18
-3.019842292727782 3.1837260518776658 3.925980803829689 1.3269294351845995 18
1.0007462488844272 2.937590299705075 1.1133354396641417 1.0494589986921352 18
-0.9862453693150218 4.262176287881509 0.46526289877264937 3.7005083656648408 18
3.433623603542099 -1.0035591125688783 3.149041933318136 -3.007511854979861 18
3.721525217968643 -3.0741794789288113 1.4199910576175276 3.7976611378091123 18
-1.7651236646547317 3.943279656210824 -3.112358112845884 -0.6967219111656677 18
0.7298557497315441 -2.5465758135477587 1.1649829400493221 4.088972655704859 18
-2.0755215103969293 1.6499145139571247 -3.3035261967660197 -3.1685771287721782 18
4.496748057703261 -2.284274310644243 0.0894283865836808 -2.561800917923297 18
0.16834534276723734 -1.1948346444878313 -1.0675439714309425 0.41766036519481575 18
4.067772575169994 -1.8948777250163042 1.1998918505777132 -2.8453878740148926 18
-3.221651749917062 3.733690527675184 1.691615894431393 0.2103622371107029 18
2.551530198301783 1.055522902577127 1.6000337212367293 -3.4354427590027705 18
-1.7323835824167184 -2.7550067772610443 -0.7999397997509474 -0.020231541124948293 18
0.6658847821267494 -2.479067869306828 2.377803141653321 4.413036135723583 18
-3.819625990375175 -1.4693375134317814 0.3197986705149517 -2.6751187550594726 18
-1.7667127387130996 0.07384205297774693 -3.4780616140473173 0.5043584877075975 19
3.392554340583205 2.375354096240015 2.308888024539451 3.4005815923300946 19
1.4472822352040648 0.9603110144625931 -0.07472828904445472 -2.0160922871578806 19
-3.4038300194795 4.376622512602369 -2.0464131340754994 -0.7737608337349972 19
-2.6788968305819783 2.374025074471577 -1.52268380618455 2.620492987818218 19
-1.3418553588703392 4.448895261853602 -2.8003962587907765 1.1052513469853638 19
2.5471927907165264 -0.9693484977256166 2.7737762439657394 0.3747611810187019 19
0.3954262713624639 -1.415188518620131 4.276038848199914 0.41435622383511794 19
-2.9234257633987353 3.3693569795600418 -0.45087646585660324 -3.802120310024751 19
-0.6037616750038751 -0.4536918453418409 -1.6233597373214346 1.298094744130978 19
0.645064428642462 0.4307251414455193 0.8349129419056811 2.0021269990049033 19
3.190731910492895 1.785679713074926 -3.3947464478637492 3.665318663563239 19
-1.3799391346125427 -2.948856780827639 -4.2438469818081295 -3.094607681687085 19
-1.2450180017974715 4.320769570772392 1.1179182484852723 1.6225372058967462 19
-2.8236529515599575 -1.494299490623878 -1.3393254870148796 4.134452034307452 19
1.7225687621201593 -1.7908293173260141 4.423164228125555 -2.5921278928537927 19
2.409396321734353 1.9664974755348303 -3.9542637610550213 -0.28235188789396537 19
3.646318270682405 4.433821541170282 4.374832972180884 3.2248469038460104 19
1.8885335039294846 1.3798202195813378 -1.7091614956585581 -2.306680748025732 19
2.6271392972639793 -1.6113458983992937 2.719062712375848 -3.937038177712494 19
4.320385971572932 -4.422960174597522 -3.1169643980324624 -4.298091104018694 20
0.34885941011158217 -3.93279972120257 -3.1295490153856598 1.6400062092789067 20
1.2732215813069292 2.4926949372292557 3.9714509897613106 -1.373762263366715 20
3.2587980553705105 -0.5201499999473844 0.9097168996879784 4.347230454899054 20
3.395425743534377 3.4836809873981527 0.37548001479826343 -0.1859591340109128 20
3.4445133185188794 -2.9979804693755274 1.8666109553121057 -4.117639395327462 20
-2.2433034803935943 1.4952881090547274 2.810920033024065 4.074080035796494 20
-1.7400048833899786 -0.1391669557490801 3.945853542195119 3.1357117115262008 20
-0.6244519076032665 -2.612846394625643 -0.05606569954905827 4.237733985702229 20
2.1064726587944875 -1.8647209343631288 -2.552198864181897 2.1988320147161944 20
-1.4452959752455534 2.7529867159850117 4.37100536478556 -0.7729267989787146 20
2.5283983699431247 -0.05099357180431063 -0.8467642582132637 0.0641742554778858 20
-0.10781042555765497 2.647108932130523 1.5769591367351337 4.000614777449055 20
1.37402469225915 3.62095716463114 -0.8946225029205214 -1.6465530853001809 20
0.5196243261422453 0.688606052546216 2.453729585295899 -2.8238968605117885 20
-4.442670097620184 3.1332135716523357 -1.1536385291410092 -0.3815695538107092 20
4.273732793033006 0.3137744484645759 -3.9378143809351567 1.460016392597249 20
-4.476724028538933 1.246571111591407 3.8126825457388223 -3.2398437308726087 20
3.600163964596907 2.64402470409216 -2.3658335216246673 2.51837905588442 20
-2.3923079663490645 -1.6256984978772666 1.7546758124951956 -1.7449089898642085 20
3.3563686890792748 -2.2543526631354505 -3.41392240921487 -4.392116635480995 21
-1.2370724310630297 -1.8548957518192952 0.1934371428325956 -2.9298536583407095 21
-2.686332040676475 -0.6325270046423622 3.0938070744750403 -2.343000913605556 21
1.451291699439781 2.5499511915798583 3.7147626730454775 -1.4612382992375357 21
-3.5461501966934295 3.9018858354427337 -2.9147556102033363 3.403011307538195 21
-2.44167063781196 2.2976299184336995 3.056380892593603 3.765696837988736 21
-1.6079048988855944 -2.53386871362703 -3.6407500813158395 1.4090103512826082 21
-3.928653912737699 2.3542274197541015 -1.0318296877471784 0.1876989806341849 21
-3.3941442941032665 1.4927190582429617 0.7662669370937554 -0.7552652619987975 21
-4.340962412268912 2.2384547979455034 4.0616525750145644 -4.038023005268872 21
1.0504988548305692 3.6786692669245937 -2.1732256842135005 3.057392485179215 21
-0.6323624680196087 3.7060929986006395 3.7795551266205782 -3.345827900892407 21
2.3898384070373373 2.1590337597190037 2.870370069159918 3.8168237007858075 21
-1.5223929330484276 1.7982641337072995 -0.371747271968055 0.6848703204644763 21
-2.2370897885700267 4.090032570581349 -3.5739644561559967 2.5075749904020004 21
3.53885365469747 -3.585208634068898 0.5607873499076512 3.036608193459712 21
-1.0576362944350215 -1.9516139667246664 2.200054590435781 0.2692741719600569 21
-3.937127061044162 4.421319688746064 2.6318544785916202 -4.022080544354199 21
-0.5164766748033642 2.940494490953389 -2.2024102809668076 4.230600463476374 21
0.7979593216074526 3.1075307687759794 -3.832616496596663 -0.5980593297986547 21
2.1796266406527622 1.5227086351492711 -1.483351877493753 0.21203917268323114 22
-3.848642024081251 3.51520354796771 0.9042444504568816 3.401423110881117 22
-1.19865455113206 -3.7777098265766558 2.014560957198575 2.572616505074726 22
-2.698326488882175 3.727672685794591 -3.348713945791668 -2.8149169365799414 22
2.4051634905482127 2.671389161560617 3.660894876358815 -4.239102606727759 22
-1.169101050041371 4.388475633919195 3.378471319518746 -2.8256316796346295 22
1.564051220789509 -1.9221854870068715 2.119955859930465 3.3508695576680188 22
-0.10537607993139819 -2.1170149425469917 2.2008799043872953 -1.621256507234373 22
3.4914360018941633 -0.4513215581939669 -1.7222230210036398 2.1302849598778884 22
-3.8633877556325382 -3.6826194226533735 2.961147729305332 3.848139774094138 22
1.0016682350531707 3.400075969868146 -2.553077849860105 2.9983017711920894 22
-3.758896686203207 -2.9151703156109554 3.3825718291305185 0.9451531426072992 22
0.6109410608998116 2.9204038905440415 -2.76973483834655 3.402943607718985 22
-1.3198178167925096 -2.3644014628097945 -0.8367745665207078 -2.796498584044886 22
1.6656209020893098 2.877123522862835 0.3529212254357518 -2.2461643702375964 22
2.8668174634685712 1.5231552277257379 2.6585796292072983 -2.664073678432236 22
3.753424053626303 -2.513019068909415 1.6687272659320629 3.0610171553842433 22
-3.405088355661324 -3.7860298905027134 -3.296094244953653 -2.5773054930848227 22
4.361428934420797 1.5753109823454874 -1.3774968651541255 -2.891439344135354 22
4.493875558379264 3.9430688897561446 -4.411996578306785 -4.365376492222026 22
-2.777363568875292 0.6455006927277873 -0.2632498904538788 3.486012434398147 23
0.9598873536594927 0.4858484943775757 4.435114989440782 0.8964940243107314 23
-1.4529676512819312 2.1627270965184837 -4.30136783054499 4.021384233790578 23
-2.210578973082915 -1.202102800073091 -0.6279336843657745 -2.755221306314182 23
-4.052045171687477 -2.850621450254935 -3.2198399454234456 3.9630860948810516 23
-4.397524091321973 1.1325225615017671 2.6962212465868385 4.019860422194674 23
1.869554173620338 3.6172517095206245 -1.8287596961746204 -1.0463623127287989 23
1.898839221150107 -2.9146904008493606 -1.9629678169564702 4.103116030033656 23
2.136836960058022 -3.41481297567522 -2.1429543614744686 -3.1714638669939843 23
-1.9887584771818616 1.2835546797519914 -2.92234578437262 -3.2656108322921 23
-0.2411128509412559 0.42145962634611844 -4.167009462846474 4.240328161511758 23
3.3460933747057613 -1.1072085045021778 1.3096658124913798 -0.8704302498075716 23
-1.9564848984821066 -2.485311436347051 -3.651170619708748 1.6775784372668632 23
1.1367660308958258 3.2085575190124924 0.17254655034050825 -4.051621076984106 23
-2.3938605130154804 -2.704223234883296 1.9201901075047527 1.0416036399765005 23
0.9607903925526308 0.6139654482377843 -3.484030840709585 2.3134040577040134 23
-0.8783390061361226 0.7985755036616982 0.13962511709248115 4.107423115129652 23
4.3904887784026805 3.3655906242607743 -0.8544988871335885 1.5616589589144911 23
-1.3856101406199204 -0.3080334072763926 -1.6337659121119676 -0.576628013331378 23
4.208312097361539 -2.664233892234254 0.7188359553628918 -4.212723603186063 23
-1.246880730286874 -3.3122028115522792 -0.6128293433858809 4.009418357567656 24
1.9789620678212083 0.7902915607305683 -1.6383464598196908 -3.628872246078024 24
-1.6834926347884271 -2.441435286258733 1.001719985807019 -3.7079358308966115 24
2.59665467648671 -0.22856735803559636 3.1770115014523546 -1.0537250514606993 24
-1.3100251419684361 -1.9411576491744709 -4.446300008460881 0.47075864659824584 24
1.3797853801518216 0.1757251888368333 -0.744263349847645 -1.751882237784292 24
2.059980209023225 -2.3485936873279774 -1.0638841749681993 2.3423041660193618 24
2.357119377101384 -1.8660319119010969 -3.727461184735156 0.6870569249456545 24
1.1854128987791428 4.481361963405889 0.3430390437817895 -0.127025015218862 24
-2.4620152276044855 -3.915577322103162 -1.0471761563848427 -2.064592807552304 24
-0.2753882458405169 -4.000009359758049 -3.874035139383426 -1.1898877551137566 24
3.1410147772647994 -1.910119366111468 1.1565816787078749 -0.03898564531597426 24
2.616155841834026 -0.24591017384776548 -0.8297523154568834 -1.848362456282437 24
4.24947757706771 -3.117567221729317 -2.3557868321237674 -3.0749540408097724 24
-3.1290257562219854 1.4263987007729573 -4.485840239616833 0.2188453230397298 24
-1.9576639447729856 1.0106900783101058 -2.8411478949366713 -0.9784914170086099 24
-0.6382539426831296 -3.7766542130972383 -0.9612722469693541 2.8051227197163477 24
-4.223068088762625 -3.8507652270178276 0.96462612733486 1.8184308421310824 24
0.33381721036429224 -1.5254245739520704 2.13185658553223 -2.934025133480036 24
-0.6556495461425631 -3.5085085586189626 0.06845697080909374 0.574215510423826 24
