500 20
-3.112534418582949 2.160447268638643 1.727234280161076 1.1959047080255494 0
-2.130164863333788 0.3036545404226797 0.7295847038213489 -0.4599667181817586 0
-4.368825337631223 3.7687230728989647 1.4286530247385154 -3.1354552840305505 0
3.6064336870531104 -4.199207151362899 0.305532319550312 2.677641470638283 0
4.112544026476051 -3.265116107795312 3.548485609079642 0.13167338849136878 0
-1.9455448233784876 0.9547486592294602 -3.416009316282961 0.4307038728125505 0
3.998026224477379 3.1746198699835646 1.4508396538047408 1.4374275618535197 0
-4.479666898333378 0.19103424498263588 2.140114502451994 2.867885103759565 0
0.46833869938109907 -0.1316032770356127 4.29359427468879 3.665650415684951 0
2.413207386579801 -3.053549221869869 -3.650244117359418 -2.698035144695157 0
2.3810440530499086 -4.312711818431405 3.784732777205448 -4.330101690340784 0
-3.2831083946779485 -3.4535428433847914 1.3487938674194568 1.4941250673224027 0
-1.710921739589737 1.5430738069080239 0.9681463073594623 2.2763514776995204 0
-0.258931995749873 2.8455146824142417 0.7809310876670316 -1.4962551454246704 0
-1.8937189482250179 2.0981337985140356 2.151665771280128 1.7097188423282852 0
1.8236011972972168 -1.5518747136291928 -3.9804180434165772 -2.193269672910267 0
-1.488172238045498 4.3025227111486695 -4.045465602171444 -2.3317576567918685 0
1.1212390056181714 4.052821722295728 -0.8586377651216083 1.2277297813650523 0
2.4072808555843985 2.925083278932961 0.17559431157889216 -0.41130071410904057 0
-0.840237283740045 -0.43822429720817146 -3.937001502840189 -3.4114662427841655 0
-0.8943153537449379 4.456243443047026 0.8439638924015584 3.547997128960373 1
-2.901922416558996 4.1633721272506525 1.1522207715835564 -0.6334686301493634 1
-0.726747567668044 -0.6835279810410115 1.182241252768844 -0.0997175139458173 1
-0.3316601724538867 -1.136491660584762 4.104753397126486 -2.132918137962867 1
-0.31042709844740113 -4.183485646762757 2.567100921876905 1.017357635856598 1
-3.7415459724133893 2.092686283277551 0.23563106365256192 -0.8047171080781022 1
1.2257999444958076 -4.248829900246207 -4.197445360799182 -2.1327763562303104 1
-1.7984694615841206 -2.5123273125400303 -2.5182714270969195 -1.273510435787156 1
-4.004820059938199 0.20921463700462695 0.48912679908346113 -0.03763072299471082 1
-0.7526730843485084 -4.066031251569866 -1.9648297027495372 -0.579057781807338 1
0.6516406397664842 2.7316498560963867 -1.3710645936706332 2.1551701571755237 1
-3.4775845241416468 -2.005945070173234 2.035865901966006 0.003845241356721818 1
1.2751028251688061 -0.0653642510714294 1.5204298428337237 2.2313879290248857 1
0.059004681012853166 -0.3470376594064034 -4.4346828674468055 -3.829743869794018 1
3.5526876653510167 0.9519992382202644 0.08070314289134628 3.063855834580176 1
0.9302004285079829 -0.5051532942785799 -0.13544377715382272 -3.1767939118957935 1
-0.17957895005798807 3.496027745067236 2.933853383912518 -3.7956227108242957 1
-2.623495603858379 4.001233159406924 0.7520640088778965 -4.260264367341939 1
-3.8387696045196105 0.8563721097248146 4.149910939036181 -0.17700638217726317 1
-4.219640362334102 1.4873168927771026 -1.4406161500549386 2.853166646955061 1
1.2364694562687248 3.2621864606785356 -1.7429457488374367 4.484369727853921 2
3.9747394110569116 -0.48935651930436874 3.600914283308908 -2.326266958890361 2
1.5296186919217951 3.818976296687925 -0.6664794354035771 2.8472857173145556 2
1.0748112009097195 -1.5967284056206754 0.6110310314744091 -1.1566746555611993 2
-1.6247132015977692 -1.876889834940124 -0.780445482751155 -2.7776767836261684 2
4.116756813651515 -0.8463749133632155 3.1737738767589656 -2.1513847621825777 2
4.019002401265228 3.2147150294874924 0.7628771626075688 -0.9654047996073172 2
1.7003489942921184 -4.470408281228943 2.7947335204367674 -0.7585155107823686 2
3.600931496912842 3.7787838386609103 0.4392620258815845 -0.03136581355171564 2
-4.446815797183642 1.2863353359226104 -2.7646805873471836 3.393755698406266 2
-1.0330471778123327 0.8616770485821574 -0.9602940277172738 -0.24017855497462037 2
0.9972634995396835 0.8965726955760397 -0.7268819874942339 0.9838954169282728 2
-1.6894440284107357 -3.871136927132208 3.249023578785718 1.1117273047676086 2
2.706608107939747 3.702906451199872 0.3006284095724504 3.708340923086091 2
-2.7479283386171662 -2.6045312503240448 2.7603782173741824 -2.298963484786949 2
-1.1030329587541976 -0.874375108445939 -2.517239426198161 0.024307446920224796 2
3.4665992498951543 -2.680610909669347 -2.650726754731635 -4.107396769653284 2
-0.7288665526462453 1.331632560053352 2.017289428847679 -2.4740053273705964 2
0.10478657513997947 -1.4955076303685721 -0.7327173330691719 0.311127454545133 2
2.506260904734102 -3.281083788891503 -1.7494767700590428 3.921211523251997 2
-2.774603049699998 -0.876697668936317 0.5472339508693476 3.3943040891220284 3
2.581600187229522 -2.2157262546507956 3.3605668233239703 -0.5188061864637508 3
-3.5146312080163304 3.8760841294369768 1.4755574390711714 1.4085453427934236 3
-3.3625144460286234 0.9450485132720724 3.9958353031371927 0.7406545972432481 3
-1.8889025707095557 1.1387645273031326 -2.323039587386889 4.03643195709436 3
1.4352835845673473 -3.890464545368747 3.4803075515377637 -3.842760998399396 3
-1.3010136767907958 -1.4874833027090468 0.008859345976935384 1.7752249970882503 3
-2.9024426950493813 -4.42796994195947 2.5389381163352813 -2.7385071257041926 3
-4.40605438114751 0.8771292417521094 2.2413916480385763 -1.6907743339299492 3
-3.7382533168309076 -1.6589858676420102 -1.0101133064501564 -3.7937217251785333 3
4.217564960729701 3.362242961133116 -1.2935015429604402 2.1512479053436273 3
3.715055947537419 -2.97091565161303 3.9022929202330943 -1.3256710806030219 3
-1.6487288937985944 -2.3239778785734355 -2.549468837922782 0.9909696124853449 3
-0.08140527157515409 0.3954906861166225 -4.467125937328314 3.661809870507158 3
-0.8509105162349078 2.1816928185911424 -0.09030232486123357 3.33122147427341 3
1.2935971418868242 1.4340901564320359 3.4741328936242732 1.1389620468382216 3
-3.156986832590401 2.2192541082518034 1.2931094573223234 3.169087667223704 3
1.2730283605405484 -1.8159207369152688 1.1351834881883898 3.1201087326080934 3
-1.1175489421248606 4.397650786576326 4.429436512547664 -1.3161545949986608 3
-1.398645537480737 -1.4089949941385238 -1.5763133081354166 -1.5307643040967305 3
1.0228810893759288 1.0655344146540595 -2.299611820207419 -2.0121831089443707 4
-4.379819200278786 0.6698951534436199 -1.218740562593916 -0.1543552785814849 4
2.499115068716595 4.048938694239752 3.8060554502584076 0.6394246155784368 4
1.8268395579001018 -3.454148398969578 0.22875086331430383 3.8316021424318687 4
-2.2805866968921813 -0.7295518735418459 0.8679346811157156 -0.43647822052729457 4
1.1882839204245559 -3.640767718816159 -1.9999186829198474 -3.1482015353668387 4
-0.9872171151918113 -1.6022917122234603 -2.5393698591275276 0.12211688957042077 4
4.241927645348202 4.222641416502971 0.10845350050681346 -2.852779115055982 4
2.190761714029625 0.1592036553192151 -1.0155516406431806 2.9918374609125333 4
-3.0196803949298 4.0444341334647635 3.017990911060791 2.489951392677437 4
3.7964335921549597 3.4431363030514563 -3.428135885490832 1.1707647751926005 4
-4.040652599774364 2.4744619389125613 3.392102496079843 3.6415988194094755 4
-3.546943628188867 3.648562799666882 -0.5443725528089114 3.2636797906201696 4
0.7909783624044239 4.392807819254269 -1.9349961476688455 -1.7725310038542093 4
-0.6420477913543992 1.1686498105602632 0.4670887283828299 3.381296417782263 4
2.486532008387873 -2.1616426100914747 2.5843085130552614 -1.586978831629044 4
1.2502176233594167 2.9411997764460804 0.25948327690455497 3.8025230565631847 4
0.1917473248838646 -0.6796337501020249 -0.21716270135089877 -3.147963508233826 4
0.27902734023853937 4.013803104030543 -3.275696829739166 1.1825967742327914 4
4.493462959298186 1.5383122996343528 -0.02133398134456488 0.8210567309773786 4
2.606185233380544 4.334287992242731 -1.543936405586455 -1.0168548373863953 5
-3.225974290626448 -4.263416821018925 -0.23871270300572633 3.2436262123979596 5
2.217984851017326 1.049292666364231 -3.9851672493359978 0.07720011358586387 5
-3.607157706515344 0.19712407821440459 1.7563191414240449 3.365141374155211 5
0.06688783330795978 -1.9287627666965257 -1.2076291267475874 -2.987039813939894 5
-2.2640535965267237 -2.876857378227526 2.3084836227539904 3.940845837747811 5
0.7544076027760099 -3.114732533841315 0.9337670240203635 -2.620297283762254 5
1.9055482893474172 3.2287716490683174 4.443430949504201 2.513911534528895 5
1.6779723371836641 -2.1138335206902754 3.585355968784445 -0.03901557463746541 5
-0.9267056381938317 0.11714422691018989 2.8166434271835143 1.9788478040051753 5
-1.4021620127568564 0.41042094298205234 -0.6523166146217522 -1.63008611603751 5
1.675050613473879 -1.802763945059283 -1.4822503786713586 -1.1693049528751436 5
-2.561779588817637 2.594779109387216 2.2204499175914734 -1.7874416866396161 5
2.4826405135266616 -4.124466444403176 1.8741629112659632 1.0257830531157357 5
1.3093683258985234 -3.3462620774452243 2.6659604528142573 2.7801711334458563 5
0.42887252648076746 -1.876288980096481 -2.9584285531919114 -3.0912571864739484 5
2.9326060457757253 -3.623828652498732 -3.365479521237882 -1.4335827409147974 5
3.577607202226993 -1.4220976861369548 0.2609828144463041 -2.8596912950974476 5
-3.3112322546264217 -0.38175346426715706 -4.003910877386754 2.774398761154792 5
-3.7400597274263188 2.1620393392000175 -1.3251781218480425 1.7143456358661018 5
-1.2263596309696403 -1.49794954005391 1.4982327402484112 -1.8034639995246566 6
-3.5421780280828266 -2.8246894193160568 -2.151113012619086 -0.1891323205468437 6
0.17323924288224335 -3.4863994886077236 -4.388926358895839 -1.7462196467267352 6
-0.1446696948225642 3.8833953930392626 -1.0136141417613356 -0.09032198936589819 6
-0.9103032501456599 -2.876472139198068 -3.6750706426670128 2.0870106341691517 6
2.749428362574815 1.4466191579196792 3.5495016863942332 4.426051918965855 6
1.0209160308503038 -3.3850606056729147 0.3510368739234859 -2.9051786036517107 6
-1.3361260790776015 -0.2421017855124672 2.4179235656137683 -0.8726834919255214 6
-1.094532294376354 -2.502687003994682 2.1173590736126906 -3.1081546923814867 6
-2.4580773943246816 -3.2145466954258537 1.2679353486011031 -3.143429819518362 6
2.06482609051662 -3.392895515310217 2.496550738468148 2.1227823008036686 6
-1.621998233349112 -0.975063414123268 -1.8671620753531961 1.525867650183509 6
-4.158529024932492 -3.104898417852734 3.2022709272624073 -3.9125002318537465 6
-2.9641589440478815 2.4328098500562922 0.5880174206854134 0.6406896707520767 6
-2.347213130618943 2.2245307851055167 4.384151263624096 -0.4671624299896624 6
-1.3725523382031422 1.4509203138007671 -3.2931659716338446 3.5859340574922554 6
1.3909859984914723 -2.4032165139693045 -1.499869604062435 0.9047767873097783 6
-0.7112270699262235 1.5888916399495425 3.9202804258489774 -1.5709506323672913 6
0.948107576303169 0.9781245588749445 2.697932455858948 2.8157715382892046 6
-4.144649204019012 3.6489235929746275 3.770628286052586 -3.151569572430739 6
3.5015074280953593 -2.8918684555851155 1.6432145361620347 -1.9316848516813745 7
-1.0088682456832658 3.66871134734001 1.498720528919823 3.0394317350950253 7
-0.43081604843923305 -0.60036176887585 -1.269010868327558 -4.436219241730721 7
1.886510424302382 -3.0518807593387263 -2.686805644756534 -1.5364382396216496 7
3.2737664325537987 -4.375236766967683 3.917737332619761 -1.787572151342782 7
-3.83316111510289 -1.116758312684242 -1.2086574623071278 -2.8197275577712704 7
-2.2557282938953183 0.11361010392066695 2.539212745027033 3.1805803610808057 7
-3.2086776877206145 1.274899512021494 -1.141392027025634 -0.507840871739746 7
0.3519495341867196 2.9692275819299185 -1.8170163319427561 -0.32856985073806944 7
-2.077875828420524 -2.9604985053056003 -2.0349550204711386 -4.113076633145223 7
0.23789487975701717 -2.3233013214064346 0.7780755987271223 -1.957015888380555 7
-0.39407298958373027 -3.4516618978777265 -2.9233891185833945 0.5316962469400413 7
0.8982596526196519 3.029714034046827 -1.4975126385228665 -4.103922833209013 7
3.7109872016430447 4.055643648360818 3.1251714948502767 1.0640820138231728 7
0.733764323578625 0.1322127529282222 -1.053456281200045 0.15930152647347007 7
2.490445907287789 1.5488759347386707 -3.3365021949037192 2.6240882572719126 7
-3.025912134029665 -0.6519748032668349 -2.0070685602702567 -3.95538464397467 7
-3.110466054027465 0.6003143757391519 -3.537014502606586 -2.172663961646403 7
0.08192780715126657 -0.41599335518951863 -4.383770810127505 2.6824864640556205 7
4.419101447684721 3.6013189710173408 -3.70574919485724 -3.14094670233068 7
-3.1371679869371314 0.9690727665285539 1.9880058630652404 1.8722917154688465 8
-0.19616117955406553 2.9576200181324808 1.2020049132962796 1.878731064851177 8
3.864829058567685 2.9588859734065194 1.6630292091568037 3.2771283218410208 8
-4.259096667728769 3.5124373641827495 1.479701597056119 -1.760237435389311 8
-3.021313680878339 -1.494249528549976 -1.6631670489122643 -4.043916918291945 8
-1.1042895648472864 2.864528407150174 -0.7807989686982153 -2.206585690401797 8
-2.717522217723426 -2.9157655771955175 -0.04779967496325788 0.3982692012393336 8
4.431924476913532 -4.097711300903181 -4.276252841833226 -1.7040995501341114 8
-1.7023600278932411 -0.7957478593539729 2.226526950520882 1.538889951774705 8
-2.4726307165592556 -2.06457407260692 -2.800515512615643 2.775285514375844 8
-3.5350404596165284 2.7991859926470033 4.100102047564757 -1.0497200868397267 8
-2.286179210647697 1.2046654415129074 -2.7487508132948166 -0.7932202343020744 8
-1.256058988624336 -4.4562358100284145 -3.5983474420490476 4.451485188425533 8
-2.275011918528468 2.969164756797558 1.5296651282800657 -0.9885147066496791 8
-0.7995570993471464 -3.6907687441389943 2.390973921407818 2.440480031279089 8
4.272637498644445 1.3712603762877764 1.0659069282938551 3.2929645556434406 8
1.4054002768019487 3.847646437560095 0.877099080638169 -0.3557622828480381 8
3.897203568908881 3.4043092999811195 3.162129236493811 -2.8679667369023907 8
-0.8862721893411841 -1.9894530500736733 2.7758423779775505 0.4710469832123477 8
-0.17167502999810258 2.311387482270054 2.5925063615487574 -3.9536361794285027 8
0.0799432214833612 -1.1225413022151836 -2.678204393899467 -0.2327592149474681 9
0.8797649766269536 1.279468667866843 -1.144262543821182 -1.7958912163588234 9
4.306768611139937 1.0938437570900188 1.8665360442201462 1.2575653975236791 9
-0.959396115619529 3.9135453453645708 -4.120977346139881 -1.3930852116334704 9
2.086386716701535 -0.6248733139530179 0.9717158110071235 3.7033460956188264 9
-0.3643458588718165 4.4891136798717515 -2.751648760572004 -1.7188442270733908 9
4.172383657495861 -4.441323573583649 3.1689457055671415 0.5933661843762195 9
3.1135965354866917 -1.237669794839853 1.5430872484431428 2.1482801579878856 9
-0.9244204654090882 -1.8498631862013384 2.6594374548598747 -0.9466869137761934 9
1.0331654998742439 -2.910279785068893 0.21383452326642038 -1.6312051363463582 9
-2.6245633446539376 -2.5534059794544826 -4.266752454383364 1.681895515686169 9
0.5528414189484084 -3.5722140539939216 -2.3185710905677848 2.2231787745298157 9
-1.6980662078685276 2.761934133895921 1.1831334265777786 -0.960289475088317 9
-0.1256844112764981 4.101608820882405 -2.678844419900861 -3.516754313410589 9
1.9310130767874205 -3.4627919904026774 -2.793138748598263 -4.127632330617898 9
-0.4692438438276627 0.24092531870790967 0.8799945863073635 2.0655842527318824 9
3.5670317671547718 3.7822783685944925 3.7047202307971254 4.140124153153511 9
-4.02044716900422 3.6873060094809893 0.8445452335359888 -3.2338375313292707 9
1.7016611365757344 0.6699672364167484 3.1753759471761636 0.11627066456124835 9
3.764939486221521 -0.8547243706576607 -0.9843828956927806 0.9664277881340919 9
1.5520554009539191 2.929370370169989 1.881400374560396 -0.6856258879114656 10
2.844075289920098 0.5432629847109213 4.016376789164337 -3.979170819199169 10
0.5372067363201558 3.2221137484057603 2.645654992657017 3.593940953941649 10
-2.6501884407951306 1.9416682494437314 2.7746701379876475 -2.580086026304032 10
2.8428438835985888 -3.4265112895375593 -3.142265809320305 4.244304862386969 10
3.1380494570472988 -3.372999587169701 1.2733080597269413 -3.981796899989718 10
-4.016570825998407 -0.2643240781551386 -4.0784417397619945 0.7816643439935608 10
3.9487558109957375 4.027844806739276 -1.2847791240740327 -1.1308459460124398 10
0.7809570096526146 2.818220328516072 -2.4430531591696467 -2.8057044310409576 10
-2.238708855687662 1.270184090310826 0.6328034529228885 4.2115305557872915 10
-3.0079767801850092 -2.2200957366303307 -3.5093153565419306 0.5765197491181276 10
3.882199507025782 3.5759844272547765 -1.870739569239673 4.1261598028234525 10
2.186156936046767 -0.23846972938209043 4.179689415027876 4.363171327014523 10
3.4249527164495848 -2.9637107665063516 -3.0649493147467473 -2.239176546259851 10
0.07080953422130865 0.8926258255224758 -1.556584619072793 -1.3807999952574208 10
-4.164804322546885 2.839844388498511 0.09806680397825274 1.8537176972921674 10
-1.9656875736412012 3.827709837735906 0.45162279556956486 3.4882020062308596 10
3.897371171916255 2.590357540570183 1.8432660593014059 -1.3082245245394772 10
2.942192804604554 -1.7724334338954928 -0.7577958981013247 4.173252886246025 10
-3.073047880868579 -1.2019526139480505 4.180418442451263 2.7153538399856254 10
-0.9607005653842852 3.9225017189131934 -0.006936725267187582 -3.1888601130141527 11
2.9689226874034262 3.0644098879649415 2.3402211270382933 1.6239098819666888 11
1.740556243720922 2.681259057328275 -3.508308363107745 2.640739885521503 11
-0.31887547485742007 3.5992098729498334 2.925264977515339 -2.9321017595266428 11
4.233152912687665 -0.7992914851723976 4.27680108672533 2.477723756731817 11
3.6503084465640923 1.9132398526146153 -0.099383563943369 -3.619577125058637 11
1.277973184498168 0.23229984603556486 0.4466486681219636 -0.6940414806881345 11
3.997927741624226 -1.2372070561110111 -1.1646578099927196 3.4987071238498 11
-3.240985183774277 -3.957441255598548 2.430959969124806 -2.8574625165131025 11
2.7729865719702618 0.34051674765742934 -3.685993925697495 -1.4046756428094413 11
-2.346276337562457 -1.4203522362748426 2.7046539378504137 -3.9632000859362364 11
1.4189010536458175 2.2375060253115615 -2.6263822465514908 -2.9501241829737808 11
-3.731763705066997 1.100077660134753 1.465148736750761 -2.129131210581219 11
0.9369827536260644 2.6567197283879658 -0.030613138765068548 -1.705341055261581 11
-2.4812887384680185 -3.0460414203015134 -1.8332124525585787 -0.2809663103909069 11
2.255105945557611 -1.0091184541512832 -3.2673056984703157 3.796081834929871 11
-3.406149162591954 -0.5607124493942207 -1.370728040426119 0.26836464283075934 11
2.684074179423993 -1.3875674619087333 -2.2711065208109775 -1.8867960955408687 11
-2.7101882121279646 2.390580028103625 -3.05628833628794 -2.4789914429876627 11
-3.9089938261529937 -3.639727467776154 -0.8048112616406686 3.5770098192625994 11
-4.252507607540333 2.7151930551728105 -2.0853513588490706 -3.872677133154646 12
-1.3191643471420433 -2.6434080866584653 -3.76785183205401 0.6895169626680908 12
-4.4770122316884065 -2.089230445850859 0.5608212416569832 4.132517383314887 12
-3.2186539280395596 3.3712871764327774 -1.6830493703611369 4.057700819974692 12
-3.493928227601038 2.3870585544592084 -3.205018742688935 4.048726471650845 12
0.15211561034517673 -4.1460301419396535 -2.7356721973023346 -3.5392568615907427 12
-2.7075827229010696 -1.413362364443078 3.637022645776237 2.7230342830900343 12
-1.2175383374371962 -1.8263596024940933 0.5357031224059561 -3.837303518802941 12
1.2786200135449413 -3.6715518812521872 -2.0594537384934744 2.784938395297698 12
-3.7543430454725124 0.3520787443252812 -3.154608708261156 3.9336083996145264 12
-1.713220931298396 1.5447468650932308 -2.4529933071180703 -4.326278703802758 12
-1.9633069052372254 1.613893733019638 -4.479050244578427 3.3312374219998695 12
3.419522437079706 -1.3807039439704307 4.052387362355039 -0.7497931453366511 12
-2.185604580731124 2.2101639045843697 -3.4179649901378037 -2.42483951942316 12
-3.266811380967591 0.2083672195121412 3.836668414373624 2.297653874506202 12
3.825374178602819 -1.8720286069402743 0.11352149034109182 2.6778465501885425 12
2.257690145332562 -0.8419009904747581 -3.4603706353346557 -4.091601330019459 12
3.047102609203705 2.2135581997494365 -0.5349257426999857 3.7056881823638834 12
-4.258842398182821 3.547075733929126 1.9064857327500055 1.5474216038052493 12
-2.9829706354720167 3.4221070421477906 -1.4046629837458688 1.2584260418736561 12
-0.9391261920477348 -4.028361776531682 -3.128474130020792 -0.21316705071575381 13
3.443308256354218 1.1938807675416578 -4.489930150298117 0.14124428289918134 13
-1.8918607496993816 3.307334618066925 -1.6442040951580907 -1.448955953622706 13
-2.1682739593569393 -1.5362813495608396 -0.911090706837563 -3.6282214720498294 13
0.4866224318004825 0.91686277449263 3.049621906499727 0.5954513961215474 13
-0.26552600211931043 2.623539487470635 3.030636685025839 -4.247178132140436 13
0.3706005378472226 1.4610294121648906 -0.8074681737390647 1.3171937094121755 13
-3.792080098317217 3.6406585931219078 3.1788346560545566 -3.848634098603557 13
-3.7720708500038866 1.7076671901372278 -4.170123154491362 1.2644807490678733 13
1.0595847758308559 -2.1904184330999694 -2.401421890855453 -0.44028624278621464 13
4.4976773691458405 3.2335843010055254 1.9676533790742483 3.8303485176187175 13
-0.21814333836423727 4.488410803098512 3.5882413897999963 -3.8427511490669346 13
-0.8692447844065381 -0.5856276664288174 -0.07528464419651792 -3.759716711446492 13
1.696020456904555 -2.122725059518128 -0.3839732034954584 -0.14284183029412179 13
-0.5298680721081509 1.5463974271395562 -1.5381519759067461 -2.8166367852381176 13
-2.314396692769228 -0.48558932997337756 -0.2739737083615451 -2.9235032615455894 13
-3.6339206481722384 4.044767527002354 -0.10112344553608543 2.1062463234094357 13
1.0232984892196173 -3.2380327356160796 4.236039361334208 -2.388987492704218 13
0.5056263523424461 -3.831958863377571 -2.476272854862223 -0.6464375849393909 13
-0.4591407144716082 3.0163741755509674 -3.0203269540449855 -3.1280159349370016 13
1.3199738207290963 -0.9203255812138701 -1.8705743782761979 2.58490974896744 14
1.3001549660770029 3.84740373607228 -2.012306772636745 -2.2585682234971154 14
-2.458885075742239 3.573316007567821 4.473990675236601 3.314359377258855 14
-2.204956274273996 1.0965242931148897 1.273271477917905 1.5835070985357054 14
-3.169048901980726 -0.0560102716137757 0.4373708769722824 -0.08912326403240267 14
4.029940469249278 -0.4434757725268461 -1.8002903910501349 -2.0423961718852315 14
2.055929761754922 -0.20102169805281034 4.374262220628938 3.550862951217784 14
-3.989246482228567 -0.17634373550805704 4.304756442742315 -2.8968085538978157 14
-2.1230775525847982 4.245097235319412 2.3144920880918254 -4.4263982574519405 14
2.5896330502910576 3.458219649245653 -2.4280471958809993 2.9471611908040853 14
0.7091193306312409 4.3112185539205985 -1.6177739357953973 -1.2771674212985393 14
3.5731353364125638 -0.34215266063116667 -3.405424520025073 -2.6363534058569624 14
0.8555745001183954 -1.8314697518396788 2.998992117283808 3.9013300202435706 14
-0.7246448797655477 -4.075536031771306 4.269095611150785 3.5577887178775813 14
2.0332341251233474 -1.4110550194366178 -2.722449330584926 -0.6572703511154091 14
-0.5486594801696475 -0.9196626078971709 -2.150388021157716 1.7359891909817815 14
3.262035124134409 -2.001471230801974 2.1483899861140383 0.6795868328890412 14
1.0025296233364318 -2.527810952337567 -0.9580410455642885 -2.0621318167287686 14
-1.742268334702882 2.109673917504162 2.858713886448617 -3.3473354761097043 14
0.21470514695674847 -0.7290404606946493 -3.523397505222115 -3.325520885850379 14
-2.1284658298119865 -3.917144866519391 -2.6400731490467857 -0.6619620814279871 15
-4.210924270081174 2.9182650061254036 -3.816310738543038 1.8067417798606167 15
1.682992002156531 2.385615777854265 -1.9993335961876593 2.3879848774350085 15
1.0617978434298372 -3.98872928882258 -1.3790479906824313 -1.5950072071855308 15
1.5917148386885758 -3.1431260674333603 0.5251827385854837 -3.811730158638034 15
4.185302885857944 4.071045990962849 -2.272841366616043 0.900633770171394 15
4.170493444832081 -0.5900910093202583 -2.3595219185071503 0.20941699390406388 15
1.3006593900581247 -3.7930345998968993 0.00652817406949302 0.527934385891885 15
3.485139413542085 2.0393899741681416 -3.7965663321939602 -0.9658702831367757 15
-1.6040516667030724 0.06559385492759318 2.152948962450762 1.197870639313571 15
-2.728533495393582 1.166485059301228 -0.005880241195034497 -4.282013152542304 15
4.401270148777863 -2.040829948050475 4.267098185285124 -0.4843139107683875 15
-3.9979927140799743 -3.6492276143223794 1.1510835521334513 -3.4432071364354497 15
-0.06483681585763734 3.466204038854464 2.1890583895732556 -0.38829079001981937 15
-4.048954682872307 -0.016291735725776912 4.342325236918919 1.6268943535354219 15
-0.7265621990913667 1.6388780434894685 -0.3154542320455772 -3.0455854582022015 15
1.080255746091731 0.9143000942531598 3.1784434565313964 1.1132267074832756 15
0.0910242951845488 0.20826796393156366 -1.936114592298996 3.56952355250417 15
-3.6369451439882665 -0.3083866749663555 4.448243786066769 -3.127365320918316 15
-2.08654022971075 -1.0205720988284643 3.625639603315933 0.6185851409698255 15
0.6896068234676332 2.5595286328875044 -2.5021195741303695 -3.9354226466602436 16
1.7369220182897953 -2.310919915940967 2.0479837320061973 -4.388998867317698 16
3.3069266030135998 0.4433101010178846 3.745564170127081 -3.5264550725766957 16
-3.0594376758080433 1.227334103152207 1.0038820157268185 -1.7166130471332506 16
3.4197308963754622 0.7825894924521413 2.6228379792768477 -1.73534946757847 16
3.0925302668433874 3.1822741311989704 -3.776404132692262 -3.139235332101739 16
3.248125801037986 -3.735862868476871 4.364286972952006 4.269462117121036 16
-1.2848360942144241 -2.6176653191454715 -0.5229398204913867 1.639239712206202 16
4.3503333212905675 1.5469446843734516 1.6495995736717428 -3.992556715367411 16
3.6891980118347565 0.50453050558104 2.9285571129452554 -0.594893889708131 16
-2.1107097215963178 -3.5148557689753925 -1.6341362094993017 1.7233360453657078 16
-0.4169786394448314 1.0086602138528806 3.456387873991442 3.8700335829835546 16
1.743286148949784 4.307421885432374 -0.3281263744175331 -3.0793272329348316 16
-3.552653350720067 -0.7024556359526172 2.6120033105551226 -2.348619824237562 16
3.7280983191593893 0.19492830841055653 -0.5070480167238961 2.879223714581694 16
1.6285518108949444 3.1380026876395988 -1.439945196511697 -2.466315748311278 16
0.07380447332928686 2.9332474073870465 -4.406144370782568 -1.8261703894349206 16
-2.5589455562143812 1.850228746601314 0.9892731279958784 4.298118398745468 16
-1.5073515068460288 2.7254120895528158 -3.8628307382190172 -1.6509150400836496 16
-1.3646042695108669 1.783880885838954 -0.4186486667785906 3.8036506037901443 16
2.933947794329889 3.076697458371169 2.70510567338569 0.8611880804947216 17
-2.267166526152108 4.4590621159024595 0.36517399224006375 -2.5443990010663184 17
-4.461512008251764 -0.8376074595949115 -3.2759778663254515 -2.296682494897028 17
-1.5301553385576692 4.088638670619503 4.483977623309812 -2.204784325039881 17
0.5896414399632356 2.1956463376211914 -3.546960868794479 1.0439565322862165 17
-1.2368782104720388 -2.826941315115648 0.5212670803984741 -0.16620665605491092 17
-4.2604643968941405 -3.3322264146635887 -2.2471211246584186 -4.295932254286644 17
-1.411382028181849 2.04773417586115 0.7512447996147181 1.382044090181132 17
-0.33577886070156493 1.8097183635653225 -1.601624658318386 -2.6902529651390985 17
0.7236766044759968 -1.431434031716236 -1.1842289984677543 -3.2207331997636164 17
-0.11492081295805634 -0.027521437582602393 4.1044422738490285 0.7327004620595016 17
-2.967670252380609 0.0733725827696382 1.1789948095197764 -1.8247855725410587 17
3.8146005317412963 1.0426959144406316 3.5847990181136833 0.44831064171251644 17
2.9739083790509144 4.063753365944138 3.8835644804677423 -1.0996493277880206 17
-4.4577159668764414 1.4483373939088802 0.7101883265989486 -2.128598065523509 17
-1.0413471632418092 3.6352187209954456 -2.202573565720591 -2.3797320827733803 17
0.9773272267056057 -1.2136561937642516 -4.228083271773763 -1.0087127364365878 17
-3.438347128689785 -4.05052341119465 1.6127626221083555 -4.24600872026958 17
1.9563185282580342 4.040067497572436 0.1915319941175898 -0.4084453933672487 17
-0.89956588211251 -1.9606524730001735 -1.396694685121496 -3.662160820750101 17
-3.8206827106452312 2.2310553179443806 -3.5575404614346953 -1.543284870763399 18
-3.4254059032787314 0.49057749975208575 3.4428762210336044 3.4522773387358194 18
0.36540276855867304 -2.0407081710471426 0.10770522328388654 -4.381847761046972 18
3.3060577215365843 -0.5276710922066088 -2.532181593158599 -0.8398142173444898 18
-0.3629326080000954 2.8340185665199806 -2.8772524506742343 3.9306868504287777 18
2.753613957054071 -0.8071411405699944 2.3224163306984402 -1.6426328815268039 18
-2.105996261061784 2.130336130958803 -4.3045948289239115 0.1587003412690725 18
0.26358368291219236 1.8327805679164975 -1.4079300148642069 2.3527490846756516 18
4.177998211558854 2.3340717097878936 0.4943154177937915 2.063913209714602 18
-2.858476723675044 -0.3472365351805853 -3.351188551418571 -0.8878829923925631 18
3.3706078476464807 -2.18398440338088 -2.190886372511825 -2.1000771184782487 18
2.532044773579429 0.6609657695576702 1.1921138184144746 0.7113263270873338 18
-1.9599073223707177 1.978900039217382 -4.4773903259643415 -1.3880924810681798 18
-3.7101842222121735 -2.1953186420694886 -1.5694091564130646 3.2700074322809773 18
-2.4307013172241474 -2.430560692191385 4.039132338979806 -2.8342736089648106 18
-2.035586295939349 -2.000828699949678 -3.6646287392865036 2.6922534879164384 18
4.174710698515514 -1.271937183622545 -2.7736600617377833 3.5465414264485178 18
-1.496605541961785 2.10731035362477 -1.56453497943271 0.16649154369297303 18
-0.34087510881651073 -0.05981498036731969 -1.1166607368849655 -2.85480125144961 18
2.968695991752524 -3.280436846951402 2.497082205744347 -3.7860612856721616 18
0.17049348849282242 -4.149144062285367 0.28579251914291404 1.9380794941629487 19
-2.217660875343256 -2.343507943949981 1.6920390562672307 2.7510391056727976 19
-1.1857119233559956 -1.528150150128318 -0.07635771552759141 -3.6513259481910194 19
-1.6652372261606219 4.479410666521664 -4.072032081620295 3.796366606136287 19
0.6888361904457103 -1.1299409860130907 -1.9264355504669335 -1.0334490439624506 19
0.21398492188020135 3.815669937280214 3.07824897002261 3.2271495954947484 19
2.5543311120261123 -0.26468740306804595 -4.105341400274927 -3.4018323120500162 19
-3.162258229782193 -3.8425850732667723 3.3084344732067996 2.352441494094187 19
-4.479162881743155 3.648710514930289 4.400078748491415 -2.947397450060252 19
-2.992304383655694 2.1913809497777472 -1.97588258874879 -1.6006873075522812 19
4.3070142000702365 0.7489579694877921 -2.7175320882701133 -3.2326370730129548 19
3.184592164817157 2.8945359106284023 0.16967256877125614 3.3231692806918574 19
3.974829082932358 2.140624356851902 2.2049915956196653 3.991999081997837 19
-0.8107279231853153 -1.7281581279571507 1.503516394046677 -3.330535489251211 19
0.24757054975471993 -1.5863314757939337 -3.550669546006572 0.8132661556737908 19
4.003194609556115 -3.7157822658316206 -1.110105101492402 0.6844260814658653 19
-2.729472304080188 -0.8707663743519264 3.7419566254184526 -0.9452634958776609 19
0.4463548558126684 0.7611512436016161 -4.445326001366556 4.3341977794982895 19
3.069625638087418 -1.8013543392742144 -2.4577690600959734 -4.125949441795912 19
2.743850241821328 -1.734046546514159 1.2166856999657225 -4.202790265737041 19
-1.840246984352127 3.0856221430894277 -0.10265041349886317 -1.463085983438838 20
-3.245010371204235 3.9178911996464865 -3.2457298232263816 0.8108612421696725 20
1.6804721148045445 0.559556820756801 4.495576539049109 4.1671769536397125 20
-1.8270505633278344 1.6819181198684738 -4.292462281117189 0.26885923010530977 20
3.0968211575355626 1.7324036354784655 -4.3697205523226 4.346347857030501 20
2.948008555971011 0.7546181153316522 3.5071769740858394 -2.640350638971281 20
-1.1400632115448228 -0.2999448635969717 3.6839100764856862 -2.084912560310948 20
-0.9260412205322718 1.507562868067284 -1.2590861723700852 4.326694273671553 20
4.255676258530066 3.111322696603364 -2.7987008939862097 -4.252238379437847 20
-2.679640669375557 -0.007800899827801411 2.517326615280515 -0.7729679554687326 20
3.6864529296322357 4.493808072279316 -2.7587418937856127 0.6432259013120463 20
4.0907027448815905 -3.738268483514054 1.8968328296359052 -2.819814066853091 20
-2.033770120550389 2.0288234522749797 -0.9991416662521061 2.3479130342525862 20
-4.435435552266995 1.935091414495489 -3.799858032214237 0.29667151636829003 20
-4.219189314535627 -2.994644235886239 0.4501062215698064 2.440998870245984 20
1.9083206294416626 3.983125779880754 2.867275880507317 -0.7222821041643483 20
-4.199115657400834 -3.9981260163113057 3.5269275683453833 -3.2835407856027383 20
0.6637890569845614 0.5187272351830626 0.10076258370729274 -0.8010455958710475 20
3.4982972993916035 3.359557493215248 0.3415809014176201 -2.7039135314579013 20
2.0768799479191653 1.6104872388285667 -2.496609992763117 -1.355704844269599 20
2.831934548525223 3.1277713207886246 -3.8094462389744637 -1.6635756462589586 21
2.2925184565993666 -2.6565904343902185 -0.19050260202911318 1.2290939305601618 21
0.6183403492471493 -1.2585210509188833 0.568419875583171 1.2281968316518108 21
1.100433558139296 4.321602885674673 -2.145201358406548 -0.37846950417364844 21
2.692673869674638 3.84824816553254 1.7040397746766944 3.5684055616964354 21
-1.132366115500941 0.7655138022562479 2.800281501574159 3.7665967415856283 21
-3.3137938462735703 -4.495998434798405 0.5789157741366714 -0.43045003968867657 21
1.8674331777909121 -2.7632265155684896 -1.5062182048415926 4.127083419733574 21
3.6327890086380066 -1.6236293300579914 1.5042832506252897 1.9348721723016444 21
-3.175199743471244 3.9844967413350103 -4.469455353269983 1.8260611903288368 21
-2.781695122741459 3.5673617152683756 1.2162768995139885 4.050021713590792 21
-3.1992988754818077 -0.5546439379240583 0.32734762677450413 4.495316681271635 21
3.2569053006523947 3.185810448250697 -1.5628016100237687 0.3374524889988465 21
1.8941561058463443 3.7400560961243148 -2.1599187259782333 -3.373877124480387 21
2.656293683120734 2.75236336175863 0.11540278664299597 0.5985068210899419 21
-0.5094323923241129 1.1331029348215529 -3.2665981751775033 3.920258816577425 21
3.8902757819796143 -3.0290846308903854 3.9664194701905093 -1.9132951321499774 21
2.2416678247561865 -0.8513941562106937 3.4293177540184905 -3.085577758062433 21
0.6464467948903777 -3.7281681184628326 3.0431301351737603 -2.3402270337090827 21
1.0796941739919639 2.884435898435342 4.231128611363163 -2.802586867780795 21
-0.2244014515284637 4.195544916146351 3.130487770020108 -2.733515161999239 22
0.6896406615145867 -1.614103118995087 3.672082660046149 4.465157353150554 22
1.614710071689635 3.092550833242616 -3.110618696915145 4.258285620246724 22
2.297972611837492 -3.5893378032637764 -1.617427678809287 3.996757311057463 22
-1.5413481450119177 3.458037180014114 -3.757042134681677 3.509866801161638 22
3.438310756555895 -3.9371453963004583 -3.33505891301408 -1.513416310987613 22
-2.9365126079421224 -1.310452447708045 -0.5679762218835522 -2.583834576649874 22
-2.724427979501742 1.092077059442079 -2.529239566237311 -3.208883448659338 22
3.0220494452046083 -4.208699973061185 3.5393279634764667 -2.6554243217908704 22
3.2633232309470217 -3.9220558077789094 -4.410883622535412 -0.6117893464835812 22
2.5194456273761245 -0.8390856429129763 -4.404650396488796 -0.960347648049674 22
-0.492889299740777 -1.2984396148250061 1.3731316029122698 1.0749709679759043 22
-0.9211086527135878 3.428228938642759 0.7930334290234337 4.445412256561913 22
-1.5454846014966965 1.5888131852935818 0.9662275799478224 -3.7377843858706084 22
2.0581899500421237 -1.6157465575345298 -3.3848170066638863 0.7794482147099646 22
0.1839293246740128 -3.510956984032439 -2.714174699614453 2.9404055340778235 22
2.6872287102843493 -0.4930065235630401 -1.0950525166097722 1.6621519502542488 22
0.3086276549895397 -3.3050481457456042 -4.39459688158403 -3.2647311063177944 22
1.9723462244610772 1.3437234737304093 3.9138496500135203 -3.950923063379275 22
3.625461580786451 0.7980468781583012 -3.0562036386331077 1.015891645563881 22
4.3524909496588595 4.223906425680045 1.1005667533259702 -2.503936232092016 23
1.4385445788706543 -0.4236662459681094 3.294647680911244 -0.03012567682666023 23
2.874363018190292 1.8194221655682528 -1.5708443713486773 0.6631621622078507 23
0.3460415997756857 1.6860452430901036 -1.4983000787504857 1.3920548389498217 23
3.652145215623506 0.6534152525250659 -3.1122917714606055 -1.388927363386425 23
-1.1243531512366534 1.282929533451146 1.6079772411609734 4.084211406106872 23
0.8662816664985968 -1.875876900431856 4.483795540265403 -4.1262061890823105 23
3.609269631070039 -2.6401170063005854 -3.418935054635551 3.3411588270895995 23
-0.07000226765896256 1.4391117405207 -3.8904741763127113 3.0400123757386925 23
2.8801053590484624 -0.012502680249290465 2.6199606619947846 -4.112934772150941 23
1.1326518292520928 -3.684806176050053 1.3408811374216891 -0.0547163102022834 23
-4.1491934388108 -2.4504022448395943 4.1458272002346375 4.22709214033493 23
3.849434934494335 -2.167544723254669 -2.359524377214102 -2.905555787586832 23
-3.0684050399583533 0.7917649351699039 -4.384013995427936 1.0752961472006806 23
-3.1928564917145534 -2.338143367601008 -3.79869820486282 -4.0364301761027495 23
1.5778692681009219 -4.371887292469503 1.3128617067177448 -0.9053201472180864 23
0.8496457023718833 -2.6265267035854114 -0.3531291562958837 -3.4155906963824556 23
-2.5028741824136245 -1.3872227935867532 -2.2099505646318836 -3.5216193040961787 23
-3.09677029497146 3.957469055317924 -2.6722038346301416 0.23051081841196652 23
-0.6545730501418587 -2.074537294443295 2.843784603962765 -2.5332491052608863 23
0.8617865496708029 -2.900717968228943 0.9112360148262835 -2.151532222389558 24
-1.646946677968828 2.9652420417934175 -3.4594545679117217 -2.92774172424033 24
-1.9221560246499474 -3.1307187036896234 -1.9671958329378805 4.3703389209004255 24
-2.6308075307926284 2.289236875350486 2.4322583096264108 -2.16594107069388 24
-2.919263013887366 2.344090038307514 -3.598810783108821 -0.9847202522916308 24
0.2922895715422381 -0.43926645017581845 1.2310964261088826 -0.7668319367735322 24
-3.9755430361869735 3.384433863322225 -2.3847597414898 2.2211855027376814 24
-1.0431570984918117 3.5841033093658434 -3.697980317578363 3.9097125805646975 24
3.4786472068222216 2.77169312342041 -3.774530574116188 3.968500009735089 24
3.366017492019251 4.235377703927212 -0.18418006668803566 0.609767671185039 24
-0.4261911280917853 2.1374648488336447 1.6598242266489953 -1.5830338720581112 24
-2.799267965846956 3.3178333253624235 2.943310581082101 -0.9609537597938597 24
-3.3801498051911256 3.227218207244637 2.6799223428345114 -1.9118369118779548 24
-4.283468269259387 3.2030332903887038 3.4336250466063163 2.711349321855857 24
2.4752179824451073 -2.9958195507864147 -2.5584351929122664 2.037172823328824 24
-2.7744020295353238 2.8434911966468297 -0.7291549913115827 -3.960158058204988 24
-0.10457663831644415 0.09041088334631586 -0.30746040298069066 -4.354698394335029 24
-1.1012762264282094 1.4846288699976813 -2.7136452553123362 2.813152805088288 24
-4.406293928000413 3.3144140148732206 2.5132880778766706 -2.0047788891206197 24
2.3639441575647338 -2.574055159926236 0.11548478415734043 0.46505176840245055 24
