500 20
0.793177209695468 3.5794235511847616 2.2901549347172 0.8220058342584677 0
3.5237765652723723 2.842537295769156 -3.5217678786363207 -0.8743194337448167 0
-4.17699372944832 1.7258182358299552 -2.072917642749906 0.6576777275508602 0
-1.0918715219513269 0.16659850903272566 3.7516915785236526 -2.7919375059331 0
1.421563190029317 -2.755348039053465 3.999141794192025 2.8817261755822314 0
-2.0491523814007446 1.967453402410492 -2.4332540804019276 1.7811349570508197 0
2.547032485131094 3.152948757974958 1.811256486980557 0.6317019036656838 0
2.4772040459492644 -4.170021242210228 -0.4675985187247703 -1.504696154534912 0
-3.4497563838039436 2.2615262953893085 -3.5278351712219695 -3.4068249017925885 0
-2.3470360542035147 -2.206745874520679 -0.7166904604689139 -1.471529077529624 0
3.2186297805278623 4.048011235028725 -0.993708637974242 -1.7827269906193677 0
0.5551817221004213 -2.890975321350211 -1.6896161767916689 -4.174151220262412 0
2.4322673982456022 -0.06857064346905462 -1.0897044219600187 -4.404772459762912 0
1.181277590071908 3.0554813062233537 -1.2865636219512933 -3.7515791670096834 0
-0.35064543336812337 -0.01853934023425352 1.8485554672414906 2.8457399027752848 0
1.614700057979257 1.3570732271099708 -2.137217342643388 -1.0578047853791024 0
-2.0808428513008135 -3.89407799754884 3.5738990339144916 -0.5660200869855668 0
2.443006245227065 -0.17114280930318715 3.079688616841416 3.1700257411813144 0
-1.5371423303971794 0.09576950557636588 -3.389800495650994 -3.149650618827595 0
-2.127340542059489 -1.7053960495833236 -2.5738077617082054 -4.437751323396979 0
1.1416809394471503 0.5170482951505424 0.3136500639226216 -3.226172853557935 1
-1.632783963781782 -0.9464110122741536 4.477942758836919 1.468312719583774 1
-2.1782287272133334 0.7401701095669404 -1.7099353194319469 -3.350300686373478 1
-3.045341606005914 0.883204377885178 0.4274452611998003 -4.2342431360962705 1
2.932412195304092 -3.0924745334014747 -1.3976031138579508 3.868890237012064 1
2.108704673853478 -0.8222091112905997 0.7120600532478387 1.2900695695078124 1
2.508191139269971 2.7357351084990773 0.5158943043588508 -1.7369201433820962 1
2.5746429917416567 0.8305831679023161 3.487143888087469 2.345771032194331 1
1.4804028254304298 1.3191055809804815 -2.2521946012449385 1.3381575146091236 1
-0.6692716893235421 0.1221150038196892 -3.390344076417776 0.0755872424809505 1
0.01132059344487546 -4.166245701730807 -2.9270736293900117 2.3341549666168566 1
1.8730448566336257 1.0838754019530863 -0.05665864200700543 -2.2081674908483304 1
2.5002768115551857 -0.3653148091690861 -0.9603743458284707 -4.421767911112483 1
-1.0817500076772242 -1.8729701680165096 -1.833837959949303 -2.4089742220187977 1
0.5150597623829289 -3.742527584722201 3.073634946363377 -0.5133482294195235 1
1.1815350222964134 4.001134391283312 1.4080260705368297 -3.7769321728956857 1
3.521137814457647 3.4072432178705223 1.9741343091931796 0.6796340697506834 1
-1.3972353569370408 1.8279047883777277 0.6941737158381165 -2.2348986318615003 1
0.24603844261396401 1.433852600225125 -2.997410147585461 1.5750036578215632 1
-2.0853842969240723 0.969903714764583 -2.9023693091862 2.022452235727532 1
-4.066583669868421 1.7595057548189446 2.5091324540420965 2.3086687542560287 2
-1.8065531011377531 -3.0092800058432 0.6380980815721421 -1.935812618408438 2
-1.5097325388904133 -3.0110602904520265 -3.513550618920548 0.9194920744273375 2
3.7317418290208706 -1.9437749467181233 1.5067045059141035 -3.3069384119510037 2
-3.5315346164338615 -3.4469840679056905 -4.197063699262731 -0.9616629580656765 2
2.2997123891617233 3.0500501237627393 -3.9211023260575892 -4.18237308924767 2
-4.180166759956426 -3.407006071793279 -2.4324538189918847 -0.9175056449022961 2
3.519072495572877 0.13583010818445396 -2.671374906618689 0.2792932965514989 2
3.81977110465795 0.731183667394573 -1.3798729995445898 -4.003209164418196 2
2.459307485757636 -0.6959079508953987 -0.2226233437464753 -1.2160015267495654 2
2.92918276137713 -1.0313589444526157 1.0829924235042658 0.33767454640781114 2
-1.3108863397329125 -0.6472932978797502 2.317844039456689 -0.6287939363099426 2
-0.9444133660150147 3.1016674273273708 0.4738060385370788 -4.4702462445511575 2
-1.1355857175333162 -1.1557712143267698 -0.14162310004708256 -3.5188176878764663 2
-0.7565133779320661 -0.6790997127309949 2.274704436367839 0.7517361211217741 2
1.4652435855043442 -2.7920166694530946 -0.5690669713549233 -2.1457197271429744 2
2.0023078600119324 -2.217051243879564 0.45490599271963705 3.3921622519959413 2
4.164067246720153 -3.306048787625962 -3.598696914382537 -2.90613221634415 2
2.7611702763094916 -1.3050409464675548 -0.8605785846925381 -4.306197118997456 2
-3.738255256794395 2.08051898137938 -4.459120267095547 -1.2573777249065934 2
4.46940769098067 -4.413665062949407 -1.621855050673425 4.397986186376241 3
-2.36183951213524 -0.3426769645798915 4.016380403330231 3.8940467207310485 3
2.387329541354525 4.252529828887885 3.3760354350830704 4.157488204170768 3
3.743522982326356 0.7870210294472015 4.499486273948795 2.7986063017552825 3
-0.5006220471271801 -0.5303165387115152 1.7940330339373658 2.445256958495298 3
1.7459223426817057 2.0397687633863173 0.9688164198665403 3.47346027279759 3
2.1125948172130107 -1.0420152333307526 1.557041789952144 -1.1225199590626191 3
4.008563202995228 2.643023383290308 -0.3575408376599466 -3.715370008135213 3
-2.1796680108321995 1.2283824778171644 -0.07696911609841672 -3.547688600956316 3
3.1062647101431966 -4.430023662001804 2.305004899199549 0.24005676688016708 3
-3.8066735310926645 4.404826250815807 0.7681327909918838 0.12394782077120625 3
2.618685110100627 2.131986422737567 -3.9311076583725053 2.408788022967743 3
3.2975086117529058 -2.4232128988680612 -1.982910674044503 -0.6777328971644918 3
-3.5504797543888302 2.186417424806435 3.212421487291958 3.407544713582161 3
-0.22359291070524479 2.336875508838722 -3.6928558717600692 3.8282797388577263 3
-0.1260618087733556 -2.0165958813642884 2.5881933249589406 2.2475833840064343 3
-1.0639496953742382 1.5858125866157358 -1.2032668784401546 2.3923394379425376 3
2.1282392762516165 4.2354422567860635 -0.5973099273163611 3.700978911606793 3
1.632264469392279 -0.08593201016909058 3.0686818802098474 2.0190743727830176 3
-3.3443708211817356 0.03447838683592175 -0.1067554227279306 -4.136070800174968 3
-0.8129780635203356 -2.1996236178222923 -0.3778596821419036 2.432665063579666 4
1.062594236253056 3.555130037277486 -3.9212739378690276 0.7219108202077669 4
1.507521518162172 0.6826802031993733 -0.7581128333887991 -0.9110974219307775 4
1.3384843394761572 4.149690891549845 3.2808603069793367 -1.8277436491636796 4
3.2793232256204714 2.544558989887939 4.066197582674257 -1.14427359858646 4
-1.700070115922693 -2.052775256104799 -1.255509206966492 -3.6741544125899077 4
4.116424879611393 0.14798412009490347 2.054361905262418 2.3946371828005644 4
-0.7431702557336638 1.2497676213178899 2.7824943352475113 3.234298192174841 4
1.7057462490233095 2.4163784540564075 -0.9343865794927328 -3.976365321819456 4
-0.5143087107144627 4.061830411071601 2.4938084204517805 -4.3587691766757155 4
0.29512156607702 -1.677947587728357 -3.9948618073636686 -3.1058751334657257 4
-2.66830142866902 4.368128566724267 -1.9283320615063386 -4.336901278382797 4
-0.28944709703563587 1.8263629845381621 -1.15578484814024 -2.6883709500480264 4
-3.108563207567348 2.0789944782871568 3.7855217955997285 -2.041049188349812 4
1.4452743924772347 2.1278580931948152 0.10480684664978424 -3.232124730411131 4
3.6602036175909336 2.639846822860247 -1.038231929114809 0.851596344782231 4
-0.9452724192177977 3.7994015594662076 1.8890828197254739 4.228152097737478 4
-4.131492147972699 2.6490789819192897 0.5172796207132215 0.6431371943948995 4
3.041744844744288 0.37734023290091956 -2.919969359189177 2.450250181830781 4
1.1733497991118877 4.252355266686245 -1.301231365031648 3.906548536409642 4
-0.9229741083868771 0.0318571181541939 -2.960853869435488 -1.0695045204965372 5
-0.17953393912736937 1.8892688656167516 -1.341172788582841 1.5878099467997782 5
-4.341166550802415 -3.9275528904493724 -4.117050498984496 4.312620832272632 5
-3.4472390307007736 2.977966821795013 -3.1918189433464614 -0.14845655755996334 5
-1.7438594650506987 1.0196440290470732 2.4682002208758025 2.014547596603875 5
0.4819635941200585 2.5842878845025554 2.0862721116150693 -1.7936558187631344 5
2.922023446528078 2.872913103515158 -2.3172761182813995 1.1945336448657091 5
-3.9916425799013044 3.513014786616887 0.11407656608006556 2.261691474253324 5
4.0660340725958095 -2.50992755215323 -2.7205373601240432 3.424571233686124 5
2.4747574275987994 -0.7635261229919774 1.1100200815058898 2.0077397936650216 5
-0.3269228988597047 1.632573199512024 -1.368799541019307 -2.8569261251660674 5
3.8950059450940584 3.2180913286019246 0.8844785642312072 2.1901409254682545 5
4.123822552996177 1.2024318514504386 2.2137284977500267 -1.1224578276899844 5
-3.9005020837282474 3.3426760155784945 -3.3616195496938928 1.7765881446563054 5
-1.2521624440204886 1.2551805056977092 -2.2686006612167433 3.23646544357063 5
3.6665968126953334 0.06344443932335186 -1.5830423839684038 -3.0619558813684415 5
3.2332212370734803 4.471227515495389 -4.222084427748228 4.001547281847167 5
4.486204297899319 -1.8321893233487025 -2.535266751240239 0.015084816201969109 5
-2.2233626339664334 -2.540007695040399 -2.87747078386713 1.0235802923820336 5
-0.3009476760406192 3.3899755461384546 1.4182237381768616 3.2242487611604767 5
-0.553403974811856 -2.5583054473726583 -0.8313214325965049 -3.1602640532405344 6
-0.05959182704534771 3.8253155400143077 -1.227112522013043 0.07272319169546071 6
-3.4834877236063226 -1.0214684053148702 2.4845232466294727 -2.9714645065595158 6
-0.9112767996256742 -1.7283951216011344 -0.45136357579718966 1.0129445726250919 6
-4.0053318048154996 -2.596321498408038 2.2850581030425907 -0.8012614953981028 6
3.932578579333923 -2.337413666504238 -2.035986807718545 2.1945930401285345 6
-4.36629118957773 -0.6651372754231059 1.1800931897230729 3.814878890822811 6
1.0923277345259446 -1.2502868415260942 2.250569873314314 -1.501348905991112 6
4.130588424507479 -3.1322619643620464 -0.2054184689459403 0.5521167975148349 6
4.06297720300335 -0.19275458339317675 -0.8212519404691329 4.083720575525435 6
2.766889386652898 1.196405755810781 -0.12659317109236867 0.14886892501227922 6
-2.8860889530686817 -4.165564689072931 3.6059057632921885 -3.450402016557027 6
4.019549897525251 3.5116104612441297 4.467328016312232 1.891833716601828 6
2.0793088237565893 -0.37128512286468374 1.636503279582781 -3.9229608652145025 6
-0.7200376191837737 3.052912341260986 2.633276602583827 -0.4540427645792464 6
-0.14582712460668967 -0.877810925995009 0.08482117827476587 3.6700783828278762 6
-1.0766125877040398 4.0181556277452035 1.0475360474415845 1.4569919178116542 6
1.3757811013085386 -2.975947011955208 0.8229022707176232 2.6813022487728637 6
2.1530815218702224 -1.0781451557455812 -2.9405825896121085 1.9036119287600135 6
2.760949424355483 -1.1466056932594544 -0.3966085730794966 -0.9888558916355398 6
-2.638032120578095 -0.08478147663155489 -1.5015593081064553 2.2926397393089886 7
-2.7691208014355997 -2.8416778266621656 -0.06358220605968479 -3.773991767760251 7
-1.7932410155446905 0.8295055772175903 0.3117794250100855 1.4183678171976415 7
-0.03495463158917633 3.749867692638138 -4.020305362171435 1.0351605454670394 7
1.3217944171304947 -3.3258216091691475 1.5962180770736814 2.2874065319454315 7
2.8322449857215 -2.5845295912596407 -4.384411007159937 -0.7956456923589827 7
-4.124543650576824 -1.3535180394719735 1.2862641466880333 -3.0084290147270623 7
1.7760053645885596 -2.130750334765116 -1.3946138089837061 3.113065792893724 7
-1.6214714998230428 4.121160619986718 0.647445224210671 1.9103276214035643 7
4.3563043508896175 1.2281395992459534 -1.8990671140056476 -0.5756852926660718 7
2.276168565440159 4.160200926078758 -2.9105251294655927 4.358189667532602 7
2.925555219859454 -2.5178283396036285 4.132339015523034 2.6257234921223866 7
-2.357020357325626 -1.7036809896455365 -3.3275786532910536 -2.2179990722648424 7
4.324580919122068 1.2493850496571899 1.7992789304380268 -3.2098631963340036 7
3.644265522424676 -4.376765384274183 -3.950491170847747 1.820788259274724 7
2.4003145004823425 -4.460416297059302 4.050583121356402 1.6191033618883552 7
-4.110407571864172 -4.456176248717879 3.283170017840407 2.634272400056418 7
-2.63745387374498 -1.5347827051102936 -0.7986972554215511 3.47088589450486 7
4.136805889859559 3.6799380357201765 -4.443977187945517 -0.2825210147674354 7
0.7606389572204884 2.8035469663271746 -2.1951132348935882 0.8708392345922065 7
-4.2108270851305365 2.3046121299700655 2.163404455145312 -3.1159455583767293 8
-3.7419999047334156 -2.9128707908864064 2.7073084284224 -3.848381886963632 8
3.8680745679670476 -2.1587265795934636 3.790484887135107 -1.8232937413056387 8
2.6624928841268307 0.2662170030125842 2.3576927851768854 -4.011841394460756 8
1.8129203332913808 1.7155058709437867 -2.0323560790515973 0.29796295084717916 8
-0.21263942878228703 1.9697936507118148 -3.9508312941837094 -0.016336708879455042 8
-2.185691654888968 -1.6032065586814541 -3.529981111455092 3.29248582543676 8
2.6906185225274077 -4.043510269452839 0.40254484833117277 -0.1984044371222864 8
-2.1263114752364203 -2.6282130912394353 -3.8633068911408754 3.4392090043793093 8
-2.4978248112746244 1.4569355957414085 -1.5129411534097972 -2.0631215195266464 8
-3.3926953853294126 -0.9551954008007922 -3.185266489339372 -3.0675682155864243 8
1.013389967945655 -1.6137159442016022 -0.5327768158499565 -4.4313694311475285 8
-1.6584011345811882 0.9568781917105136 3.6695022652370857 4.417239831938284 8
2.9987909406380377 -0.7482690811460151 -2.1536132716957184 -1.0018105348801454 8
-4.065402641075408 3.4618114984385193 -2.0018766315706027 4.342935605356998 8
3.3208510354275385 -1.192253395057529 3.473350877395521 0.4296491190892836 8
1.2134101956676369 -0.41304903720858854 3.074237962135639 -2.765736146948191 8
1.9061738922982754 -3.33306774525168 -0.9401838074204452 2.0096684853405495 8
-3.7133066835821227 4.110288075185612 -1.162683249980146 -1.6930724633052663 8
3.3933507148720348 -3.0951023811395695 -2.305290651315381 3.7284165176894044 8
-3.1241673067060245 -1.1178401200646113 -2.1545642666402114 0.8230556198702055 9
-3.3677888772337417 3.373950136060402 0.8986138003680779 3.757973371974943 9
3.6814839603014073 -4.011912074960437 0.2528200996053406 4.265913683259614 9
3.8766043463461766 3.399568409394324 -3.999447474331149 2.122309293409363 9
2.9568888663628266 1.4489444250782957 3.5033133103876715 -0.3957523659287796 9
-3.2680261820390584 -0.8340454782319574 2.6351920813290035 2.7597779817606396 9
3.968415135729773 -1.654599651704571 0.20458949700600493 0.3482838903675266 9
-3.192900687902715 -2.987291353987539 -2.2431370297983513 0.27887855322662436 9
0.25629281333209464 -4.326781103802159 2.0446430461492473 4.2701596322594 9
1.5962999581618171 -3.5157904858746076 -2.9433042471155137 -2.0321768334669033 9
-1.1432513275311247 -3.2847938529637886 1.549219126281295 1.3240884012321041 9
1.5190641000617426 -2.325387241371205 2.9585907672356866 -1.0855341761094266 9
1.8356760669131953 1.1545064943296075 -0.5381352958752356 -2.663787194132158 9
-1.3956089791080293 -4.093793514704836 2.663334134961241 3.4816320243874057 9
4.494741388630647 1.2827451746453025 -1.599250513775119 -0.4465128774938397 9
-4.436803095513056 2.226416951292766 -1.2522943089865453 0.30096799651779516 9
-1.049869111614758 -4.102591193121776 -4.189039523492975 -2.1911298532999837 9
-2.583927914158063 3.594696389682128 1.9661701402446399 4.368545476158976 9
-2.722782661910114 -3.6797175321764253 2.2881515620947837 1.5385058083681784 9
-2.6058637593207967 4.437316970368301 1.85183985793849 -1.6704550756772036 9
1.1649651458324262 0.6031030852412687 -0.30765370768107425 -3.9639241681133037 10
0.3657700273533817 3.2158306789338007 -2.418882425669108 -0.5485714841713935 10
0.3042220867245877 1.4917977987327475 2.19439651903818 -1.1148677595498862 10
2.7156239974082284 4.06673447685691 0.17924712238949436 -2.497380881238546 10
-4.158724074227431 -2.0748548116306735 -1.8466852958349762 -0.38262652117384155 10
2.3936355733794406 0.6992737557585779 3.509253441715651 -4.100754517133326 10
-1.1746488712374321 1.634248413878087 -2.426128824188397 2.6151802470141483 10
1.0523578555924034 -1.616837543957808 -4.211661511694517 0.46199888600049344 10
2.034968681209876 -2.4864284656573923 3.109825252944552 -3.201305220682533 10
3.2398429871321386 -4.248570186072372 -4.03129119248803 1.813421820575372 10
1.0851215633997022 1.3710485340988647 -3.4286489443326693 2.9198115837563217 10
1.4329090723400748 2.709387326555633 4.4624180328231455 2.5209740354805095 10
-1.4665562307990632 -4.41540531003752 -0.05141947417130455 2.7466309780541867 10
3.164250875155885 2.6734412697465073 1.4410159755331062 -2.7843309458260657 10
0.11302910688381806 3.3390231531295687 0.5337022186719343 -0.8018454354279739 10
-0.8540815131569964 3.0978572272346265 -2.127154492443483 4.160799678099436 10
2.0319987033335773 1.1662164260212222 -1.5096482341390125 -0.9488475967461402 10
4.341865712690533 4.327725229453407 0.41410367597318387 -3.5253684560080116 10
3.303176840580607 -1.2404355219353587 -3.8215957698580594 1.7293019211280327 10
-4.3511672858498045 3.4258202876089148 -0.5183886433835856 0.20315622907166841 10
-4.130052478874082 -1.3731713332161077 1.2598311476354027 4.062306537074493 11
-2.0191132743107936 4.497016281681959 2.29071262849299 -0.6429498630231106 11
-2.466461356964432 -1.9846527042917768 -0.6125122632038592 -1.610385648558684 11
-1.300737400702606 -3.769001618321875 -2.649798290778034 3.299172195325492 11
0.45955947366529026 -3.8694773097609616 1.577415842848813 -0.3906746485946736 11
1.0132015044624585 -3.8832781143456647 -1.4119707861467112 -0.29175087060848515 11
3.2793653237591385 4.1195329530973055 2.188090206610007 -1.8259357517821402 11
-1.072448482094582 0.9423353285711237 -0.44410949023462787 3.5949375750609405 11
-0.8740081764719988 2.7941617914422174 2.6606843876092583 -3.471531378947458 11
-3.607199995947657 4.185367119220117 0.16275553643007645 3.4045958951002557 11
3.3272247314971657 0.296046556857408 -0.07818783200976331 -3.1959102892675926 11
1.262320070352677 2.745988180290251 0.7075692515949112 0.9681126452345767 11
-0.09620060728706037 -1.7362509960093235 4.318582701293392 3.976841010780391 11
-2.885240335829531 2.1057501745139717 -0.3142879550719757 2.0922279220676754 11
1.7510835588074336 0.24268625902404417 4.080948727172432 3.082120358040701 11
3.7958995403704714 -2.060009286026876 1.548044264384581 -3.99520846242997 11
-1.8348711581647843 -1.8163310458461563 2.5478760862602856 0.6511786505328594 11
-1.3553887505158764 1.769283879175553 -0.36222600402005 -2.3610790957610686 11
-3.3156116418775543 1.2957504126801087 0.7426872146860519 -0.3238745155418019 11
1.7826805208870944 -4.402801350340544 -1.5016226933383288 0.7926046924507896 11
-2.529399544048859 -4.265558898010262 4.3664834312542595 -1.2619988938325566 12
-1.947531019318911 -3.427299294718229 -3.197697708447374 4.092810649178048 12
-1.9780029694094998 0.7833801716149564 1.4519347159454266 -1.2283755044992413 12
-4.245908261278733 -4.22044564569388 -3.58242995192894 -1.1547662389330742 12
1.1431010811364821 1.0316645663441677 1.763353539696916 0.22887374346235967 12
-1.7939017788740026 -1.28318711535659 3.1322297814743036 4.070668635742912 12
0.536364503649427 -0.8319693310820048 3.206102607271946 -1.8063067969264615 12
-3.3884669517730424 4.327062267655212 4.310757779318376 0.1730910909133755 12
3.807281735258264 3.1158379182249227 -4.405866254077637 3.7938414539562055 12
-4.31805295951312 -3.6689313611354395 -3.8112113052842505 -1.1294486485231168 12
-3.6359587767515364 0.8308722835552714 -0.5226702306573181 0.6775014970317356 12
1.1786942440062416 2.3689749871394596 3.6297603644814225 -4.132423927964614 12
2.026657113622323 2.1708712612075836 3.0621326448785298 2.6422415760483267 12
-3.559241979774783 0.44925191337336023 1.234860622622386 -0.18478474634080788 12
1.9660602689179174 -2.0849303779894433 1.6480989954474705 1.9514113468927856 12
-1.9831931333996944 -1.2933645152330042 0.22723964049307366 1.8839010896951067 12
-0.6338629879160325 -2.7300446953373294 -3.359947037797512 -0.22375631591709932 12
-2.9403511926630514 -3.967595712221833 -2.559965626843556 2.7087697274873834 12
3.2763058545267474 -0.04298531229562619 -0.36786293245176427 0.6735069167832979 12
-2.119199522570911 -4.368273849246929 1.4694651454947187 -0.5273508695897428 12
1.2230424202809844 -1.732463009701333 2.1934108860152364 -3.969691546350525 13
1.336974772650168 -0.11269899193674104 -2.132089565516246 -4.338684342758653 13
3.98674003575607 1.1180985042477407 0.5811259546962911 1.9850719871246638 13
-0.18847187147849787 4.495785005665715 3.09836378739724 -1.4883745405975133 13
2.531674299312199 -3.8026733645948196 -2.690609049521401 -0.17651588571540133 13
-3.605062840213515 -0.2576871471788642 2.9726522280160306 -3.8384451518294944 13
2.076771033132133 0.5936292432535526 -2.5174648867408016 2.169419761835159 13
-2.806402525318821 -0.9273836573177829 3.1068286819814914 0.15097336753218493 13
-3.2194692765860697 -2.950564435306904 -4.0512718856942485 -0.707025972356291 13
-3.4292728355826583 2.458701225975001 -1.6605442722135981 -0.21185405358577802 13
1.6078730547856854 -0.38869489973328253 1.3768267781200223 -3.657175391702106 13
-4.45163007787916 1.6028453824552105 2.5190374168056375 3.474444214269964 13
3.628955954666763 3.684249333208954 1.5637163309736417 0.3411012785045766 13
2.5159291312447136 1.3963931231528417 -3.8991755533877623 3.4369537495338367 13
-4.3737813756964385 2.9468937465347773 -0.7456360975376045 4.02983977123474 13
2.8434964628736323 0.30921529106187096 -2.9464930393717057 -0.03540079839804178 13
3.233036442496113 3.9301495030197477 -0.6167657525280417 -0.039021444023214835 13
-1.9124330126270006 -2.992031499397958 -3.569097808558454 0.6545117691274688 13
-0.16781785757203427 -2.1357787291903185 3.021272570603403 2.819652106782883 13
-1.4698925032486967 1.397813321325616 -0.6348093596311591 3.8640979308949257 13
0.8039163098270456 -2.2231874875174613 2.542227497468334 2.0591868502143598 14
0.3902837143271637 -1.6741651425856858 2.469764666741953 -0.9307657832884746 14
-4.157112368594993 2.306441367585346 2.9708901997332524 1.0029757896109097 14
4.224332419316971 -3.9134798655720457 3.6630000483183607 -1.4932456833128995 14
-2.43199162771908 -2.1528488159217964 1.1883388072864594 -3.4395934442169422 14
3.4446429828017413 -2.848914817486614 3.1028384885323597 -1.2860722074838038 14
-3.882831878911553 -1.4587112427428215 4.093512147941316 2.536319919800686 14
1.5307426510851325 -0.6374706047418981 -3.1865323536292616 3.2957585614997207 14
-1.1052523293813923 -2.8064390711493767 -2.3939106965710253 2.283515592126914 14
4.25490263301995 0.22617948769930207 -2.0125595842214796 2.5316245314354813 14
3.406707286046295 1.5272013884004227 -0.9976208760338233 2.1155817185569603 14
-3.242110260920864 3.6468002935449215 -4.28039031066664 -3.7384730258800825 14
0.05514093533704134 -4.035116240815972 2.7352258054970804 -4.432060665698068 14
0.2965651390472981 -2.2787731568693017 -3.4957692141637198 -0.6932128177684136 14
2.4859858831222095 -1.3461767092796548 -3.999578140672801 3.3778357868323488 14
-3.0349376429993935 4.206271511566142 -3.0722902327822736 -4.466240959830069 14
-3.2169701896824474 2.0419543655789383 1.427398693390467 -1.7841206492825992 14
1.9742767748585603 3.595559276407795 -0.7249419594815231 -2.2435818287945377 14
-0.8212990573639206 -4.418162893597212 -2.074348994083607 -2.270637656723882 14
-1.1246262035154637 -1.8723014761733532 0.08872958175292778 -0.2808800173204097 14
-3.2834519871948555 2.443439302849284 3.999327062936597 3.681144133036853 15
0.6228373934563467 4.493990868090499 0.979586610007361 -3.6126054778562455 15
-4.289877982691256 -1.7423969010864921 2.5591399141492763 -1.1501533364018517 15
3.956615046379991 -3.2332363021901562 0.14528349563632992 -2.999003251239582 15
1.781260873739979 -0.10078438273066614 -3.598456531367344 2.298156738534794 15
-3.16731969241232 1.134473839214956 4.138335590437022 -2.7175252353566055 15
2.9622175796611443 0.47421666023473485 -3.076129212741673 4.408906228681263 15
-2.632149126081847 -1.9682040728349157 0.03112117669514236 2.467756313833071 15
2.484088376242846 3.5252421942013594 3.4430004865983843 1.0928226026959398 15
2.6624800851886308 3.9251769928344618 2.802586132239847 -0.6607738301095508 15
-1.8381594796535639 -2.01812951904107 -3.374455307113254 -1.6971960582565169 15
-1.2426605360789318 -3.5395710000617573 2.3437993247408015 3.9220530833429845 15
-3.223576291101266 0.08782216364579232 -4.1559843211218945 -0.8003484376517297 15
-3.4549475891552133 2.849696405123898 0.5860110821773169 2.372578570240436 15
2.0704696835240224 -3.8841337878014928 0.7429500534970429 -3.711110638315605 15
1.053690392036069 -1.2499621142564163 2.991095637276057 1.2444415307963028 15
2.077068018150184 1.0622720375761676 0.11496828767106815 -0.7965873673056383 15
4.4692656483991335 3.7995251580727762 -1.051731910029592 -4.159820538386586 15
-4.25603066198245 0.4483756603077952 -3.484836411067709 -2.79908885865935 15
-2.23950329953768 0.9923705699470969 0.8989586643045008 -0.2843441682876223 15
-3.8299083952950985 -1.3977041113730388 -4.032791097704915 0.8258145533723585 16
0.6474132430255588 1.294654504850648 4.276294379672692 1.95835284775709 16
-3.23253926516765 -1.9157723240593276 -2.2293833437438106 3.1540538733015637 16
1.1815885209527204 -2.9532350555797895 -0.8431778662401784 2.275776577455921 16
-2.400277916928845 -1.7760132049241673 2.0301589301899052 -2.266919070624253 16
3.4024289880118217 -4.356807144319399 -2.5711589374560386 1.8432787852169112 16
1.704771277181417 -0.8909501360202196 -3.6513912407479303 4.0175512110736165 16
3.2769281145368296 0.34025689887403987 3.2715158865928746 0.17596792617442347 16
-4.278839017691707 -1.6804926998361278 1.6104305168946187 -0.3887192562740738 16
-4.036687891025759 -2.8343302308811364 -0.4401888802851043 -4.4513457876658675 16
2.7931002935910594 -0.7318747048461861 -4.121039118362291 -2.7902448928396506 16
-4.4865352575706945 -0.13179363309061143 3.1902529872356817 -1.9901268138748573 16
3.0906011405277547 4.352260850749124 -1.2319452900207897 1.9742819376950198 16
-3.919683608838433 4.187528765303826 0.46347721615766213 2.8155788913629483 16
0.7963854188081047 -1.3938870976265925 -1.8922553925318946 -0.9478494934647298 16
-0.1661684855615838 3.18980275616871 2.89360934633165 0.9006396452080911 16
1.51388894133022 2.3661088665197996 3.955864703502128 -0.4914902788750065 16
-3.447562069050135 -3.1813503065793234 -3.192547779968697 1.332990452433647 16
-0.7650835335450867 -0.8654544933883097 0.31964815356712517 -1.1823421123992466 16
1.5722058161265653 -1.1296659151724104 -3.6156650521521265 4.444998625822144 16
4.21699926489552 -1.698276016947239 -2.0916271233576924 -1.4153020476594533 17
-4.125080471404186 1.9903866417257343 -3.490403474791352 4.398572932929398 17
2.9507542105331894 -1.0801430298229884 -2.5166282400836706 -4.284804324265218 17
2.4802746173324492 -4.208156839187561 -2.5773130032551665 -3.910199702370413 17
3.3387590214996465 2.6206678595341915 3.7362856947360465 -2.617503419372545 17
3.960772326697745 4.082022762786531 -4.454923224688293 3.2867817106105566 17
-3.0808451651697553 -2.843650460634494 -4.194218918935178 0.9379450009905692 17
-3.9182402949869575 4.148173640603729 3.4581131129411258 -1.6894928323930172 17
-1.6808463096461819 4.154961074248438 3.159036648515579 2.062598672418975 17
1.61750186813613 -1.747339813579901 -2.748848234829386 -1.138010976671329 17
-3.287410222481393 1.1344813306828452 0.24939555487968035 -1.1196937904059523 17
3.2349460624466295 -3.9418657121020297 1.0385615539926127 0.022996331448455254 17
-3.564723781689805 -2.791229915579322 3.8228927888383177 -0.29806034276653837 17
-3.6284024267824684 -4.120986936371887 -2.667268623656579 -2.5145112932970926 17
3.6279715256378484 1.2245992540110544 -2.683095016406266 3.9577483605109163 17
3.59869596748506 1.2081485117461201 -1.472524098239842 -2.572019059455325 17
-2.6889750399153183 3.4583875032843867 -0.9695527261191432 -1.319380808269136 17
-1.0564605291860945 -3.9602537381799605 -2.344602915945617 -2.525416440243358 17
-2.780701546343571 1.661456992236555 4.496700301681525 -1.6264738119747926 17
-2.99641670526504 1.6880629814678043 4.455244791924206 1.4966009550312034 17
-2.98408804003712 1.647439690260963 -1.8204217362319688 2.3985953362674532 18
2.071245569305377 3.9331582838388335 0.12791946224640005 4.358046699546317 18
1.701836378352614 -1.3114744100004705 1.2204263733195377 -3.1836584551513027 18
3.271132192894185 -0.893505353496917 1.4855798436718568 -3.814003268618922 18
-1.3771179223700099 2.067670793242777 -1.5861517187355654 1.7318121181094803 18
-3.2292189453240296 0.6655865991238842 2.9369260256326823 -4.495911127900174 18
-0.6801442919666993 -0.3937825180684036 2.102010401557721 1.274982129882217 18
1.4846091637315213 -3.3012783040694007 -2.875858492912252 4.046909428878501 18
0.37796458944308964 -1.3010587850585968 0.9105069792406411 0.09108181773301627 18
1.7782978296536518 0.31598985524244383 3.085887859401593 3.4129969670443816 18
-1.5295619693847498 -3.091496152699588 -2.8461563613212624 1.5542552933651037 18
-1.0495033506036355 -2.4777975193342727 -1.4431072631895634 0.5678900745002843 18
-0.5148728630366425 0.48565842458713704 0.0077283358572111105 -0.11875654904690736 18
2.007061541569911 -3.888081470594589 -2.614524419035238 -0.48749661020974977 18
3.332339001581083 -1.0249836465645177 -2.6559815372186333 -2.099545691339925 18
0.15327155926535474 4.04085862632655 -1.4077543493042657 3.478454715064514 18
2.103057749340023 0.7928674952363669 -1.4138261026452836 -1.1638961855497554 18
-1.8861169183631605 2.9532647497235995 -1.9838523912631096 -4.498171242871724 18
3.1675926683609763 -1.342683375412187 2.747922564949987 1.0917501854608966 18
1.2950481199462003 3.482331160422106 -3.763031070105799 0.7574905155452509 18
1.4428892954256165 -2.1427887779590855 -3.9696158967509563 -3.251202918191484 19
-3.363599942205955 1.7537656656848297 0.8777521701641233 2.6869693416986653 19
-1.8980187155017934 3.6905838652018126 -3.0714401932013367 2.4540776881062225 19
-2.5492859645170727 2.1869031310990583 4.162716006163001 0.028506430664504756 19
3.241859775369651 -0.5128575337585095 -1.0708668375521926 0.8187341278866654 19
-4.023754915061037 1.895984899550872 3.8874534691070655 -3.0383273581620793 19
-2.711989036017544 -3.2780414058466016 -3.248310175965037 2.197961696606648 19
0.25341129523397354 1.337737230490832 -3.5282175821475072 -0.6488238610222209 19
-1.550109201270224 0.9027580666033871 1.5447985180801216 -2.1448805474454 19
-3.365800360382207 0.4411937842652628 -3.7311268685302226 4.180600681900425 19
1.0629142328373076 2.681780094022304 0.8146670422315332 1.8303979897022478 19
2.88123427576539 -2.8938105087863253 -1.9840718244510138 2.0563729234864994 19
2.645877429436152 0.3518075736025337 2.7087152666476926 1.1107874910696842 19
-3.9076856921014036 -0.41702056208757565 -3.837240881245748 0.2895671702261793 19
-4.348976621385324 3.0186356593536563 2.0092158342340682 -1.9755231358695005 19
2.8204294734528483 -2.305031051531059 -3.5821713222302436 2.929034857885246 19
2.572774826658481 4.295124916776947 -0.9064457380526091 2.1512004572433026 19
0.20754563866423525 1.0606350432051035 2.7673557538790714 -4.10716845219632 19
0.04877493441286307 -0.6554525764770761 -1.7961042895283206 0.8077456883090767 19
-1.601205280934535 1.5953003609847876 3.717796583624919 -1.3186080490763596 19
-0.8351295072104273 -4.402342272827591 2.522022488784164 4.051380494089582 20
2.223966126437473 0.39109840400884 3.6140396712293015 -3.666442125251119 20
3.7302565633236107 2.4269968926061813 1.3151985610326986 -3.87959668368373 20
-3.610735050954736 -1.3092185054346464 -4.372637140557242 -4.168977800322708 20
2.256830118479395 -2.412091681227686 -0.8274912189675863 -3.3309953994801127 20
-1.0322361391319435 3.2029983855769952 -2.701031642432579 -3.5530627549738454 20
-0.951373403561805 -1.1109219404896677 2.9473338091160564 1.007074856222582 20
4.3922958113569255 -1.3592264909032936 3.4441177624780184 -1.7998970943069597 20
-1.5607570035823342 3.0886952630015845 -3.5421545724491272 0.9748818016829905 20
-2.737035389443325 -0.6799923199285856 -1.4380318934234273 3.1817491997771628 20
-3.299153562599612 -1.7499364658686378 3.7538352632065144 0.32138319013428285 20
-2.2539440757746676 0.5082558975001086 -2.846714493402082 -0.717243848682783 20
2.699668075931064 2.4379625747751805 3.433201216637973 1.7894602090839355 20
1.1775237879821563 0.10913639306295153 0.8916840446192797 2.6139708352801705 20
-1.0575034680589335 4.346770650999805 -4.264338923193842 -3.867512325080942 20
3.8929043311005795 1.4599500101655605 -0.5240512420120421 -2.049316931521787 20
0.4332127132763969 -1.7235174195147447 2.8120810909411795 4.053958047137611 20
2.2649688417123635 -0.556563171018343 1.5849682747013658 0.4461391252437147 20
-2.8058487012704534 3.089602599801183 -2.58796132627163 -3.924467710094813 20
1.2157746020832016 -1.9143491240938508 -2.698362561546106 1.346446688483387 20
-4.168448752085201 -3.516119212224745 1.5588276746926746 2.700472245925582 21
1.4619166532457093 -1.4334100610376481 -1.1738285188656241 0.3329682084275317 21
4.1565426539437595 -1.6761901980260634 -0.10421781953277653 -4.322835906331285 21
-1.6754841412842518 -1.1891261514476987 -2.4415065947616763 3.8640537679625426 21
0.9838835374297938 -1.7966210431881973 3.0662417813360845 2.6470003731166925 21
-2.068990425598373 -0.5809410988555065 -0.7690625903319832 -3.508591317741105 21
-1.1152031977996029 2.952883683242649 4.231401579926124 -4.175123316451153 21
-0.33209011094606966 1.300173995410467 -2.539864638641576 0.050064378493236195 21
1.4602082906005789 1.720598223861115 0.9039916016725126 1.7929708805355151 21
-3.4902767131376207 -3.555285100377021 -2.051600212063051 3.2358518869144106 21
1.5789657742238454 3.703778133996313 3.347775279098232 -2.653424500827159 21
-4.267678131477607 -3.825846283355292 -2.9913546872831533 1.877322011482482 21
2.47138199141899 -0.9012566856089804 -2.181708659303852 -0.11010508489444837 21
-2.293291905310861 0.22996056981941537 -3.7528856333208536 3.7885756152015144 21
3.009967053077048 2.344910602604057 -2.684189904154489 -4.362432823399395 21
-0.3175689517083796 2.4744585687808214 -1.0461149560168577 -2.4073129350487243 21
-3.3427201444287413 -2.409350595437377 1.1938399173262615 2.2416929002903716 21
4.138186551174021 -4.123849222735431 -2.5826464925493813 -3.8501436968186264 21
-2.805075278396752 -3.605295822668724 1.3626770107786328 2.33227620863556 21
-4.316893661172532 -1.156315904709063 -1.1100599258815087 -3.9153918234794074 21
-1.1421116486390475 -2.836998660124892 -1.1066958288315074 -0.6813051024496637 22
0.9176231537985217 -4.0756020850122905 -3.894226196156333 -3.546911332556525 22
-1.989879659125191 0.3855983639355063 4.483329683554598 2.1433640509058707 22
-3.7769542168726233 -0.5792793022529079 -0.9866452202107945 0.005822148582726894 22
-0.28515994147144164 -4.124769279904826 3.4746347853771935 -4.285703944207363 22
3.2281437893273512 0.32109957910643927 -4.198646012504518 2.055190859256045 22
-1.9112472356433934 -2.768662846526472 -2.6841279703871694 -3.6412220808064375 22
0.17349377515832642 1.8787766622512687 3.918104635533342 3.502068961263505 22
0.4702380485660407 -1.4315929376515342 -3.6286543657127783 -1.4583359413979 22
-3.7445667398055518 -2.0996070921468855 -0.19845896889203318 3.092193126953183 22
-0.422274204563426 -3.1772516953851895 2.995911132885363 -4.118996921754349 22
2.9490123442291587 -2.796672226436876 3.431047411838747 1.3711953226356455 22
0.8064267843441687 3.4045989154859284 -4.2153915176498 0.13828200062617635 22
2.6638179575703678 1.8877619158783818 1.1761622074499343 -1.837504702463597 22
3.3741950918947996 1.8288992094510308 -3.1487038773800844 2.519731258610549 22
-3.944743584540436 -0.47971481611580435 -1.1828576674406488 0.4948094971608409 22
-0.3534316620024539 -0.8733308538541523 -0.8934158585712437 2.455072279498764 22
-3.9738600477074635 1.3156660172899675 -4.010110998120991 -2.191442182558464 22
3.7060509930657353 -0.9889015933691693 -2.0272318385417103 -0.8993887254521076 22
-4.00213459565714 -0.5563755741964173 -3.543051701635065 2.5484690314540575 22
0.9417364754728333 -2.7386466812313897 -1.010512398203697 -2.9827529150778793 23
0.4349347444575764 -1.3093608673435058 -0.8664366827055736 1.2153472620936308 23
2.1815378149065507 -1.8587286661350673 -3.6858338115939975 -3.2662941390107494 23
-0.004400527675169408 2.7727904710591513 -4.106973704426966 0.12429067984923481 23
-2.227382431978794 4.0047327067101905 -1.5986271760139923 0.1374921137781 23
0.21590726381801262 -0.3883895249245075 2.4417740263274648 1.5365264479395733 23
0.5792010498945978 -0.475550547272784 -2.7485753158244184 4.409691949472336 23
1.324960538272062 1.6131579404930485 -1.6495144938911102 3.9560033036291973 23
-2.867958087565265 -3.839962954398961 -0.5600610605292294 1.1869463324284157 23
-3.941640316064167 -3.3876386096072038 -2.626112337714333 1.3412432627554216 23
1.8735056142160336 -2.8951527254577503 -2.3359812989007636 -0.3474486187742113 23
2.5194876470467666 4.101377220234512 -3.5663794812338097 -1.5325785441424797 23
-2.092029621777204 -1.5734171896571956 3.957141462604795 -2.609507614662206 23
2.2706072804769803 -3.7679902980123163 -1.376222432741833 2.32449373715212 23
-4.058135095959006 0.9938821375909895 3.09506225680564 -3.5337777234749943 23
2.83667355314172 1.4000207054780631 2.1796805362845797 -2.2876459365335484 23
2.557923580284208 -1.9989989402742432 -4.010815964983592 -0.15216075530441564 23
4.340108929939504 3.2459469406680883 -3.5634043796094974 3.7288396990107833 23
-4.4806337879150435 0.4437772855294503 0.13655673939798196 -1.5284065543140104 23
-3.0768081353477403 -3.8774884957634144 -3.025325321488582 1.428296668779531 23
-0.12124161832984803 4.102617805260865 -0.6451787552308993 0.0014851038066799882 24
-2.6400080104610355 -2.7926336098012006 2.20747616381718 -1.6766752187554697 24
-3.557889176067823 -1.9953452360175028 3.0147930918174564 0.6278582994276656 24
0.8654027039321981 -2.6467263358950595 0.25770172860483986 -2.7234649454847 24
0.49606083738624773 -3.883459270519377 -3.929416059088497 2.872695956152209 24
1.4492734052710852 4.387783424857371 0.8293884636518402 -0.2821284199619444 24
0.8208789498847093 -3.477046738733861 -3.717776634414431 -4.203907346611312 24
-0.6290337490392852 -3.0864618888651125 2.543815227486255 1.858184999502495 24
-1.6875906879616411 3.7563722513508653 0.7944167181332822 2.465620719080402 24
-2.560318862167555 -3.8099951738671187 -1.1920505255296066 -1.187797263364081 24
-3.2840787627539263 -2.699158116375039 4.089475796845891 0.5674698610573132 24
0.29897303187612734 -0.14874033055018143 2.327220905477369 1.3266861797532723 24
-1.8905838028046347 -2.569376368686261 0.9952489671582322 -2.765530039770444 24
1.1841608061499578 -1.5846724279536328 3.8768379308803316 -0.7746311397859874 24
-4.003843170069993 3.3429413879884597 1.2558552442486923 -2.9056656514556063 24
3.1168096635998204 2.546167691834399 3.7265119099192003 2.1396313325441456 24
-0.5881300169002602 -4.49528431590736 -3.5402833520782746 -3.6260189429674243 24
1.4784069247074716 4.429698256078813 1.4841598183339406 2.3090730635265606 24
2.3043357021922826 -1.8073221448038241 1.602734606853435 2.8364975315409904 24
-2.1445885689858617 4.220811165300955 1.5492168300528406 3.2678837300933528 24
